150
8 4 4 415 3
3 5 6 597 8
5 2 2 636 3
3 5 6 480 7
3 4 6 524 9
5 1 9 399 7
7 4 9 303 5
2 4 6 309 4
7 4 8 185 6
3 3 6 129 10
3 2 6 81 3
8 1 3 482 9
1 3 8 307 8
5 4 8 507 5
7 4 10 267 6
4 5 4 552 10
7 2 5 709 5
2 1 7 88 6
8 3 9 297 8
6 3 5 450 3
8 4 7 656 10
7 3 3 656 7
6 4 6 133 4
4 2 3 155 7
5 4 9 500 9
2 5 10 705 3
7 5 2 54 6
9 3 8 156 9
5 3 5 420 6
4 2 9 66 7
1 4 6 619 9
7 1 8 433 6
8 3 4 71 4
7 3 5 15 7
8 2 9 127 4
5 5 10 409 8
7 2 10 287 3
10 2 5 360 10
10 2 8 319 5
4 4 8 567 5
3 1 9 485 6
3 2 8 234 10
8 5 2 389 3
4 1 8 710 5
7 1 5 710 4
6 3 10 44 9
10 3 8 608 10
4 3 2 61 3
4 3 2 669 3
4 2 6 638 3
7 3 7 549 4
7 4 4 20 8
8 4 5 476 6
2 3 6 118 9
4 1 8 561 6
3 4 7 24 4
7 3 4 137 9
3 3 5 35 7
5 3 6 693 9
5 2 5 417 10
8 3 6 593 8
1 2 3 706 10
5 2 8 469 7
4 4 2 656 10
2 4 7 689 3
3 3 6 277 10
9 3 8 80 3
7 2 5 275 6
9 4 4 492 3
6 4 9 670 8
5 5 10 618 3
8 5 9 167 7
8 5 2 698 5
2 4 2 431 3
6 2 4 708 7
5 1 2 127 3
5 2 10 427 8
3 3 2 707 4
8 4 10 519 7
3 4 4 211 5
5 5 4 623 3
9 5 4 575 7
8 3 8 446 7
9 1 6 94 4
5 4 3 210 3
9 2 4 456 3
8 5 7 34 4
6 1 10 241 10
5 3 4 521 10
6 2 10 345 6
5 3 10 249 9
10 3 4 117 8
2 3 8 555 3
7 1 9 199 5
5 1 6 640 5
8 2 8 219 8
7 4 8 678 6
4 5 10 384 6
1 1 3 292 8
9 3 9 586 3
1 2 8 353 6
1 5 3 655 9
6 4 2 208 7
4 3 5 305 6
10 3 5 375 5
5 5 4 464 3
7 2 10 337 9
6 5 3 110 5
6 3 8 542 4
1 3 5 352 8
7 4 10 535 4
4 4 7 278 6
2 2 3 68 8
2 4 8 271 5
9 1 9 176 3
1 5 7 226 4
4 3 8 394 5
7 4 4 99 8
4 2 9 328 7
4 4 5 686 3
6 1 9 367 8
9 1 2 88 8
2 2 10 223 9
1 4 4 647 7
1 4 2 653 7
2 4 8 627 3
1 1 4 273 8
7 3 6 50 3
7 1 3 451 4
5 2 4 293 6
8 1 8 106 8
9 5 4 62 5
1 4 10 86 5
9 3 5 256 3
8 3 7 648 10
5 4 7 437 9
1 4 10 231 9
4 5 4 558 7
6 2 6 460 8
8 2 6 661 4
6 4 10 637 4
1 1 7 707 3
2 1 9 70 3
3 5 3 361 7
9 5 4 353 3
4 4 9 192 5
5 4 10 146 8
4 1 10 683 3
3 2 9 323 10
6 4 7 206 9