250
4 4 9 96 9
5 3 10 874 8
7 1 2 839 8
7 1 8 204 5
2 5 5 444 7
3 4 7 607 3
1 3 8 230 4
7 2 7 999 9
5 5 8 244 6
5 1 2 548 8
2 4 5 628 7
1 3 6 228 5
7 3 10 1009 4
9 1 7 657 6
7 1 7 387 8
4 2 6 319 10
10 5 4 723 8
10 4 3 1016 10
6 2 2 255 8
1 1 7 741 6
3 2 10 255 9
6 2 8 635 4
8 4 6 492 3
4 4 3 25 3
6 3 5 123 8
9 2 3 581 3
6 3 3 645 9
7 3 10 221 4
3 5 7 738 5
4 3 2 473 6
1 4 2 1094 9
7 1 6 613 10
1 1 8 554 7
9 2 8 213 9
5 3 10 474 3
5 3 4 556 6
1 1 10 698 5
10 4 6 525 6
1 5 6 571 5
3 1 9 293 9
7 1 4 550 8
4 4 6 900 3
4 4 4 333 9
3 5 5 169 8
8 3 4 442 10
8 1 2 839 7
3 4 6 993 7
7 2 6 909 10
9 3 10 119 9
9 2 8 48 3
4 5 7 537 3
1 4 3 515 10
9 4 10 817 6
3 3 10 250 10
7 4 10 1058 10
1 3 4 647 9
1 4 8 89 10
7 2 10 971 8
5 2 6 554 8
10 5 3 18 9
3 4 3 571 7
6 5 10 734 3
4 3 3 537 3
2 3 10 714 10
4 3 4 629 5
5 1 8 617 8
10 5 7 804 7
5 2 7 934 6
2 4 3 171 4
8 2 4 733 7
6 4 10 139 4
10 5 2 407 8
9 4 6 454 5
4 1 7 539 8
5 1 2 39 5
5 1 10 833 4
9 4 8 163 10
5 4 6 1088 6
6 3 3 680 10
1 4 2 551 9
3 1 3 486 9
2 5 4 78 8
2 3 8 174 3
3 2 7 942 5
3 3 9 554 4
9 4 9 512 3
2 2 10 853 8
8 3 6 918 8
6 5 10 929 4
8 1 3 904 4
5 3 9 32 7
7 5 5 66 6
2 1 6 838 4
8 4 7 41 6
10 2 7 1097 6
3 2 4 545 4
8 1 8 911 9
4 4 10 690 7
7 2 8 483 3
8 4 4 107 6
4 2 4 617 7
8 3 4 392 10
7 2 4 650 8
1 4 9 792 4
6 4 2 24 9
8 4 8 627 5
7 2 9 643 8
7 2 7 531 9
8 5 8 788 9
5 2 6 948 8
5 4 5 101 6
1 1 2 728 8
8 5 7 852 3
1 2 8 990 10
7 5 2 351 9
5 3 8 437 6
6 1 9 85 6
9 5 3 152 8
7 1 7 1071 8
9 2 10 777 3
3 5 2 437 6
6 3 4 551 5
5 3 5 879 10
2 2 3 642 4
9 1 9 569 4
8 3 2 548 8
1 5 8 670 9
6 2 8 696 7
1 2 8 990 7
9 2 5 603 7
6 2 9 181 8
10 2 7 666 8
7 2 3 417 4
6 1 3 444 9
4 5 7 940 10
2 3 2 145 7
10 3 7 597 10
1 4 2 849 7
6 2 2 444 10
10 4 7 294 4
1 3 4 349 7
9 5 2 129 4
5 1 8 225 3
3 1 8 682 6
1 4 4 606 10
5 4 7 489 3
6 3 3 902 8
8 5 7 1042 4
9 1 8 500 10
7 2 5 678 10
5 3 10 415 10
7 2 8 649 4
5 4 8 148 3
2 4 7 198 6
2 5 7 587 7
10 4 9 985 6
1 2 3 290 4
3 4 10 399 7
6 1 7 22 7
8 5 10 763 10
4 2 7 945 6
1 3 7 972 7
8 4 3 236 8
10 3 5 1102 7
9 2 3 742 10
5 3 3 256 8
2 1 8 729 6
6 3 2 86 5
8 5 9 466 6
6 2 5 766 8
8 2 7 59 3
9 4 2 364 9
8 3 10 346 3
5 2 3 486 6
3 4 4 930 7
2 5 4 400 7
4 3 9 577 4
4 2 4 141 9
2 4 10 283 7
4 3 9 1083 8
5 2 3 123 8
1 3 4 549 3
10 5 5 277 4
10 5 2 546 3
2 3 10 838 9
1 5 4 236 8
3 1 5 484 7
2 4 2 1033 4
7 4 8 896 3
8 2 7 866 7
7 3 3 609 3
4 2 9 261 9
5 5 3 476 6
2 2 7 231 6
1 4 3 714 7
5 4 7 859 5
2 3 9 842 7
2 3 4 1077 9
2 5 6 166 4
7 3 5 1035 9
9 5 10 962 6
4 3 9 1026 3
3 3 8 560 6
3 4 5 335 4
8 2 9 750 8
6 4 2 141 4
4 1 8 1032 7
5 3 6 299 7
4 2 7 228 6
9 1 5 517 6
2 4 7 431 7
6 1 3 603 10
9 4 8 428 9
2 5 6 673 3
2 2 10 1030 8
1 1 3 904 8
9 5 3 1078 9
1 4 7 583 3
2 5 7 1020 7
8 4 2 989 3
8 1 7 305 7
9 3 6 382 3
7 3 10 374 7
4 1 4 989 10
1 5 9 1047 10
7 2 3 295 8
10 4 8 317 10
9 3 2 52 10
2 5 4 97 7
6 2 7 674 4
9 2 9 827 4
3 1 2 1029 6
1 3 2 669 9
7 5 8 195 9
4 3 7 185 10
6 4 2 876 4
6 4 8 1066 9
1 1 6 211 4
5 1 5 445 7
3 2 6 347 3
4 3 4 79 10
7 3 10 359 8
8 4 9 709 4
5 5 2 716 3
9 4 9 331 8
8 4 6 887 6
8 5 8 77 8
3 2 4 485 10
8 1 7 267 8
5 2 6 172 6