300
9 1 6 167 4
1 3 4 393 9
8 1 2 764 3
3 1 7 1144 10
7 1 5 331 6
10 1 6 864 4
4 4 9 891 5
9 3 2 268 8
10 1 9 1194 6
7 3 8 1005 10
8 3 3 763 9
2 2 8 207 5
3 1 7 205 3
9 1 5 1253 10
7 4 8 264 9
6 4 9 1172 9
4 5 8 683 8
10 3 9 776 4
1 4 8 823 8
7 3 7 1151 4
2 1 7 653 4
9 5 3 388 10
5 4 6 212 9
6 2 8 399 10
6 3 9 249 10
4 4 10 661 7
7 4 5 789 3
4 4 2 212 5
9 5 3 395 10
5 3 3 716 8
8 2 6 934 9
2 5 8 450 6
5 4 4 1085 5
2 5 8 65 8
7 2 5 465 6
4 4 5 928 7
5 2 3 511 7
1 2 4 143 7
2 2 6 161 8
6 4 9 368 3
2 3 3 1083 6
7 2 7 1128 5
8 3 5 475 7
9 2 8 1023 9
6 5 10 241 4
10 3 2 435 6
10 1 10 496 5
6 3 5 561 9
9 2 7 42 3
1 3 4 468 4
4 1 3 536 10
7 2 7 667 10
6 3 5 632 10
5 4 5 1181 3
6 5 10 223 3
4 5 8 844 3
3 4 7 876 3
8 5 10 180 7
1 2 6 360 7
6 3 10 28 5
4 5 2 717 9
4 3 8 1104 7
8 2 6 481 3
8 1 5 1299 5
3 4 5 1118 3
9 4 10 710 7
8 3 7 997 6
7 3 9 979 4
7 5 6 204 5
1 5 4 1050 3
1 4 8 328 8
3 3 3 377 4
6 1 10 628 7
3 1 3 381 7
8 2 3 146 4
6 4 7 503 8
8 1 5 569 9
8 4 10 1295 8
7 1 4 511 4
3 4 4 955 8
7 3 9 837 9
10 1 7 90 6
9 5 8 1095 8
9 2 4 145 8
8 5 10 1272 10
8 5 10 281 7
4 2 3 953 4
1 3 6 294 4
7 1 10 1314 8
5 3 5 461 3
7 2 10 1236 5
8 4 10 320 4
2 4 7 68 3
3 1 5 1122 9
3 2 4 1235 10
2 3 6 286 9
8 3 6 62 9
2 4 10 96 6
9 5 3 550 9
5 3 3 872 6
2 2 7 1273 7
10 2 6 1248 7
7 2 10 697 4
5 1 9 73 10
3 3 7 577 4
7 2 4 1163 6
4 2 10 255 3
5 3 10 919 7
8 5 8 416 5
7 4 7 458 6
2 4 10 1186 9
1 1 6 962 9
6 2 3 731 8
9 5 6 594 10
7 3 7 1321 10
10 3 10 308 5
4 1 2 320 9
1 2 10 867 10
7 4 2 323 9
4 2 3 1185 3
9 2 8 676 5
6 2 9 794 3
5 2 3 1321 9
7 4 6 557 4
10 3 8 353 3
9 4 2 185 5
9 2 2 19 4
2 1 6 639 5
10 4 4 1136 8
10 4 2 34 4
4 1 5 1281 6
2 4 9 654 6
10 3 3 1011 5
9 2 7 759 6
10 2 4 509 5
6 2 9 1306 10
1 3 10 621 8
10 4 6 52 9
2 3 7 1281 8
2 2 4 1279 7
10 1 5 430 5
4 5 2 777 7
10 2 7 1065 8
4 1 10 325 7
3 5 4 600 8
8 1 8 646 6
5 5 4 1069 7
6 1 6 1160 5
5 3 4 712 8
10 4 2 1259 10
6 4 4 469 3
4 2 7 989 4
4 1 6 400 3
8 2 4 155 10
8 5 2 715 6
8 4 10 1341 7
2 4 6 470 7
10 4 10 1216 5
9 5 6 751 4
9 2 3 107 5
5 2 9 1157 3
5 2 3 1197 9
3 3 6 714 5
4 3 2 424 5
5 2 5 474 3
3 2 3 470 10
6 3 5 146 6
1 3 3 1202 5
1 2 7 68 3
7 3 4 810 8
6 4 2 402 8
3 1 9 1014 7
7 1 7 1220 3
10 3 8 120 4
1 5 2 674 4
8 5 2 651 8
3 4 10 384 4
3 1 8 378 6
6 2 5 1072 10
4 1 3 649 3
9 4 9 619 4
7 1 5 598 7
8 2 10 1036 9
4 4 3 713 10
2 5 9 1056 6
5 5 7 801 4
1 1 7 359 3
6 2 4 1099 7
10 3 2 828 9
3 4 3 34 8
2 2 3 562 4
3 1 5 584 3
2 5 6 1197 6
6 5 5 152 8
9 5 9 133 5
7 2 5 1285 9
2 3 4 789 6
7 1 9 140 3
10 4 2 723 9
5 3 7 806 4
7 2 8 1143 5
4 1 2 472 9
1 3 5 1184 10
4 3 4 295 9
9 1 3 55 10
6 1 3 470 7
4 3 2 1180 8
7 2 9 585 10
6 1 2 653 10
7 2 3 607 7
2 2 9 870 7
10 5 8 904 9
3 5 6 285 9
9 5 4 1281 10
2 2 4 787 7
10 3 3 783 7
6 1 10 911 8
9 5 2 925 6
1 2 5 60 4
4 4 10 884 3
8 5 6 82 4
6 4 7 440 7
7 4 4 445 10
6 4 2 472 3
5 3 9 1077 7
4 3 8 1240 6
8 4 3 605 5
4 2 9 1177 10
8 5 2 967 9
3 1 7 595 7
2 3 7 109 6
6 5 6 1102 9
2 4 2 1070 10
8 2 2 1079 6
4 3 8 533 7
10 1 3 100 4
5 5 3 103 5
10 2 10 1116 7
4 1 3 433 3
4 5 9 1205 4
2 5 3 955 4
8 5 4 423 5
6 5 3 687 4
6 1 6 405 7
3 4 6 565 5
2 1 10 1082 3
6 1 2 285 3
8 2 5 574 10
5 4 7 161 7
7 5 5 1227 6
9 5 9 857 5
7 1 7 1329 10
9 5 4 1050 10
10 4 7 945 4
3 3 3 1215 6
1 4 9 526 5
4 1 3 1283 9
4 4 10 640 7
2 5 4 543 6
5 4 4 1324 5
5 1 8 565 5
8 3 7 361 5
5 2 2 151 3
6 5 6 986 3
6 2 7 486 7
4 3 9 16 3
8 2 7 230 9
9 3 9 196 4
10 4 3 730 6
7 3 3 970 10
3 5 4 676 5
5 1 2 617 10
8 4 7 964 4
1 5 5 475 4
6 5 10 342 3
3 4 4 871 6
2 1 9 425 8
8 3 9 820 6
3 1 7 954 8
1 1 10 528 10
4 1 2 1123 3
10 4 6 741 9
2 2 7 688 9
7 5 4 542 3
5 3 3 790 7
5 1 10 1042 10
2 1 2 1097 9
3 1 5 485 3
9 4 6 954 3
3 2 2 142 10
9 5 7 522 7
6 1 3 651 9
1 5 7 1026 9
2 1 4 710 4
3 2 3 712 4
5 4 6 538 5
5 5 8 1126 9
10 4 5 294 10
9 3 6 376 5
1 5 4 1253 9