350
7 3 3 1480 4
4 3 3 875 5
2 2 9 625 10
6 3 5 343 10
6 3 5 1153 6
5 1 2 1167 8
4 2 7 295 4
5 5 6 1405 4
8 2 4 528 8
2 3 3 1379 7
4 1 3 210 3
7 5 8 1336 7
8 4 8 1571 5
7 2 7 216 7
9 2 3 1511 4
6 5 9 549 4
9 5 7 778 6
1 2 5 1262 5
3 5 10 451 8
10 5 5 264 8
1 2 5 526 4
3 1 4 735 10
4 5 2 1561 9
10 5 4 923 8
9 1 9 634 8
10 5 2 827 5
6 3 5 530 6
9 2 3 1393 5
10 3 5 904 10
2 2 5 510 8
8 2 3 1017 6
3 3 4 952 3
9 5 6 766 10
7 2 9 1201 9
8 5 9 1305 8
8 4 5 394 4
7 4 9 1389 3
8 4 4 417 10
1 2 3 1162 5
8 5 9 360 9
9 4 4 621 10
4 5 5 583 4
6 2 9 1321 3
10 1 7 230 6
1 1 3 839 10
9 5 10 869 8
8 3 7 1539 3
10 5 4 175 5
2 1 8 888 4
4 3 2 844 5
1 4 3 520 7
4 5 9 737 8
2 1 8 507 9
6 2 4 12 3
2 1 5 641 9
8 2 3 52 6
6 1 10 855 6
1 4 7 1264 10
6 1 7 645 7
6 5 5 236 10
9 2 3 339 4
8 1 2 511 5
5 1 5 459 10
8 2 6 791 7
4 3 7 1550 3
1 2 10 691 5
10 5 2 1136 6
7 2 4 643 8
7 1 6 945 4
7 3 10 1470 4
4 5 6 34 9
7 3 9 1479 3
3 5 7 300 4
2 4 3 1164 7
5 3 9 1585 7
5 3 4 40 8
3 2 10 1364 9
6 5 10 130 10
5 5 5 941 9
4 4 4 435 8
3 5 9 1412 4
5 2 8 832 5
1 2 3 18 5
4 5 7 746 10
6 3 6 525 9
9 1 7 61 8
7 1 9 971 6
1 5 10 1129 5
4 3 9 1085 6
1 5 7 1088 9
6 3 6 1262 7
5 2 6 64 6
7 4 2 116 3
9 2 4 740 7
2 4 6 692 7
7 5 7 292 8
6 5 9 1560 7
6 4 10 1247 3
2 1 8 635 4
6 1 6 579 9
5 3 8 366 6
2 5 7 1381 5
4 1 8 891 7
8 1 4 21 3
5 1 7 108 9
5 4 9 443 7
10 1 4 880 6
10 3 6 1314 6
5 1 4 487 6
5 3 9 652 9
9 3 3 751 8
3 4 6 894 4
10 4 2 1111 5
8 1 10 1237 3
9 5 9 193 5
2 1 7 1561 9
9 2 4 845 10
5 1 10 242 7
7 5 3 348 4
10 1 6 1546 7
3 1 5 903 10
4 1 2 1228 4
6 2 7 1283 4
5 5 3 1114 4
2 5 10 556 8
1 3 10 323 4
9 5 9 206 8
9 1 4 527 3
4 4 3 1517 7
3 2 3 62 7
10 1 3 164 3
8 3 4 1516 6
6 2 4 54 10
1 3 8 1338 9
7 1 4 160 7
7 2 7 840 9
1 5 9 756 4
10 3 4 1185 8
7 4 5 731 4
3 2 9 919 3
7 3 4 1433 4
3 3 6 834 8
5 4 9 523 10
2 5 5 1014 7
4 1 3 1477 7
4 2 5 499 6
4 5 10 848 5
10 1 10 1450 10
6 5 3 500 5
1 4 4 180 10
2 3 8 875 3
8 5 3 75 6
6 2 10 820 7
5 5 4 222 7
1 3 6 1259 3
7 2 3 1166 7
1 1 3 522 4
4 1 7 368 6
10 3 6 1145 6
5 1 4 840 3
8 5 6 1498 8
1 2 4 896 7
10 4 6 1293 7
6 4 7 1005 6
6 1 8 952 7
3 3 5 1028 8
7 2 8 785 4
2 1 10 335 3
7 1 7 539 8
3 2 2 1027 5
5 3 10 712 8
1 4 8 510 6
8 2 2 1500 4
7 5 7 661 10
8 1 7 1231 7
6 1 4 418 5
1 1 6 690 4
8 5 6 158 3
5 5 3 435 5
4 5 6 1273 6
8 4 4 667 7
6 2 4 84 10
9 1 6 329 3
4 3 8 1062 5
2 4 4 888 4
10 3 8 1349 3
8 2 6 506 9
6 2 3 622 9
4 2 10 1399 5
5 1 8 1026 6
9 5 9 1079 8
4 4 10 409 10
9 5 3 1578 8
10 2 5 1057 4
8 3 7 1489 10
9 5 4 105 9
1 5 4 499 3
10 1 2 421 5
8 2 7 1429 6
9 4 6 565 5
4 1 2 496 3
1 2 6 524 8
10 1 10 1100 3
2 5 6 1460 5
1 4 5 113 5
9 4 2 515 9
4 3 9 181 6
10 2 5 599 7
7 4 7 478 5
10 5 7 983 5
6 4 4 1066 3
7 1 9 1507 8
10 2 9 29 5
1 3 9 688 8
10 4 6 797 3
5 2 8 640 6
1 1 7 1212 8
2 5 4 692 3
10 5 7 1036 4
10 5 4 1123 4
3 4 10 458 9
1 5 9 113 3
3 4 5 411 8
9 5 8 704 3
6 1 3 1228 3
6 1 5 331 3
1 4 6 131 3
9 1 9 487 9
3 2 9 1213 3
8 3 6 680 3
6 5 6 49 3
7 3 8 149 9
7 3 7 387 4
9 2 6 887 9
1 5 3 1022 5
6 3 8 470 6
7 4 4 1326 4
2 4 7 119 9
8 5 9 964 3
4 4 7 1165 5
8 4 3 136 6
4 3 3 840 3
6 2 6 88 7
8 4 6 915 3
3 4 5 812 4
2 3 9 38 4
10 1 6 1254 4
1 3 2 787 10
9 2 4 1105 9
3 5 2 1526 8
1 4 3 729 7
4 2 8 1030 3
5 2 10 673 8
4 1 3 839 3
9 3 5 1160 4
6 1 9 1268 9
2 5 6 492 9
2 2 2 1024 8
4 2 5 332 9
3 4 2 666 10
3 2 7 1256 9
10 1 10 576 8
1 5 2 1257 6
6 4 7 69 5
3 3 8 1209 9
8 1 6 1417 8
6 3 8 997 5
3 2 9 1149 10
6 5 3 304 5
5 3 8 990 9
3 2 10 899 7
2 4 8 810 3
8 5 4 1012 4
9 3 5 1457 5
10 4 5 1526 7
9 4 2 1422 3
7 1 8 212 5
1 4 4 1166 9
3 5 10 1359 9
6 2 9 1371 5
4 1 8 1259 4
7 1 7 1531 9
5 3 8 1377 8
4 3 9 18 7
5 1 4 510 8
3 3 5 767 7
7 5 4 498 4
8 3 2 1165 9
10 4 5 806 3
6 3 6 1041 4
7 5 7 592 9
4 5 10 1050 10
4 1 9 1205 7
5 1 5 998 6
9 5 5 283 7
5 2 4 984 5
3 1 6 1359 3
1 2 7 164 9
6 3 5 463 8
1 5 9 1278 7
8 3 7 1193 3
5 1 3 534 6
8 5 9 254 3
7 5 4 1439 6
8 1 6 141 7
7 5 7 319 10
6 4 6 1023 3
8 4 10 1178 10
9 4 6 97 8
1 3 9 533 6
6 1 5 841 7
4 3 5 42 4
1 3 8 218 10
8 2 8 402 5
1 1 3 914 7
4 2 2 433 6
8 4 7 377 10
6 1 7 907 6
4 2 10 716 10
3 3 4 417 6
3 4 6 380 3
4 5 3 947 3
7 4 3 603 7
10 4 9 1225 3
4 4 4 1351 7
4 3 3 1439 4
3 3 5 1089 5
2 2 4 60 6
10 3 4 82 8
10 3 6 725 6
1 5 4 1507 10
4 4 2 487 5
9 4 10 936 8
5 2 4 1481 8
7 1 4 489 4
2 4 6 535 3
3 2 3 710 4
10 2 3 685 7
1 2 6 401 4
4 1 5 164 10
5 4 8 274 8
10 1 5 310 8
5 1 6 62 7
8 5 8 614 10
9 4 8 432 10
2 1 9 166 8
5 5 4 1169 8
3 5 5 267 4
6 3 2 22 7
4 3 6 872 5