450
9 4 9 1276 7 
6 6 5 764 3 
6 9 3 2083 1 
4 6 2 1506 3 
4 3 2 1981 9 
7 4 6 856 1 
7 4 9 1848 6 
8 2 5 1505 3 
3 8 8 602 7 
1 4 2 118 7 
1 2 5 1893 4 
3 7 2 946 7 
5 7 1 1756 7 
7 7 2 1880 4 
3 5 6 1747 1 
5 9 4 1807 5 
5 5 1 2144 7 
2 4 2 895 2 
5 2 7 402 6 
1 7 8 2154 8 
9 7 3 1121 3 
4 6 8 1388 3 
2 3 9 534 3 
5 2 3 28 3 
3 6 3 1443 5 
9 8 6 1355 3 
6 8 4 735 6 
1 9 1 1491 4 
9 8 4 1706 8 
8 1 2 1092 7 
2 3 8 142 8 
6 4 9 167 3 
5 7 1 1726 7 
7 5 1 220 4 
6 9 1 1360 3 
1 8 9 168 2 
5 9 8 457 3 
9 8 1 1346 8 
1 6 5 1124 8 
5 4 6 979 8 
1 4 6 1867 2 
9 6 8 552 9 
7 4 5 870 2 
2 4 4 1858 1 
6 3 8 1461 9 
7 6 1 1650 2 
1 3 3 1063 8 
3 8 6 1058 1 
3 5 4 1753 5 
1 2 9 1358 8 
9 7 1 103 9 
8 8 9 1954 4 
9 1 8 1557 2 
9 3 7 1944 1 
3 8 2 1896 2 
3 3 6 896 2 
7 3 7 932 7 
7 4 9 1578 9 
1 1 9 1063 5 
4 5 8 1085 4 
2 3 8 288 3 
7 6 6 2010 3 
2 5 4 548 8 
5 2 2 1974 3 
5 1 9 1319 5 
1 5 8 702 8 
2 3 7 1192 9 
3 1 8 1459 5 
5 4 9 691 8 
7 1 5 958 6 
7 4 8 2076 7 
8 2 2 1048 4 
8 5 4 206 8 
2 5 1 1582 3 
8 9 6 404 4 
3 7 1 374 2 
6 8 1 520 5 
1 9 4 1768 2 
2 1 7 367 3 
1 1 9 2113 9 
9 3 5 669 1 
7 3 5 1038 1 
3 6 1 1719 9 
5 2 7 1793 6 
9 4 5 1715 3 
2 1 7 1176 2 
3 6 1 1516 6 
7 3 2 1187 9 
2 2 2 1573 1 
4 5 3 1869 7 
1 2 4 627 9 
7 9 3 347 7 
1 4 7 2055 8 
5 9 7 1095 6 
2 7 8 1614 4 
2 7 8 1213 7 
7 6 5 2022 8 
7 1 2 1389 6 
3 8 8 1686 6 
1 8 1 947 7 
2 7 5 818 6 
4 3 2 1627 3 
2 6 3 1608 4 
8 9 6 420 1 
6 8 9 387 9 
6 9 6 174 1 
2 8 8 396 8 
6 2 5 1571 4 
7 3 6 887 7 
5 2 3 293 1 
2 2 7 227 2 
2 6 1 1466 9 
7 5 4 621 3 
6 1 2 1456 7 
2 1 8 414 4 
4 4 3 2155 4 
6 3 6 1010 2 
2 4 2 2140 6 
6 3 6 773 5 
3 5 2 1875 9 
9 9 3 1136 7 
2 5 8 1998 6 
8 3 2 1605 8 
9 9 8 1448 6 
8 1 1 295 9 
6 3 8 1514 8 
4 3 2 1724 9 
4 2 3 807 2 
7 4 6 1903 4 
1 7 9 1060 3 
2 3 9 272 7 
4 8 3 1000 4 
6 6 9 1431 9 
9 6 2 724 3 
4 7 9 2164 5 
1 7 7 1950 9 
9 1 3 975 7 
9 7 8 1687 1 
5 1 6 1278 1 
2 4 9 866 7 
9 7 9 1879 8 
9 5 3 73 2 
8 1 4 496 4 
7 5 7 852 1 
7 8 3 1859 3 
3 6 3 1090 5 
3 7 8 1102 3 
7 9 5 1379 6 
8 7 8 773 1 
2 5 3 281 5 
9 6 9 310 3 
6 7 1 1899 4 
2 6 9 94 4 
2 7 5 1524 4 
6 7 8 47 4 
2 4 9 681 4 
8 3 6 397 2 
3 5 5 1767 5 
4 2 4 1190 9 
3 8 5 623 6 
4 4 3 132 1 
8 2 7 1280 7 
9 7 1 1148 2 
2 1 2 1390 8 
1 6 3 726 5 
8 6 8 2163 1 
7 1 7 716 9 
4 7 6 1384 6 
2 5 1 888 9 
6 8 6 1176 9 
6 8 3 114 8 
4 8 4 135 4 
7 7 3 305 3 
3 3 7 1318 1 
5 9 6 518 9 
1 4 7 718 4 
4 2 7 1554 2 
3 5 7 281 1 
1 5 6 1336 7 
9 3 8 1966 8 
5 5 7 1043 2 
4 7 2 1968 3 
2 2 9 2112 3 
2 1 9 213 4 
2 7 7 1378 1 
1 5 6 236 5 
6 8 3 1592 6 
4 5 7 1993 5 
3 4 5 1278 5 
5 6 7 1792 8 
3 3 8 159 9 
4 1 5 1342 2 
5 9 4 263 2 
6 6 6 1317 8 
1 8 3 1629 5 
9 8 3 1779 1 
8 1 6 80 2 
1 7 5 1441 7 
8 6 5 957 3 
6 9 4 562 4 
7 6 3 206 7 
8 5 6 2048 7 
8 3 2 1927 5 
4 2 2 1543 7 
7 7 1 603 4 
1 3 2 1730 3 
3 1 7 118 5 
7 2 2 1286 3 
4 2 1 1497 1 
1 8 5 516 3 
1 4 5 316 7 
3 2 4 2081 2 
8 3 5 114 5 
6 1 7 385 9 
5 6 8 1753 7 
8 6 2 1754 7 
1 8 2 277 8 
4 3 3 1954 2 
4 1 1 1124 8 
5 7 8 828 1 
4 2 2 1596 6 
4 5 8 2116 3 
9 3 2 156 8 
1 5 5 1626 3 
1 1 9 390 5 
6 1 4 1749 2 
8 5 4 239 1 
1 6 9 1298 7 
3 6 2 1691 4 
3 4 3 701 3 
9 5 1 1451 9 
6 6 4 380 3 
9 8 9 1926 1 
4 5 4 2000 9 
3 2 9 688 6 
3 3 7 647 5 
6 8 7 577 9 
7 8 4 2111 6 
3 8 6 1592 8 
7 7 2 1712 9 
6 2 9 450 1 
4 3 2 1094 8 
4 5 1 1734 7 
2 9 5 573 8 
2 6 5 854 7 
5 4 4 1454 6 
9 7 7 1686 9 
1 5 2 1188 9 
9 4 4 1863 5 
6 7 2 544 7 
5 6 1 1953 1 
4 1 8 1895 2 
1 5 4 1589 8 
2 4 6 435 1 
6 6 7 315 8 
9 6 3 276 3 
7 3 1 2159 7 
4 5 4 751 4 
5 2 2 1762 7 
4 1 3 643 4 
9 8 3 1170 7 
4 2 6 1984 4 
6 6 6 1273 5 
5 4 7 1114 3 
1 8 1 648 5 
1 1 7 381 7 
7 9 9 1951 4 
8 5 9 1476 1 
6 8 2 618 1 
6 1 8 2053 7 
6 4 1 604 7 
4 6 4 584 1 
4 6 9 890 4 
3 5 6 1437 6 
1 1 7 1022 4 
7 8 1 982 1 
6 3 1 239 3 
7 2 5 1442 7 
1 6 1 1269 4 
9 8 8 1528 7 
2 7 6 539 3 
8 5 3 1985 3 
2 6 6 1893 2 
8 2 9 103 2 
6 4 6 118 6 
9 9 1 355 9 
5 3 3 118 6 
9 4 7 1592 2 
7 5 9 476 6 
2 8 6 659 7 
4 1 9 1495 1 
9 6 5 917 9 
4 4 9 1697 7 
2 5 9 982 8 
7 3 2 1684 5 
1 1 4 57 1 
6 4 3 60 8 
6 2 6 703 3 
7 2 6 701 9 
2 2 6 506 7 
1 6 4 809 3 
1 8 7 1742 4 
8 9 5 430 7 
9 2 4 417 7 
2 8 7 517 7 
3 6 5 2080 4 
3 1 1 2143 9 
7 7 3 972 8 
1 4 9 1390 7 
3 8 4 279 1 
2 5 4 1932 5 
7 6 2 1729 1 
7 2 9 63 5 
7 5 1 873 7 
7 9 3 336 6 
3 6 8 1764 4 
9 9 2 1776 6 
9 5 1 480 5 
1 7 1 75 4 
1 8 9 1062 3 
6 4 1 1981 4 
8 3 5 2089 4 
8 2 6 1949 7 
5 9 1 1993 9 
3 8 1 1829 9 
6 2 5 703 4 
1 6 6 446 8 
1 3 6 1046 7 
3 4 3 1958 9 
4 7 9 537 7 
2 6 2 1971 5 
4 4 9 110 3 
8 8 1 619 6 
1 5 2 215 6 
6 7 5 231 5 
3 4 6 1172 3 
5 2 4 355 1 
9 8 8 66 2 
4 8 4 75 9 
4 8 8 709 1 
6 1 9 1284 4 
2 1 4 1356 5 
5 7 4 1449 8 
8 4 5 1051 7 
2 7 5 1384 1 
8 7 1 2020 7 
8 2 3 1339 9 
6 5 1 2002 7 
4 5 1 1748 4 
7 7 6 621 1 
7 4 4 83 7 
4 9 1 311 3 
8 5 7 1046 2 
8 8 3 598 4 
6 2 3 112 9 
6 6 5 1976 7 
1 4 3 989 1 
8 5 2 1842 1 
2 1 9 858 4 
9 7 8 743 2 
8 9 6 1526 8 
3 5 5 1915 3 
3 1 9 748 7 
7 1 1 211 6 
7 3 4 680 3 
7 3 4 1520 9 
6 8 6 1001 5 
2 2 9 2077 1 
7 2 5 589 4 
3 5 6 2071 1 
5 1 6 116 1 
1 8 5 1773 1 
7 2 9 1984 8 
9 7 7 1808 1 
4 4 6 2118 5 
8 6 1 1391 1 
2 4 8 1311 8 
1 5 8 847 8 
7 5 3 1979 3 
3 3 1 356 7 
1 5 5 325 5 
5 8 5 896 2 
2 9 6 1778 1 
7 8 4 1453 6 
3 4 2 229 3 
6 5 9 691 1 
9 5 7 1292 9 
4 3 9 2087 9 
1 6 4 1127 9 
1 4 8 2013 6 
1 8 8 1334 5 
6 2 1 1996 2 
1 3 9 2090 4 
7 7 9 1699 3 
8 5 6 1257 1 
8 8 6 1831 3 
4 7 1 810 5 
1 3 6 343 5 
2 5 3 834 4 
9 6 6 440 6 
4 8 9 787 1 
3 3 7 1153 9 
5 4 7 1792 5 
9 3 5 418 2 
5 2 2 41 6 
8 6 4 919 8 
5 8 7 366 2 
3 7 2 1149 7 
9 1 5 1242 5 
2 3 8 689 8 
6 4 6 1035 7 
6 7 8 379 3 
2 8 5 336 4 
3 4 2 467 1 
8 1 5 892 3 
3 2 2 668 3 
5 7 1 710 4 
2 9 3 784 7 
1 4 1 76 2 
2 3 5 2104 4 
2 3 8 1802 3 
6 1 9 1766 3 
4 4 1 1791 8 
8 9 3 1665 8 
3 5 8 830 6 
8 1 8 95 2 
8 8 2 1317 6 
9 9 9 2181 2 
1 4 5 48 8 
5 9 7 1222 9 
4 5 6 441 4 
6 2 9 389 9 
8 5 4 963 7 
3 3 4 1131 2 
4 3 2 1571 4 
1 7 9 778 3 
3 3 5 1296 2 
9 4 8 1826 9 
5 7 8 1825 7 
6 3 4 740 5 
8 7 6 1940 1 
4 5 3 978 4 
9 4 9 1262 3 
4 6 5 353 9 
4 7 5 2096 5 
4 7 1 1525 2 
4 9 7 1779 8 
6 1 9 957 5 
1 8 4 1467 7 
9 3 4 744 2 
