50
7 5 7 99 9 
5 8 2 217 2 
3 3 3 76 7 
6 3 4 98 1 
2 1 9 157 4 
1 1 3 26 3 
4 1 5 74 5 
4 4 8 17 9 
3 5 8 278 6 
4 4 3 48 3 
6 9 7 233 8 
1 4 9 137 3 
3 1 7 46 8 
9 7 2 36 3 
8 5 5 190 3 
6 6 2 56 6 
4 4 8 72 8 
2 4 8 90 4 
8 1 4 200 3 
1 7 4 248 1 
3 2 1 251 8 
6 8 3 58 4 
2 9 2 120 5 
9 6 3 224 1 
8 2 1 88 5 
9 5 3 41 3 
7 2 9 261 4 
4 4 9 24 8 
2 6 8 189 5 
6 3 8 214 1 
6 1 7 167 3 
3 9 8 33 9 
9 8 4 196 2 
2 7 2 112 5 
6 3 1 127 8 
6 7 4 42 4 
7 3 8 223 9 
8 9 1 59 8 
7 9 2 39 4 
8 4 9 242 9 
7 5 2 135 1 
3 2 7 83 1 
9 4 5 249 3 
5 7 4 209 5 
2 8 1 243 1 
7 8 3 48 2 
9 5 4 177 5 
4 9 3 116 6 
8 9 2 96 4 
9 9 4 255 7 
