400
5 4 4 427 2 
2 4 4 1094 4 
5 6 4 403 2 
8 9 3 1564 8 
4 3 2 539 3 
5 4 9 1860 5 
4 8 3 903 8 
9 2 8 1186 8 
9 5 4 1672 7 
3 5 9 378 2 
2 8 2 1333 9 
2 9 1 1612 1 
7 9 9 286 7 
8 7 3 339 5 
6 6 9 1249 4 
3 5 2 955 5 
8 2 9 1491 3 
5 5 1 1508 3 
1 6 9 939 3 
5 6 7 1023 8 
5 5 2 644 6 
1 5 8 216 2 
1 7 9 1222 3 
1 5 6 1544 1 
4 1 1 182 3 
3 4 3 547 8 
4 6 5 394 2 
9 3 7 249 5 
6 5 4 804 3 
9 1 7 477 2 
8 9 2 1849 3 
2 5 8 189 2 
4 5 4 940 7 
1 6 1 1585 4 
5 2 1 604 2 
9 4 1 1062 5 
5 6 5 359 5 
2 8 3 1112 8 
4 2 1 786 7 
6 8 4 158 8 
2 9 4 936 9 
1 5 1 1318 1 
8 3 7 1396 9 
7 9 2 1453 1 
5 9 3 1794 8 
7 4 8 1483 4 
1 5 8 1402 5 
4 6 8 209 5 
8 4 4 1431 5 
1 2 1 924 1 
8 1 4 1506 8 
3 8 6 1830 1 
2 2 2 1427 9 
9 2 7 699 1 
9 8 5 627 6 
2 3 3 1411 1 
7 8 1 1253 9 
9 6 8 884 5 
8 5 2 1105 5 
5 3 2 166 5 
3 7 5 1724 5 
3 8 3 377 5 
8 5 3 823 8 
4 5 6 1151 5 
5 8 8 889 5 
5 9 6 1895 6 
1 9 3 1447 4 
9 9 6 311 6 
9 4 5 1470 2 
5 2 1 1750 8 
2 5 1 783 6 
2 2 1 1226 1 
4 2 3 705 9 
7 6 9 1423 5 
3 9 6 809 9 
1 1 7 413 5 
9 6 1 517 8 
6 9 3 1530 1 
3 6 5 1940 4 
3 9 2 477 1 
7 9 6 568 5 
2 7 1 422 6 
4 8 4 814 2 
9 7 3 133 7 
2 4 3 34 3 
8 8 6 1022 9 
9 8 2 345 1 
3 9 4 61 5 
4 7 6 1647 7 
7 6 5 1079 1 
3 3 8 1741 4 
9 3 9 805 5 
1 4 4 1181 6 
9 8 9 893 5 
2 7 1 1828 2 
8 1 2 73 3 
8 5 2 1260 3 
3 5 3 452 6 
7 3 1 728 6 
8 4 1 809 7 
6 5 9 1148 7 
7 4 1 21 9 
7 7 8 1411 3 
9 6 4 1083 6 
1 5 8 208 4 
9 3 8 1427 8 
1 6 1 1363 2 
1 1 9 55 5 
1 1 9 1499 4 
2 2 3 495 1 
4 7 9 1109 2 
7 6 7 110 5 
1 6 6 1261 4 
7 5 2 347 1 
4 6 4 818 9 
2 1 4 1822 7 
2 3 9 803 3 
5 1 5 1370 7 
6 7 5 763 8 
8 1 5 663 9 
8 9 7 826 9 
1 1 9 957 3 
3 8 8 1652 9 
2 3 1 1921 6 
7 5 7 446 2 
5 8 7 1696 5 
7 4 9 898 1 
6 3 4 907 7 
7 9 5 222 7 
5 1 7 1225 2 
6 9 4 1889 7 
3 3 4 1201 6 
7 8 7 1818 8 
8 8 9 1158 1 
1 8 2 1376 9 
4 8 2 316 3 
4 7 8 403 8 
7 3 1 1581 4 
6 5 6 1389 3 
4 6 4 280 6 
8 8 8 563 9 
3 7 8 1483 8 
2 7 5 1908 2 
6 1 2 1416 7 
8 6 3 363 7 
5 3 1 1484 7 
2 4 7 868 4 
1 2 9 1653 9 
8 2 8 179 1 
8 4 6 217 9 
1 2 2 1330 5 
6 9 9 1104 2 
2 9 5 1698 6 
6 7 2 627 8 
2 1 9 1285 9 
1 7 9 317 9 
8 8 2 1108 7 
4 8 8 553 5 
6 5 5 404 9 
3 3 2 1665 1 
1 4 9 855 3 
2 8 3 1897 1 
8 8 2 1566 2 
2 9 9 509 1 
4 5 9 354 7 
8 7 4 469 5 
9 5 8 932 4 
1 2 7 1688 4 
4 4 1 99 4 
3 9 9 1119 1 
1 8 2 1782 8 
8 5 9 301 3 
8 2 8 1383 5 
3 5 7 1242 5 
3 4 5 1849 2 
5 3 9 344 3 
8 7 6 373 2 
2 7 6 1027 9 
4 1 9 1070 4 
4 8 4 315 9 
3 7 1 767 8 
4 4 5 1501 2 
2 4 5 726 7 
1 4 3 962 9 
3 9 5 1478 5 
9 3 7 1725 2 
1 5 1 461 5 
5 2 2 294 8 
5 1 2 296 3 
4 1 9 1717 6 
9 3 4 1636 2 
7 8 5 58 9 
5 5 3 1361 4 
7 1 3 1011 1 
4 5 5 830 2 
8 2 8 1092 4 
7 8 8 322 7 
8 5 3 287 1 
4 2 6 725 9 
7 8 2 1938 2 
4 6 6 1911 1 
9 7 7 181 8 
6 1 8 302 5 
3 8 1 1478 9 
9 8 7 431 1 
1 6 5 129 1 
4 7 5 1797 2 
2 3 9 879 1 
2 5 5 1733 2 
2 5 3 1741 3 
8 5 1 1717 3 
3 9 2 849 3 
5 9 5 1178 3 
2 3 5 835 8 
6 4 3 744 5 
7 6 6 553 4 
4 5 5 683 4 
8 4 2 1794 5 
6 8 3 451 2 
7 3 8 1101 5 
4 7 5 638 8 
7 5 1 1103 4 
4 3 6 1618 4 
2 6 5 1587 1 
9 2 6 580 4 
6 1 8 1488 8 
2 1 5 554 7 
1 4 7 1686 9 
6 6 5 1423 5 
3 7 4 1362 2 
1 9 7 239 8 
6 7 7 242 4 
1 6 6 1901 3 
6 4 4 110 9 
8 4 7 612 7 
1 4 8 1057 7 
1 5 1 992 4 
8 5 3 1136 8 
5 8 8 1924 8 
6 3 1 1057 8 
1 7 6 940 8 
4 5 4 1755 1 
3 9 2 705 8 
1 4 8 935 3 
7 5 3 169 8 
8 6 7 656 5 
2 7 3 1384 6 
6 4 6 1597 3 
3 1 2 1093 2 
7 3 4 1034 3 
6 8 8 936 2 
8 9 7 185 8 
3 5 8 1788 8 
9 8 3 73 9 
3 3 2 480 9 
4 6 7 249 4 
6 9 1 1806 7 
9 7 4 659 6 
3 6 9 595 5 
3 2 6 531 2 
3 7 8 402 4 
2 5 5 1055 8 
3 4 3 1750 8 
1 2 3 77 1 
3 1 2 1163 7 
6 3 2 1504 2 
5 9 8 1303 4 
1 9 7 294 4 
1 3 5 1011 6 
8 3 2 633 8 
3 2 7 503 9 
4 3 8 958 4 
8 9 3 1435 1 
7 7 2 318 5 
1 7 4 482 1 
9 4 1 997 3 
1 4 8 1641 8 
6 2 5 75 9 
3 2 9 517 4 
3 7 8 1441 9 
3 5 3 1793 2 
3 9 7 147 7 
7 4 7 1595 8 
3 8 8 128 8 
5 3 3 892 8 
5 9 3 762 3 
4 7 8 727 6 
4 8 1 42 4 
5 7 9 1233 6 
9 5 2 1185 8 
2 1 5 1358 2 
5 3 3 736 2 
3 5 4 1238 9 
9 8 5 552 2 
6 2 1 1069 8 
7 3 6 1233 1 
5 1 6 233 2 
7 7 8 1141 1 
9 5 9 1861 4 
7 4 1 649 4 
4 4 5 1520 6 
7 8 3 418 8 
1 9 7 1537 6 
5 2 4 988 5 
5 3 9 324 9 
1 4 8 720 2 
7 2 4 1666 5 
5 1 8 1569 7 
1 4 6 1529 9 
6 3 2 340 1 
4 4 4 640 2 
9 2 1 823 6 
8 8 6 1086 8 
8 6 2 192 2 
2 7 7 1469 8 
3 3 3 1561 9 
6 1 4 1848 2 
5 5 4 339 9 
8 4 1 1079 9 
2 4 3 1214 2 
8 4 4 782 5 
7 2 2 1458 1 
8 3 9 1476 2 
4 4 4 796 7 
4 1 3 548 4 
7 2 7 1897 6 
5 9 1 1404 7 
6 2 9 560 9 
4 2 3 450 5 
7 8 6 1387 4 
3 7 1 1604 2 
9 4 5 1821 4 
1 5 2 1028 2 
4 5 3 1049 6 
3 8 7 41 1 
2 2 4 14 2 
1 4 7 1871 3 
4 1 1 1010 3 
4 1 1 536 3 
6 5 9 698 8 
6 9 2 888 3 
4 5 3 369 2 
3 2 1 1056 7 
3 9 8 1806 8 
8 9 9 63 3 
3 2 5 1856 9 
4 7 3 1821 1 
3 2 4 458 8 
2 1 5 1594 1 
9 5 9 1425 7 
3 5 9 923 1 
1 1 9 451 4 
2 7 6 875 7 
2 2 5 644 8 
4 4 6 126 6 
4 4 4 158 5 
5 4 8 70 3 
4 2 8 1208 7 
1 6 8 463 8 
1 3 7 810 8 
4 1 1 63 6 
7 6 5 844 1 
8 1 8 1147 5 
9 7 4 1763 1 
9 2 3 1338 8 
7 4 7 1772 6 
9 7 7 1574 3 
9 7 2 904 1 
7 8 5 1546 8 
4 3 9 441 3 
5 5 7 366 6 
2 7 8 720 3 
6 3 2 196 3 
1 1 3 519 6 
9 8 1 492 4 
2 4 2 563 4 
5 9 8 413 7 
2 4 9 1366 1 
6 3 1 440 8 
9 7 6 1135 2 
3 4 1 1534 9 
9 1 4 1182 4 
4 6 1 854 2 
3 5 8 885 3 
2 1 9 1753 3 
2 2 7 430 4 
7 1 6 1340 7 
2 7 1 325 1 
8 6 5 1945 5 
6 1 4 525 4 
9 9 5 1660 5 
8 4 3 1913 3 
1 8 6 171 8 
4 3 9 730 8 
6 7 1 1310 4 
2 7 6 1090 4 
8 6 2 1620 4 
5 4 5 1606 1 
8 1 7 945 2 
5 9 5 1435 4 
