200
2 9 1 531 3 
1 7 2 783 6 
1 5 4 780 2 
2 7 8 766 8 
8 4 5 330 6 
6 4 3 141 2 
9 7 5 217 9 
8 7 3 986 8 
6 9 8 504 1 
6 5 1 36 4 
8 9 1 268 3 
1 5 2 486 8 
5 3 4 408 7 
6 2 3 438 1 
1 6 5 891 8 
3 4 3 539 1 
8 3 4 1005 1 
8 4 7 99 8 
3 6 9 543 7 
6 7 6 159 7 
1 8 8 339 5 
4 7 9 555 1 
4 8 1 647 4 
5 6 8 585 7 
3 7 1 660 9 
5 9 3 340 3 
8 8 4 840 1 
3 9 6 385 9 
1 1 7 416 1 
2 6 3 356 2 
2 6 3 1001 8 
1 1 5 831 5 
8 1 4 647 2 
7 3 9 820 3 
8 8 2 317 3 
7 3 7 1014 7 
9 5 3 229 9 
8 3 7 155 5 
9 3 5 616 1 
9 3 1 672 5 
6 5 5 654 9 
6 2 2 601 7 
3 3 9 658 2 
4 2 3 221 5 
4 3 9 53 5 
4 4 7 988 8 
2 4 1 271 3 
9 4 3 519 3 
7 4 3 173 4 
2 5 6 393 2 
3 5 6 198 2 
4 9 6 933 5 
7 4 6 877 5 
9 6 7 986 4 
9 3 3 768 7 
4 6 8 412 8 
6 4 5 957 4 
3 6 8 384 3 
6 4 7 716 1 
6 7 6 818 5 
1 1 5 122 1 
3 2 9 161 2 
2 7 1 841 8 
6 1 6 328 6 
3 1 9 941 5 
4 9 2 445 3 
3 5 6 862 1 
4 2 1 712 4 
9 9 2 425 5 
2 8 5 753 3 
6 4 2 847 6 
1 4 8 36 9 
3 5 1 622 4 
9 4 1 222 2 
5 8 7 780 9 
1 3 7 961 8 
7 9 7 427 4 
7 3 8 152 2 
5 9 9 951 7 
9 9 4 204 3 
6 2 4 269 2 
6 8 4 701 2 
1 5 2 878 4 
5 3 6 523 9 
1 3 2 945 5 
2 7 8 280 9 
2 3 8 605 6 
4 1 1 349 5 
5 8 7 674 3 
1 6 5 218 7 
7 9 5 194 4 
3 8 2 417 1 
2 5 6 634 2 
6 6 7 494 5 
6 1 7 165 6 
5 3 1 839 9 
8 5 8 35 6 
4 8 3 854 8 
6 2 8 568 3 
9 7 2 52 1 
9 3 7 854 5 
2 8 2 293 7 
5 8 1 884 5 
3 8 5 628 5 
7 3 7 238 5 
6 3 4 513 9 
7 4 6 753 5 
9 6 4 952 6 
7 1 2 419 5 
6 4 4 444 4 
4 1 5 498 8 
5 1 4 920 1 
4 5 1 471 7 
6 1 5 849 6 
9 8 2 611 9 
8 8 8 956 7 
3 3 7 13 5 
1 4 8 223 4 
1 3 7 282 7 
6 3 3 352 2 
9 3 1 340 6 
8 3 9 91 6 
6 6 7 254 2 
7 1 8 797 7 
8 7 6 417 7 
3 6 7 370 3 
8 8 5 28 7 
4 2 4 100 7 
1 6 5 51 4 
6 3 2 701 2 
1 1 8 678 6 
3 9 8 547 2 
8 9 3 331 8 
3 7 4 324 9 
1 7 4 644 7 
6 2 9 618 2 
2 7 2 474 3 
7 5 9 544 5 
3 7 7 989 5 
8 1 9 459 4 
6 1 7 113 4 
2 9 9 704 2 
9 3 5 464 9 
2 8 9 482 4 
1 2 4 881 8 
9 4 2 976 1 
4 1 1 588 8 
9 7 7 295 9 
3 3 4 629 2 
5 1 7 320 1 
3 6 6 845 8 
1 9 6 73 1 
3 2 9 392 1 
9 9 2 575 1 
6 9 5 969 6 
3 6 9 1013 4 
7 3 8 276 2 
6 7 1 214 8 
3 6 4 483 8 
4 4 4 403 3 
9 2 7 67 5 
8 9 4 68 8 
6 9 1 147 5 
7 6 5 163 4 
8 1 7 417 1 
5 3 5 456 9 
6 6 8 359 1 
8 6 3 688 3 
7 9 1 84 9 
5 4 8 333 6 
4 6 9 822 1 
5 1 8 703 1 
9 6 7 97 6 
3 9 4 857 2 
2 3 3 518 6 
5 9 4 754 7 
7 4 2 310 6 
1 1 5 703 2 
6 5 9 339 4 
2 1 5 16 1 
5 5 3 233 3 
3 5 7 129 8 
9 7 4 856 2 
2 9 8 90 1 
5 5 4 636 4 
9 7 9 171 7 
2 2 5 355 3 
6 2 9 1007 1 
8 6 8 210 8 
1 9 3 929 8 
2 9 8 72 4 
7 4 5 237 4 
4 2 5 296 3 
6 3 6 863 5 
2 7 2 874 5 
6 8 9 639 3 
7 8 8 503 3 
9 6 7 123 7 
3 8 2 154 6 
1 8 3 570 8 
