350
259 149 295 198 10
304 284 290 365 19
151 346 339 957 9
153 299 172 572 16
299 265 317 409 19
311 217 227 2957 11
125 164 133 2300 18
257 210 132 1338 7
213 343 196 5171 7
316 173 321 5583 6
349 258 136 2830 19
137 283 207 1882 6
136 247 285 4284 9
321 179 305 4525 15
295 221 166 5448 10
189 156 232 9611 11
145 230 334 9346 10
156 199 170 1533 9
129 262 241 5433 18
238 150 304 13177 16
154 126 155 11403 5
142 157 292 2317 4
266 327 309 6115 4
193 327 232 10640 19
283 314 312 11799 8
348 258 162 16565 16
134 311 273 5541 16
294 239 195 5514 5
245 295 265 13115 9
343 265 255 6052 14
153 163 241 18731 19
319 343 341 11103 15
215 180 220 9257 19
176 157 301 14644 8
262 287 247 19568 10
209 263 147 15982 2
177 263 164 7528 14
179 216 163 2092 12
188 159 171 24648 1
137 281 272 20001 5
143 271 184 8232 3
181 332 152 5138 16
227 207 211 14180 6
125 142 292 6059 8
128 130 269 24902 14
126 216 121 14179 3
122 161 254 26073 17
273 233 208 13447 7
192 198 270 22346 8
309 327 311 32787 2
268 124 256 18529 8
337 287 215 11244 19
281 204 169 31643 2
211 135 123 12127 12
145 338 165 24997 17
199 118 271 12474 19
195 214 303 39044 5
182 327 188 36490 3
165 347 116 36434 11
233 320 215 28641 16
333 226 183 32554 6
330 303 169 20028 11
303 225 295 43039 3
283 328 299 25432 15
321 228 213 28917 8
273 225 246 6465 6
314 237 277 8798 5
196 170 180 40505 16
175 169 197 6118 10
150 225 310 40281 9
203 150 305 10281 16
125 209 167 34183 4
249 199 199 22728 10
225 151 124 4473 16
195 309 202 25735 4
301 197 167 33084 6
273 308 190 26013 5
140 237 308 32969 18
266 134 201 52994 9
213 242 207 19273 9
132 207 129 27348 11
246 226 264 43687 18
295 207 262 33051 5
323 186 269 40105 17
298 192 200 48351 4
149 305 203 35009 6
226 128 345 43204 9
342 246 286 19858 3
172 210 289 38978 13
167 171 338 12789 13
300 203 172 39131 6
283 286 344 25239 4
266 234 340 46205 10
340 128 214 22427 10
120 335 279 4783 3
293 347 336 13039 8
216 337 258 62725 12
241 179 344 8968 16
132 190 238 10436 12
295 155 348 27014 2
338 241 267 16089 13
129 156 196 22239 18
256 235 253 6327 3
130 212 243 63152 10
197 183 142 42037 9
287 318 136 44600 15
226 172 302 26380 2
230 145 165 42015 2
261 148 175 42625 5
216 337 234 58397 2
169 124 117 57690 10
176 265 116 59707 8
319 154 171 5309 18
230 333 319 30338 3
232 143 222 59763 13
186 265 260 15823 12
245 338 225 48645 1
133 212 133 10102 19
161 308 191 49699 17
178 335 200 35836 7
338 215 172 83283 1
162 156 266 32989 2
176 273 229 43850 8
167 160 294 55501 7
211 213 263 54232 1
257 206 218 31198 15
339 318 268 33350 15
282 125 338 3716 11
267 331 261 83290 9
242 344 167 25052 16
193 222 329 84901 13
203 264 121 527 7
278 181 251 5808 5
200 342 305 31743 19
332 203 330 46968 13
132 282 314 46912 2
201 239 294 69009 15
205 221 120 66661 5
303 328 163 21097 4
316 257 116 90491 12
282 180 167 71277 17
281 142 154 47443 2
319 271 276 93344 13
175 277 276 53888 8
165 237 208 19899 1
348 255 344 77809 9
282 198 219 37435 15
308 282 338 92236 14
224 256 187 30728 4
336 342 266 76085 3
227 300 258 83559 5
153 227 228 24321 2
347 137 216 702 6
135 122 167 8561 12
126 306 336 62715 16
349 209 198 45255 7
137 247 227 58256 15
236 204 177 57962 14
179 171 225 8399 13
125 164 316 38980 16
226 143 291 25290 5
319 183 135 72311 15
195 273 139 63440 14
173 222 270 93495 14
150 270 254 81714 16
177 223 318 89268 13
118 272 196 60178 7
344 248 149 101105 3
177 258 188 49469 7
167 330 252 103145 3
117 140 337 27603 6
235 122 326 28863 1
309 224 129 20984 16
191 259 164 77728 5
218 180 197 107069 17
262 272 125 30971 3
313 123 261 58349 6
285 235 248 111819 9
217 246 127 121156 10
274 263 197 109416 15
306 295 319 85855 16
223 325 123 1447 17
327 290 317 78529 3
319 231 226 72767 3
192 326 290 95797 15
122 290 297 34651 16
149 233 209 7061 3
159 335 132 43454 2
266 230 261 67852 15
227 130 133 71351 13
192 158 279 108048 10
306 130 119 121898 11
227 317 122 33538 14
273 308 326 75929 2
338 163 331 29955 4
228 288 290 79289 10
291 254 274 16799 19
212 287 157 35715 5
143 156 316 113585 12
238 328 188 124354 18
135 299 313 68144 13
270 305 273 34033 6
162 204 136 23336 1
135 238 167 61023 5
205 174 135 10698 10
333 241 301 32872 10
167 309 271 18200 1
172 275 230 74250 3
291 289 178 130543 6
125 280 344 73624 1
268 197 244 140531 4
314 268 319 140789 4
151 159 271 67599 6
293 188 328 43109 4
142 207 297 51416 8
238 254 313 79329 11
310 272 181 143097 3
219 261 301 5181 11
335 321 308 105981 7
230 275 277 32362 10
260 169 191 100344 8
121 285 288 88166 17
151 286 216 65958 4
159 318 227 137291 14
347 232 251 10472 9
255 157 236 24693 17
247 225 119 79512 13
229 301 220 71839 9
179 262 324 114532 7
211 179 198 67911 7
336 165 242 7516 15
208 218 288 158348 6
173 278 161 136360 17
338 306 293 143362 15
265 166 172 106901 15
296 326 281 68803 10
203 254 250 49507 18
313 302 231 12965 15
243 307 174 54464 3
284 154 158 91649 8
139 265 316 148916 10
121 221 175 162477 11
316 200 342 33297 3
127 235 226 164732 14
280 207 159 34064 4
206 295 329 63786 16
288 145 329 72791 1
258 124 205 16705 11
138 186 135 51404 4
291 168 306 147296 12
117 313 254 60525 11
234 223 333 72767 1
215 311 205 173877 16
319 271 157 33709 5
310 283 276 40394 19
213 277 130 106829 9
280 279 173 11744 11
326 339 320 69779 11
208 282 182 83723 17
166 242 267 82238 5
264 325 159 170393 10
327 252 224 6448 8
177 221 126 119750 1
131 283 162 169130 12
169 172 269 57781 1
215 287 326 142432 7
308 162 262 17674 18
274 334 278 76272 2
332 155 321 100584 10
263 237 277 46877 10
280 315 243 20565 14
172 186 321 32985 1
318 248 318 81786 8
141 315 334 70485 5
309 212 119 149864 8
220 296 265 1981 1
141 304 195 65361 16
146 291 182 34874 15
288 224 345 21323 5
160 128 239 48761 6
117 185 190 183713 3
170 207 204 60819 15
158 159 218 2920 13
321 132 253 91531 13
287 186 133 195026 7
261 260 201 43716 14
221 252 204 55219 13
159 343 118 80993 13
246 182 208 196525 16
201 225 233 128626 19
136 164 134 158078 13
253 131 195 13315 12
121 234 201 24447 9
292 210 333 188285 11
291 344 297 54250 6
237 230 303 124096 16
299 287 192 19395 14
201 260 180 161917 15
189 201 267 164762 15
336 131 201 69998 4
344 151 131 29664 2
256 303 244 22835 6
132 340 173 80043 5
287 118 334 86569 3
342 229 208 190023 10
157 346 185 43115 5
275 163 290 153906 11
179 261 271 149661 9
126 317 166 39772 14
334 279 273 43896 10
217 241 186 140251 12
124 327 243 1973 5
284 219 257 165587 1
338 303 129 143656 5
127 338 334 86991 7
219 343 287 164341 11
121 345 206 210791 2
262 122 321 99714 4
123 117 172 199561 12
123 329 247 34905 18
258 155 151 171247 18
259 251 231 211854 6
159 153 142 40013 12
125 199 304 172240 16
231 347 349 20573 1
319 327 344 97713 5
211 178 183 35943 3
249 294 287 138753 12
121 276 347 64559 19
170 320 214 60274 5
304 282 211 149686 13
310 197 248 98074 10
266 262 345 42004 4
262 129 343 99771 1
249 131 132 221800 1
158 230 141 224693 5
125 298 265 58867 16
129 143 262 217443 12
212 321 149 140026 1
174 231 263 81265 19
282 317 195 6321 8
314 225 171 92092 14
219 138 234 154812 13
223 138 217 48970 3
250 340 295 152511 1
126 319 130 226672 4
159 135 266 240988 11
300 215 233 69820 5
258 122 270 51931 19
233 220 293 95246 16
