150
116 85 129 251 18
82 108 64 141 16
138 82 97 170 9
140 62 74 600 15
55 128 56 683 7
140 124 96 1297 4
69 132 80 200 9
71 108 57 698 10
141 55 66 818 8
128 72 141 1792 17
91 148 104 1840 12
145 124 62 2714 3
109 146 84 3093 10
98 129 56 3594 2
145 94 133 3479 14
104 84 146 1063 14
61 75 88 1003 1
56 136 145 703 3
87 138 133 537 16
149 115 76 584 3
53 50 123 2429 12
97 128 132 412 1
75 58 87 2690 4
70 119 96 6105 1
83 54 81 1939 19
123 52 56 4293 6
80 91 61 6849 4
75 55 55 1174 15
62 113 89 5037 6
104 111 59 7701 4
75 86 127 1448 12
74 136 68 981 11
61 130 84 9009 4
135 82 115 7302 17
88 113 68 9852 2
68 63 130 2322 5
97 132 76 6907 6
107 139 126 4121 16
63 111 86 6065 9
137 95 95 10704 8
51 117 100 9066 2
71 65 130 1003 14
130 146 83 8539 18
100 55 113 10823 8
127 78 138 10442 18
113 131 114 9804 18
91 119 134 4433 9
113 62 79 13725 2
91 130 113 2628 13
123 77 128 6742 5
135 86 127 6062 15
52 81 108 12053 17
74 67 66 14351 7
117 133 51 3760 9
93 61 103 4771 1
120 137 76 4653 3
148 103 109 15374 8
130 74 106 1954 12
73 74 93 11431 19
106 91 135 16567 9
99 72 124 1964 1
116 91 79 8824 16
141 81 94 10549 19
89 109 95 14991 13
113 94 53 14566 15
73 74 72 7424 10
94 137 138 14839 6
98 126 117 5257 18
117 80 110 9426 1
125 77 105 4138 4
75 97 73 7379 16
121 149 103 6708 3
91 67 85 14876 17
138 134 97 4329 12
96 66 120 1675 3
62 60 75 1890 10
63 139 72 13979 3
108 68 52 12511 9
121 96 91 11314 12
105 71 65 13438 4
117 121 94 18181 2
119 92 92 4560 18
134 56 54 6877 16
103 136 87 8453 8
87 73 116 1435 9
80 101 118 15598 18
92 65 144 25160 19
72 105 98 14773 18
114 77 98 3005 1
52 133 102 13076 9
87 132 103 4496 18
127 98 114 24535 19
113 55 69 14088 7
82 56 133 2215 9
79 81 129 5523 4
83 63 61 12325 2
149 78 112 25895 9
79 109 140 20647 19
82 82 144 27009 19
55 107 141 16849 5
52 73 63 23031 5
92 144 56 23305 9
91 125 56 12742 4
59 57 145 21718 8
103 115 146 2837 13
136 116 147 17919 17
123 63 87 12620 14
116 78 94 3437 10
93 149 58 25676 6
99 146 88 24229 18
95 135 71 376 3
53 61 93 11267 11
127 109 98 8272 15
149 101 64 28154 6
92 111 118 24618 19
112 60 82 7355 18
51 93 94 13385 4
62 113 126 13077 14
72 146 93 14638 14
105 110 53 32838 12
52 61 94 16440 4
143 86 135 34176 9
133 100 83 13771 12
94 125 60 3510 14
131 88 81 17875 5
138 138 59 29855 10
79 146 67 3725 5
74 50 51 29295 17
93 92 80 18499 3
127 102 59 18849 10
83 86 56 25256 2
99 123 83 17961 11
131 50 80 14652 5
119 143 57 10327 14
82 84 124 4009 4
81 85 132 23279 2
135 111 74 38396 16
111 100 74 9547 19
91 82 104 15032 9
92 130 123 29784 2
110 149 67 26797 1
109 84 136 21445 12
132 78 142 34084 16
51 98 146 6214 11
123 115 59 4679 10
112 115 114 28468 8
140 142 135 7487 4
138 54 98 14402 9
54 148 54 25624 17
88 74 86 16224 16
