250
165 103 156 180 13
157 142 89 251 14
120 201 181 656 4
99 186 244 1198 9
169 93 206 1325 7
205 226 202 2214 10
88 84 213 1688 11
162 149 191 1126 19
133 216 97 1337 19
217 157 114 3207 14
180 171 123 1049 15
147 246 99 1665 13
152 176 207 1747 3
167 238 169 4238 13
97 220 191 1557 13
202 93 128 6466 16
172 159 186 5965 17
229 238 99 6827 9
102 224 141 2348 8
167 211 199 6411 2
211 114 120 5753 8
176 84 192 9039 6
83 212 92 6899 3
222 115 195 10136 6
86 187 119 5291 1
126 119 138 11624 11
168 148 245 5659 7
153 129 174 2520 5
238 218 149 6983 12
249 115 154 4993 2
127 199 210 9239 16
87 209 218 6343 14
248 175 99 8427 8
125 222 237 12392 12
152 131 210 5987 16
159 124 197 2063 15
123 179 178 9973 3
221 97 164 6367 5
135 156 198 4549 17
191 111 106 3552 10
92 197 212 10789 11
227 101 231 10522 1
217 186 221 12509 8
124 124 240 355 17
173 197 219 9488 2
104 194 134 17179 16
113 104 170 7544 5
249 90 243 5499 19
185 105 179 2690 13
199 196 141 12282 13
139 247 249 11336 6
239 83 201 7057 6
107 223 115 19222 19
86 249 241 23231 8
175 183 248 21526 9
105 228 221 18547 8
136 145 115 7007 1
177 164 240 15296 17
139 138 178 20133 1
240 99 99 13335 11
187 225 217 25864 7
92 246 212 14960 4
247 194 245 15445 5
187 115 117 21766 17
197 106 150 899 8
138 203 126 31058 1
105 141 159 30910 18
193 96 157 30267 6
240 187 191 10744 9
195 151 151 14178 5
208 244 167 6402 9
217 166 122 10259 18
151 178 91 14285 3
145 83 226 26279 8
145 136 94 4171 6
244 91 157 3245 12
121 239 180 34954 7
227 132 187 36389 5
140 207 99 6287 5
147 231 94 14731 10
123 246 96 27839 8
191 145 215 19711 7
185 203 155 21063 4
98 97 119 17276 18
123 125 96 1473 2
103 183 139 20911 14
220 235 148 13279 9
233 249 235 42860 14
183 186 194 42904 6
197 135 182 29323 17
223 139 155 6711 3
140 86 231 26000 6
109 157 184 25230 8
130 198 218 31757 11
168 90 203 38890 8
162 179 158 35985 16
110 135 190 20251 9
158 235 193 24146 9
119 246 101 46219 18
228 146 194 24495 2
110 96 134 903 3
243 137 208 41976 19
217 95 228 28678 16
140 222 99 22296 15
199 90 213 47679 7
163 84 246 48685 2
210 169 111 7148 18
240 169 84 36844 10
183 120 216 2361 4
155 105 98 46669 3
207 211 234 11164 15
232 233 236 9398 11
90 234 181 19762 17
129 241 210 32504 12
165 208 149 8222 14
227 103 248 30771 12
224 128 191 54781 13
205 88 155 31924 9
129 209 245 38222 1
184 153 206 55494 13
131 113 85 49912 3
206 146 177 26696 1
153 101 113 18824 12
189 222 215 2496 4
202 232 208 49921 19
201 105 226 17492 13
107 118 87 7973 19
198 202 213 40550 18
228 202 229 8791 19
196 129 108 29802 18
241 94 247 59693 5
204 243 239 303 8
139 226 161 26358 17
86 165 127 14501 5
146 150 108 6325 1
156 234 236 20149 13
223 224 220 61733 3
237 195 191 22253 17
90 126 219 43277 14
122 202 96 67720 17
149 93 221 60726 19
243 190 215 59474 10
226 198 114 63819 12
156 245 108 40262 12
112 175 181 21684 12
153 97 213 26114 13
235 178 152 30281 5
150 232 185 33942 8
243 142 189 34236 14
85 146 104 17257 16
91 198 236 36618 1
174 134 238 66775 10
212 159 115 26663 18
97 111 84 72385 7
137 165 153 76888 11
249 172 84 3121 19
102 191 142 74898 15
246 181 93 1172 15
126 168 104 48832 7
208 153 180 49013 8
107 117 151 24019 9
191 86 137 76069 16
247 107 115 76739 5
134 136 132 21563 15
151 153 157 76323 5
98 158 165 55216 10
197 198 242 54536 3
158 89 141 51280 8
180 92 185 58681 19
206 112 169 48695 2
84 173 229 80447 7
212 124 194 10752 4
242 103 145 67312 19
103 161 180 63909 19
90 95 147 17765 17
204 189 245 66189 13
231 101 230 64373 15
236 130 151 63960 7
237 122 99 76498 11
142 159 100 2500 11
98 183 180 43639 6
93 153 194 61452 10
87 186 219 10260 6
189 90 138 59154 6
128 209 211 48809 1
195 218 247 58266 7
160 83 104 12468 16
88 106 217 18752 4
226 152 244 81780 12
137 217 137 11294 6
140 93 235 82673 10
117 183 119 67462 18
182 90 157 42759 7
195 246 177 28547 14
104 137 220 23831 2
203 107 213 56365 13
83 233 112 51574 12
134 129 95 13088 3
190 167 90 95930 4
106 122 211 48864 9
113 119 137 64765 16
236 192 169 100601 6
95 240 242 64120 11
189 122 196 84142 5
242 225 234 76236 19
224 221 117 57771 2
200 181 222 88965 3
231 131 225 31594 16
131 120 197 11077 8
220 170 237 49569 16
96 138 120 88381 12
146 148 187 77065 7
247 157 84 89187 2
102 178 162 95121 17
106 207 156 73648 11
224 229 91 76867 7
191 104 183 68060 2
189 149 130 11863 14
199 202 208 60464 6
228 234 101 27350 7
105 131 109 39700 16
142 108 189 109134 5
197 226 174 76845 11
100 150 165 9719 18
93 129 147 89974 6
244 232 234 62705 10
238 226 220 77796 15
233 157 176 52240 5
109 96 119 53884 14
239 207 96 18894 4
198 145 154 103944 17
133 200 200 97092 15
115 117 169 21197 10
236 169 218 98591 7
111 233 107 115094 1
216 164 112 33766 19
121 204 161 103934 10
148 95 83 86207 1
113 163 156 83786 1
238 100 230 109785 13
197 211 155 23805 5
128 172 249 99436 15
141 104 194 42722 18
148 243 167 108815 10
181 203 91 30939 19
128 160 191 352 1
201 123 129 7535 7
233 245 173 24867 2
128 244 245 44263 7
108 102 128 109941 4
