400
282 395 211 384 13
368 256 318 704 4
150 260 173 902 4
214 347 348 909 9
216 216 166 2011 15
241 387 298 2463 10
289 295 338 774 4
177 317 352 2182 13
223 248 370 2475 10
367 381 229 4115 13
336 385 156 1540 6
159 174 234 2254 10
209 208 336 8513 14
368 306 297 8199 7
303 246 325 8400 13
228 189 287 3865 12
269 359 293 1327 19
329 352 259 9858 1
357 262 133 13237 19
338 288 334 1764 13
347 185 369 1363 13
272 395 226 3718 17
150 353 366 14425 2
231 205 161 18426 19
360 155 243 11651 14
329 221 308 6093 11
202 291 307 3546 12
399 170 288 1568 19
224 245 207 10363 6
184 177 174 19492 8
347 346 199 2121 19
223 320 155 6592 3
183 208 274 970 16
281 235 173 12225 16
219 257 373 18233 5
355 326 265 26312 13
385 145 383 20641 18
381 268 257 10472 15
191 148 223 11512 16
155 378 358 11473 12
197 194 239 8842 15
354 212 315 32788 2
285 192 345 24862 19
336 244 366 3476 9
339 263 264 2789 16
290 361 230 10322 3
227 324 379 4187 4
218 303 380 21938 14
188 321 303 12706 7
324 372 293 21860 8
217 322 151 28699 19
285 344 353 32378 6
323 362 141 29582 10
293 242 379 27667 10
212 294 364 19377 13
282 205 186 13103 19
292 159 226 17177 2
144 288 184 15797 12
153 135 253 8287 9
281 213 176 19143 6
307 385 235 17262 6
236 369 346 40578 11
268 201 298 42986 19
248 371 307 2601 17
189 392 357 38320 2
185 343 375 5019 13
311 330 316 39765 5
327 338 261 32268 3
213 152 282 54071 6
169 190 213 46106 13
364 356 356 25343 9
258 219 350 16586 9
300 262 244 19856 6
170 384 322 6055 2
383 385 358 7197 13
343 329 343 40540 13
197 298 262 6112 18
257 294 137 33346 14
279 290 372 5873 12
222 199 148 37268 13
216 356 225 1771 2
208 177 329 57912 5
160 185 280 57745 15
397 356 195 30711 4
247 144 290 13469 7
248 397 306 42969 3
223 189 309 54928 11
153 355 250 66734 15
281 194 326 12060 4
346 367 200 26423 4
327 135 152 50080 8
360 338 249 59709 19
330 305 222 58519 15
342 340 248 12091 15
390 182 215 37264 14
278 387 135 31574 7
216 372 264 29517 3
258 167 261 64897 4
337 281 185 21464 1
289 296 390 11326 8
319 317 224 36152 4
258 183 171 19464 3
324 377 254 76191 9
282 381 295 18216 7
306 363 249 29496 10
184 350 257 17059 15
262 138 334 76103 13
258 175 206 62732 16
375 190 373 65086 19
163 184 232 81304 10
246 172 317 49326 17
340 192 377 4655 11
336 234 357 50315 19
139 194 137 5087 2
359 224 302 90065 17
381 303 348 8469 14
281 151 309 57641 15
165 150 208 73745 18
166 147 352 75529 1
257 387 313 6503 4
244 396 318 71288 11
357 343 346 12266 10
292 133 192 30139 19
219 287 242 83618 4
136 365 229 10021 6
373 253 389 7796 15
326 155 391 97547 1
245 191 282 4726 12
390 234 169 93387 1
258 392 381 97041 12
169 194 387 44843 6
212 207 256 51287 12
391 262 281 31603 18
133 355 244 12598 2
293 255 276 3295 1
280 153 335 55764 17
295 273 207 59120 9
230 200 269 100507 10
243 363 255 61828 11
310 210 189 73459 10
384 282 342 91310 7
317 225 397 102992 12
337 249 206 20842 15
394 392 323 48979 17
312 341 189 89047 6
369 343 275 45875 15
148 332 384 95410 17
148 276 323 46718 14
189 326 138 115319 4
311 390 255 43117 4
211 356 241 16605 3
219 179 351 44869 18
306 163 141 76034 9
181 353 160 116689 18
327 162 214 110415 13
254 351 158 75231 13
394 237 233 3233 2
389 185 331 612 4
252 299 368 10159 13
182 346 394 58797 17
152 370 355 29843 6
157 224 262 115253 18
345 270 173 96617 16
165 258 369 123636 19
346 396 216 51240 12
279 213 256 63659 9
333 318 182 45016 4
162 361 134 133075 18
246 281 300 114111 12
255 289 330 56499 6
341 201 214 1107 11
375 198 249 49526 11
359 269 290 59004 6
187 263 142 51319 6
210 286 327 86835 7
197 225 216 111452 4
202 281 153 62370 19
234 188 372 43857 12
344 365 278 133269 2
139 387 193 87436 8
368 217 139 70132 16
284 335 300 74065 2
185 239 181 97574 1
289 242 175 74310 19
361 232 193 495 18
346 199 141 4479 12
159 143 397 126354 18
359 220 255 18681 2
350 176 373 144063 12
247 343 367 74787 7
270 298 179 6080 17
259 308 366 492 2
281 354 264 71697 14
226 161 178 117598 19
304 150 288 41606 12
187 225 260 87187 13
272 231 304 75049 8
288 235 139 156151 9
298 295 336 44690 12
309 293 232 151646 13
273 238 201 124941 18
342 189 319 32130 19
233 320 292 68837 7
162 277 290 53164 6
379 174 366 8828 18
187 290 213 133239 14
326 358 183 141010 4
295 225 135 71174 16
268 253 310 154219 18
389 155 223 43264 15
233 229 375 26557 17
384 200 377 156417 12
302 360 376 165839 2
319 215 156 138520 19
197 185 162 10598 6
359 286 202 105840 7
284 305 298 83205 14
224 274 134 135174 9
256 180 239 71339 10
393 175 282 148420 3
278 330 359 115600 6
136 186 381 166491 15
293 396 385 76972 18
216 384 231 172772 13
262 161 194 96185 1
165 255 386 24076 10
170 137 398 5261 15
171 293 325 26807 15
330 314 144 112092 19
190 309 295 117479 3
310 148 198 65919 17
158 233 144 134628 6
312 241 384 143060 7
282 266 326 157015 16
383 367 185 10824 13
312 322 153 22911 13
210 284 328 93697 6
297 388 242 128002 14
276 344 254 54674 11
224 341 237 185629 13
328 365 347 64693 1
347 198 338 142388 13
163 182 341 162791 17
375 249 173 183381 12
258 288 256 187101 18
191 358 266 95452 3
356 363 269 137727 12
143 239 258 144025 5
238 304 326 81730 6
148 344 288 146502 19
360 213 347 53721 13
341 188 185 145050 12
196 141 202 125659 12
139 372 212 41213 14
137 386 314 150174 14
261 278 167 91781 3
137 234 187 161054 18
306 227 208 3158 3
183 368 385 189672 12
235 325 187 115198 9
345 234 149 208428 7
134 205 359 30633 1
147 301 348 163733 7
187 302 136 43356 7
140 243 334 10832 15
230 382 237 37951 5
251 276 331 80929 18
387 247 309 170683 18
374 372 270 207204 1
221 222 355 40592 7
166 295 332 54679 14
322 279 349 117486 19
160 146 134 123118 9
371 243 348 159594 18
384 339 257 46636 1
209 225 310 43182 13
143 187 204 99074 13
297 243 164 161805 9
225 171 307 68092 18
291 144 229 150680 17
174 141 261 28602 5
352 309 230 50599 9
173 374 337 197870 16
321 338 134 99423 8
230 198 165 17360 18
145 244 399 55431 6
134 160 169 11889 11
284 301 222 176768 10
258 351 341 187738 8
170 388 251 130544 7
320 189 349 65912 5
361 398 328 230276 6
317 172 186 53154 12
251 209 322 53707 3
197 391 373 192182 5
397 290 279 32045 18
183 139 313 15726 13
178 399 223 165999 11
398 348 144 112130 18
268 321 300 200893 2
391 330 293 205318 7
395 358 148 167848 19
194 241 179 182574 17
352 191 163 45590 8
233 287 321 27158 13
280 300 302 17436 19
189 347 367 97023 4
351 257 266 190274 7
169 146 262 145755 6
330 342 306 25541 12
241 392 171 224454 16
253 359 194 90869 4
235 194 201 38917 5
227 383 175 90238 17
300 267 171 33320 2
207 186 148 102661 9
203 324 310 230553 4
270 349 251 138150 16
144 346 385 239412 2
344 176 174 222402 13
305 317 359 16481 11
191 251 267 211844 11
263 234 237 110707 16
185 326 223 205352 17
362 377 320 202323 16
378 303 211 242353 16
396 244 341 240831 2
234 346 208 126753 19
156 209 270 36759 12
355 260 398 53811 15
364 380 193 119084 4
134 373 266 120162 17
335 241 195 181483 19
229 144 284 232694 17
141 198 250 112638 4
188 311 183 26223 7
396 151 154 206938 16
134 261 236 209703 15
250 230 299 164497 11
382 282 294 239480 12
295 244 237 47850 14
136 186 293 215104 12
291 383 229 264406 15
319 285 229 148271 9
314 211 210 201569 7
172 232 262 164027 6
337 216 204 236070 2
351 161 225 241543 17
258 352 160 111324 6
283 176 369 66798 17
204 157 233 22358 9
385 295 315 267902 6
224 340 293 177907 12
370 223 376 23128 19
204 369 277 147978 12
235 147 351 274946 11
258 171 192 221329 8
382 272 323 188845 19
210 193 330 153359 11
271 273 268 22355 14
169 398 379 270208 8
326 286 352 96437 1
215 292 220 13243 8
223 294 173 160465 15
360 191 241 249838 11
165 137 179 88728 17
223 398 214 244908 9
299 281 338 111410 18
342 227 369 200463 1
161 348 186 103720 13
304 298 269 116935 4
157 356 303 279354 6
296 351 235 262073 8
381 354 140 95521 4
207 294 218 252039 12
311 284 217 199237 2
376 260 344 147055 4
283 361 210 27508 2
229 325 195 108215 9
166 353 283 275633 4
223 283 333 167783 17
151 365 385 160164 16
191 383 318 137228 17
394 146 171 274413 13
240 279 134 129802 4
235 160 221 62184 10
226 234 184 120840 15
261 349 273 39266 7
209 380 276 301920 19
242 335 152 155149 12
192 267 167 39676 18
155 218 237 301585 11
315 375 357 30534 16
370 368 222 233696 4
274 319 192 261548 18
346 201 216 252435 18
191 377 303 306250 19
184 134 336 270546 15
229 140 260 282485 11
152 223 310 218470 5
