100
9 9 1 307 3
3 2 7 574 7
7 9 8 1116 4
5 8 1 1243 5
2 9 8 280 6
7 9 4 733 8
5 5 6 1284 3
4 5 4 102 5
6 7 7 1061 9
2 1 7 564 6
7 1 8 667 6
3 7 7 171 7
2 2 6 609 6
2 3 9 684 7
9 8 7 1019 2
3 6 2 901 8
5 2 9 1182 1
8 8 8 863 4
7 5 9 444 9
9 2 3 378 7
7 7 9 517 8
5 2 8 1386 5
6 4 3 1152 2
2 2 8 1278 2
7 9 9 972 9
8 4 9 1182 7
6 5 4 1468 6
9 4 1 594 4
5 3 9 575 4
4 3 6 144 4
1 7 5 1120 1
1 9 8 610 6
2 8 4 565 6
5 5 8 441 5
1 8 8 480 9
4 9 3 993 1
2 5 2 514 1
1 3 8 558 6
5 1 5 989 7
3 8 1 1093 7
8 2 5 559 9
7 5 3 511 4
2 1 8 311 4
8 5 6 270 6
6 7 4 20 3
9 6 9 129 8
5 8 4 53 7
9 6 4 896 6
5 1 2 386 2
7 2 5 255 6
9 8 7 617 5
7 8 1 1322 1
2 8 1 721 7
4 3 6 519 8
7 8 5 249 9
1 6 9 352 5
7 3 3 341 8
9 1 2 449 5
6 8 3 1373 4
8 2 2 1481 4
5 2 4 813 1
7 5 6 1438 1
1 2 1 640 5
7 4 2 1384 8
3 6 4 636 9
2 2 2 1479 5
2 3 5 141 9
5 5 8 476 7
8 9 6 895 2
5 7 7 461 7
4 2 3 429 8
9 7 1 1048 8
8 2 1 527 3
1 7 1 499 8
8 6 4 1006 9
4 2 2 924 1
5 2 9 1419 8
6 3 2 792 2
9 4 4 266 7
4 7 4 1064 7
5 8 1 1415 5
8 2 8 667 7
8 9 7 15 3
9 5 6 1121 6
5 2 6 587 1
6 3 9 980 4
6 2 9 899 9
1 5 1 599 3
5 3 6 1022 5
3 5 8 7 7
9 4 2 969 7
7 9 6 1329 9
5 6 7 1243 4
3 2 9 1201 5
7 6 2 1346 8
1 1 9 1019 2
2 3 9 1242 2
7 1 7 389 5
8 5 4 311 9
5 8 9 1426 4