450
1 5 2 5950 2
9 4 4 292 6
2 5 8 5810 4
3 7 1 4613 1
3 8 4 6415 6
8 7 4 6715 5
3 4 1 2215 7
3 5 3 3754 1
2 9 1 6058 5
4 1 5 2058 7
6 3 8 2842 6
5 4 2 1133 8
7 2 7 6517 2
7 6 3 5636 5
6 6 3 2693 7
7 1 1 4354 5
6 7 9 4213 7
4 5 4 1960 4
1 7 4 3548 5
4 3 5 3933 7
5 9 6 2654 4
3 2 3 4843 1
6 7 1 1622 2
9 7 4 189 4
5 8 5 964 3
8 9 9 6088 7
2 8 2 2894 8
2 7 4 1589 1
4 2 8 1868 4
6 2 5 6187 8
7 9 1 1316 3
4 6 5 1004 4
9 8 4 3786 9
1 2 6 1683 5
4 2 4 47 4
3 4 1 785 1
6 1 8 1432 9
6 3 2 2100 4
9 4 8 3468 8
3 7 7 4568 2
6 6 8 4200 9
7 8 5 2072 8
7 7 6 4149 9
2 2 9 1263 2
7 7 7 2253 9
6 5 9 6413 2
2 3 8 3001 3
3 7 7 2831 7
8 5 2 5074 3
4 5 6 3167 8
7 1 3 6540 9
3 6 5 4536 2
7 1 8 3829 7
2 1 8 6483 6
3 8 2 578 3
8 9 9 6376 5
1 1 9 641 1
2 3 1 5200 3
9 4 8 6520 7
2 2 1 4470 8
5 9 8 2695 1
8 5 3 685 3
6 8 4 3501 3
4 5 1 1723 5
6 9 5 4675 6
8 8 5 6184 1
2 9 3 2674 3
6 2 9 6387 4
6 9 3 6545 4
4 8 2 1632 3
6 5 5 592 4
4 6 4 258 9
6 2 2 219 2
4 2 6 5641 6
9 4 2 5307 6
1 4 5 612 6
6 8 5 4992 8
8 1 2 4329 9
4 1 7 1816 2
7 3 4 3672 2
8 6 6 2325 6
9 8 4 2548 1
9 1 1 5737 8
4 6 9 1619 1
8 9 6 291 5
2 6 5 6652 6
9 9 1 6549 2
8 9 7 153 5
6 3 3 1359 2
4 2 4 4231 7
8 5 7 4841 2
4 6 3 3332 3
1 1 8 6744 7
2 6 5 2876 5
5 8 7 5600 4
4 4 4 1034 2
6 7 8 1971 5
1 1 1 128 9
9 4 1 4801 1
4 8 2 102 4
9 9 4 2957 6
2 7 7 5839 6
8 7 9 3230 9
6 9 7 2829 8
3 5 2 112 1
8 9 7 2694 8
6 2 1 2001 6
5 1 8 1418 6
6 5 7 6496 3
7 5 9 728 4
3 4 6 3957 1
5 1 5 805 9
3 9 5 873 2
8 5 9 4338 7
1 7 8 479 8
5 3 2 4422 3
8 3 8 1520 8
3 4 8 5938 2
1 1 3 2078 5
3 9 8 361 2
3 8 8 5501 5
6 2 3 3050 4
7 4 4 209 3
4 8 9 2557 2
2 3 7 6153 8
6 1 7 1867 8
1 4 8 3688 5
4 7 6 4929 3
3 9 9 2342 5
4 7 7 3707 6
1 9 5 3872 4
9 1 5 8 1
2 7 5 2700 3
1 9 5 779 9
4 7 2 1488 5
6 6 2 1881 8
2 9 9 6606 7
3 2 7 3172 3
1 5 7 4531 5
3 7 5 5299 3
4 6 1 2402 4
6 2 5 3792 9
4 1 1 6194 7
5 6 5 5174 9
8 9 8 2437 9
5 6 3 5380 5
4 7 5 5682 9
6 6 7 1934 8
2 5 4 5001 5
3 1 6 6421 4
9 1 2 9 7
5 5 9 2712 8
4 7 3 2969 1
1 8 6 741 1
7 4 8 1069 8
6 5 1 5344 7
9 3 4 5112 8
7 7 8 3580 4
3 3 4 451 2
6 5 7 5164 3
5 1 4 6737 7
2 8 2 732 5
9 7 6 6644 7
7 7 5 6381 6
2 7 2 6135 6
6 1 5 739 6
9 6 3 2550 9
2 6 9 2586 3
4 9 4 6576 8
8 3 9 3897 8
7 9 1 4402 7
2 6 5 1355 7
5 6 2 4455 3
5 2 6 423 1
5 3 8 6503 3
2 3 8 2691 8
2 5 3 2066 1
1 3 9 6356 1
3 4 8 2418 2
8 9 2 6737 7
6 8 1 4069 8
3 4 5 4632 9
6 1 9 5325 2
2 3 2 5980 2
3 2 9 4872 4
7 9 3 575 6
5 6 5 283 1
8 8 2 488 9
7 8 8 3148 4
4 4 3 546 1
3 4 1 1243 9
6 5 6 3886 1
6 9 1 5267 6
9 4 2 6308 2
8 4 3 4425 4
2 8 4 1667 1
8 5 6 2871 8
9 1 4 5867 8
9 2 5 4876 4
7 3 7 4150 4
7 6 8 1758 1
4 8 8 1978 8
7 7 9 5235 2
6 2 4 997 4
6 5 2 4889 3
1 5 1 4330 3
2 8 6 5647 6
3 2 8 1491 6
1 8 1 1286 3
8 3 6 4375 6
1 4 2 5263 2
4 8 9 4454 5
5 6 1 2215 1
8 3 6 5230 6
2 4 3 6743 5
3 2 6 6296 1
9 5 1 868 8
5 8 6 4276 7
6 5 9 2777 6
4 3 6 256 5
6 1 4 6284 3
7 3 1 333 3
3 2 8 525 7
8 9 9 2112 6
8 9 1 1981 2
4 6 3 4647 8
8 3 1 3544 9
6 5 1 6394 2
5 1 5 5011 7
6 3 3 6485 3
8 3 4 2140 6
2 8 6 4781 9
1 1 3 5855 8
3 8 9 5194 1
3 1 7 773 1
6 9 7 5430 6
5 9 8 4230 1
4 1 2 426 5
6 2 9 2983 6
7 8 2 3515 6
6 2 7 2834 5
4 7 8 4425 2
6 9 8 2128 4
2 9 4 6451 6
2 6 3 5845 2
2 2 8 28 4
9 7 3 2906 2
5 2 2 5071 1
8 5 5 426 5
1 8 8 3204 1
5 6 8 1161 5
1 1 3 1992 7
6 6 5 2725 4
9 5 6 2221 3
1 6 7 4590 1
6 2 8 5105 3
9 6 4 5031 7
8 6 3 3403 8
7 2 6 6049 7
8 4 4 149 8
2 7 6 368 3
5 1 3 1803 5
9 2 1 327 2
1 7 7 3381 3
7 4 2 2945 5
9 2 7 2021 4
1 8 4 4066 7
5 3 6 318 8
5 5 6 229 6
6 2 7 1280 1
5 7 1 2755 2
5 1 8 4530 4
4 4 6 6136 8
8 6 6 1225 3
3 6 7 1918 9
1 7 4 4679 7
5 9 1 6596 8
9 2 5 3483 1
7 4 6 6260 7
2 9 8 5217 1
4 7 4 2195 9
1 2 6 2573 3
5 2 5 4373 2
1 4 2 6648 3
6 1 1 1159 4
4 9 1 4830 7
2 5 7 6121 2
4 7 8 894 2
1 7 9 853 4
4 8 5 1062 1
9 5 4 757 5
5 5 3 1749 9
3 1 5 213 9
5 2 6 2214 2
8 8 4 6068 3
5 6 2 1748 8
4 7 6 4953 2
2 4 2 1956 9
2 1 2 61 7
4 7 2 1921 5
9 8 3 3243 9
1 2 5 5042 6
7 8 2 727 7
4 1 8 3560 4
7 9 4 1834 2
5 4 8 5170 1
8 2 8 2336 8
3 2 6 227 4
9 3 1 4059 5
5 4 7 2233 8
6 6 2 171 8
7 1 6 6493 9
8 5 2 67 5
1 9 5 2746 9
4 2 9 6683 2
5 5 5 5464 1
5 5 3 249 1
4 6 3 4820 2
3 2 1 5914 8
5 6 4 1694 9
1 1 9 1547 5
1 2 4 3592 8
1 8 7 5534 4
6 9 4 2240 7
4 4 6 3043 8
2 2 7 5027 7
6 9 8 4977 5
5 5 3 1701 9
1 5 8 2737 8
7 5 4 2510 1
7 8 9 3804 3
8 5 5 6587 6
3 7 1 49 1
9 4 8 1638 1
9 4 8 3747 5
3 4 5 4406 6
2 2 5 1080 6
1 5 7 3958 2
9 7 9 1063 9
7 6 9 1081 2
3 5 7 6437 9
9 1 7 3844 5
2 4 8 5833 3
4 3 2 4327 6
8 4 6 1717 5
4 2 4 5915 6
7 3 8 6372 4
9 7 5 4353 3
2 3 6 3548 8
1 2 4 6337 1
6 9 8 6450 4
3 7 2 2156 6
6 6 8 4829 2
1 4 4 5186 5
6 6 3 4328 8
4 8 7 625 9
7 9 8 3156 5
7 2 6 1098 1
3 8 4 1330 7
9 6 8 1967 8
8 5 5 4493 9
7 1 2 2053 4
9 4 4 4788 3
5 2 3 2332 7
9 9 2 1171 1
6 5 6 6466 6
4 7 1 1247 1
6 1 2 6126 7
7 8 1 2800 4
6 6 6 2386 1
9 9 1 5085 7
9 1 6 5662 8
5 6 5 6190 9
7 9 7 1300 9
4 3 8 6138 2
6 2 9 3497 7
6 2 2 6004 9
1 2 3 5666 9
4 3 9 1344 8
2 3 5 1306 8
3 2 8 5721 3
8 8 4 3982 6
9 1 8 5175 1
8 2 5 4234 6
5 7 9 1364 1
8 9 8 1259 4
7 4 2 628 7
4 7 1 5146 6
2 5 3 5361 1
9 8 3 420 4
6 2 3 3774 1
4 4 8 4372 5
8 4 9 2221 9
6 6 9 616 9
9 7 8 6648 6
7 9 7 3664 9
3 2 5 1429 7
8 5 1 636 7
7 6 8 4234 5
3 5 9 3412 9
6 6 7 5118 8
5 6 1 770 2
2 5 9 538 2
5 7 1 4014 6
1 6 6 2888 8
5 3 7 5488 3
3 6 6 23 8
4 6 4 3828 6
5 2 2 2241 7
3 5 9 2647 1
8 5 9 3157 1
2 8 1 2312 5
3 7 9 4901 8
3 8 1 3090 5
7 1 6 4201 7
5 1 8 5520 4
4 4 2 1044 9
6 6 9 5968 2
1 5 4 6087 2
2 5 6 2872 5
8 9 5 644 4
1 5 6 6538 5
1 8 6 5248 6
4 5 9 4352 5
3 7 3 1812 7
6 7 5 719 1
7 5 1 4440 7
1 8 2 1482 1
9 2 6 1054 4
3 1 7 66 2
1 6 7 179 9
2 1 1 848 4
9 4 8 6457 7
7 4 4 5430 1
6 2 9 5730 4
9 8 3 4678 6
4 2 4 4509 3
8 4 1 944 5
6 3 5 241 7
4 6 7 2448 3
3 2 3 147 6
6 7 5 6022 7
3 4 4 61 7
3 5 4 1235 8
9 4 8 2013 3
3 3 3 1666 6
7 5 3 2186 6
6 5 5 1521 4
9 2 1 4779 4
4 5 7 1729 9