250
8 1 9 3348 3
2 4 3 2281 1
7 4 8 2025 6
9 9 8 3730 6
5 2 7 582 9
5 8 4 526 7
9 9 5 2686 4
2 4 7 1367 5
4 9 4 2243 3
9 9 7 1745 1
2 5 3 3719 1
1 5 2 754 5
2 6 9 2074 8
2 8 8 2598 9
6 8 1 1506 7
4 6 5 672 9
1 1 7 3637 8
9 1 1 756 3
6 2 8 606 7
3 2 7 1023 2
9 5 1 3343 5
5 4 9 3072 1
1 6 2 3556 6
4 9 7 2208 2
8 2 7 2179 5
3 6 8 1 1
3 7 4 1295 7
5 7 8 2134 9
2 4 2 1667 5
3 5 2 2594 8
9 5 3 1236 8
9 5 7 3016 5
1 5 2 1686 7
1 2 9 1475 3
9 8 1 101 2
6 7 7 1249 9
3 9 6 2433 9
7 7 9 824 3
2 5 5 1064 5
5 8 4 1563 3
5 5 4 997 8
4 6 4 1442 8
2 5 2 2936 9
7 4 3 3003 6
2 1 9 3404 7
8 1 1 925 8
6 2 8 2197 9
8 1 2 3453 4
9 2 8 3089 6
2 9 7 1720 4
8 1 5 3734 7
3 7 3 1917 8
5 2 4 1033 3
3 9 2 3258 8
7 7 9 708 2
2 7 2 2536 4
9 7 2 1333 5
4 9 8 2382 1
8 2 2 2282 6
9 7 6 1591 8
4 7 9 1716 7
5 8 3 599 6
7 5 8 3170 7
1 1 3 309 3
3 8 6 1744 9
2 2 1 2390 8
9 7 6 318 9
3 4 2 3401 6
6 2 6 484 1
3 1 8 133 7
4 3 8 3205 3
6 7 4 1186 2
8 5 1 2179 8
7 5 5 1785 7
4 1 8 2158 4
9 1 4 1278 4
6 4 6 989 5
3 1 3 963 8
2 4 5 629 4
1 3 3 850 4
5 9 4 3285 6
7 4 1 1323 7
5 3 2 3257 3
9 2 4 3497 7
2 2 5 229 8
8 4 1 3145 5
6 1 1 685 8
6 2 1 2564 9
6 6 6 3325 4
9 1 4 433 7
8 2 6 935 3
8 2 9 3025 6
7 1 1 2881 8
4 1 1 506 6
9 7 2 2238 3
1 4 9 1511 5
6 9 8 899 5
3 2 9 1335 5
8 2 8 53 8
4 8 2 2945 6
6 7 7 870 7
4 8 6 659 4
1 8 9 1082 8
6 3 5 1242 1
2 3 9 2885 3
7 5 8 2378 4
4 9 6 422 2
8 9 7 3470 7
9 2 2 1628 7
5 2 7 513 2
8 8 4 172 9
1 1 9 2175 9
1 7 9 2642 2
3 9 2 2310 7
7 8 4 660 5
6 9 2 3420 2
8 1 9 2373 9
8 7 2 3415 9
5 4 1 1257 5
8 1 2 787 9
7 7 6 2393 9
1 4 9 3499 8
1 6 8 556 1
7 2 9 1184 5
9 4 6 1022 4
4 3 6 198 3
1 3 5 3661 2
5 9 9 2717 8
6 8 7 576 6
3 7 8 1395 5
6 7 7 231 7
1 4 8 2005 4
2 7 4 3694 2
5 3 4 1610 7
9 2 9 2404 3
7 3 5 2054 2
8 6 7 3727 5
2 9 2 3636 3
5 2 7 2565 4
2 5 9 1711 7
6 8 2 1718 9
9 6 1 1229 8
2 8 6 2993 9
7 9 4 1597 1
4 8 2 1845 6
5 2 4 3658 4
6 7 1 1881 7
2 1 6 916 7
7 8 9 1651 8
6 2 2 1705 8
1 3 7 3182 5
6 9 7 634 3
1 7 7 414 7
4 2 5 1327 3
9 3 7 2327 8
6 1 1 2590 2
3 5 1 1554 8
9 7 7 3439 3
4 9 8 2243 5
7 2 3 1007 7
6 2 8 3463 9
6 4 9 3026 1
7 4 4 669 5
9 9 4 1361 3
1 3 1 1449 9
5 8 6 3311 3
8 8 3 3198 6
4 4 5 2280 6
7 8 3 2851 8
2 4 7 3545 9
4 7 1 3100 3
2 4 8 469 6
9 4 4 3428 1
4 1 8 478 5
4 3 3 2111 8
4 3 6 178 5
7 3 8 31 5
9 7 5 1360 6
8 4 3 1125 3
6 8 2 594 6
2 8 5 213 1
1 1 3 2164 6
7 7 9 1315 6
1 6 9 2320 3
6 6 9 7 9
9 4 9 461 1
2 8 8 1669 7
1 3 1 1493 5
5 4 9 2702 7
8 9 1 3549 5
6 5 4 2406 1
1 9 5 1544 4
9 6 9 748 9
3 1 7 1013 6
9 7 5 44 3
2 1 3 2762 9
6 4 6 2403 1
8 4 3 746 4
4 5 1 1094 9
3 5 9 882 4
2 4 2 1036 6
5 9 6 1842 9
7 7 2 2376 4
8 6 5 2172 6
4 7 4 471 9
2 2 7 3503 7
2 7 3 1928 8
2 1 3 654 1
2 2 3 2701 8
4 3 3 115 5
8 9 8 704 3
4 5 2 769 5
5 7 1 2378 2
7 4 1 1836 3
5 4 1 3746 2
6 3 6 255 9
3 5 5 3453 9
9 6 3 3337 1
2 7 2 40 2
9 9 3 2576 5
9 8 9 479 3
8 3 7 981 7
7 9 1 901 7
7 9 9 1282 2
4 8 8 1563 1
8 6 2 409 7
5 2 6 1189 8
6 9 8 1411 6
1 3 3 3024 6
9 5 9 695 7
2 3 6 56 5
7 5 4 2737 5
7 6 2 385 3
3 6 2 3065 8
4 8 2 2862 6
3 4 7 430 6
9 5 4 2547 5
7 1 4 2639 1
9 3 7 1296 6
6 1 6 671 7
4 5 9 3356 6
5 9 9 866 8
2 2 5 2729 4
7 8 7 1499 3
9 1 8 2065 5
6 5 8 3670 1
7 9 4 3243 5
8 2 4 1265 2
6 4 9 765 4
8 9 6 2245 9