300
10 1 7 81 5
1 2 4 406 8
7 5 5 392 1
7 8 8 51 8
9 6 9 63 6
6 2 3 63 7
1 8 1 486 7
4 3 4 310 10
10 8 5 178 10
1 1 1 160 2
3 6 7 463 3
7 9 1 44 5
6 8 8 539 1
5 5 1 486 9
4 9 6 355 10
2 5 7 183 6
5 2 1 443 9
9 7 9 162 1
9 7 3 312 10
4 5 2 64 9
9 9 9 594 6
3 6 4 605 4
7 2 10 284 8
6 4 4 410 1
3 1 7 450 8
1 6 2 199 6
9 8 6 312 8
9 8 8 462 5
2 5 5 279 4
3 5 2 431 6
9 8 6 518 10
10 9 7 206 5
7 3 8 448 5
5 7 7 405 8
7 7 5 73 2
6 9 9 301 2
6 6 8 613 9
7 6 5 347 8
7 3 10 467 8
2 9 7 139 9
5 2 2 15 3
7 5 7 535 1
8 4 2 275 2
1 2 7 271 8
9 1 1 414 10
2 8 9 548 4
10 2 6 480 10
8 7 8 176 1
6 1 5 393 7
6 5 1 174 5
4 4 9 540 1
9 2 9 564 10
6 4 4 494 1
2 4 5 62 4
10 8 5 38 6
7 9 4 572 3
7 2 3 341 7
4 3 1 122 8
10 6 9 341 7
8 4 3 304 2
1 7 6 501 8
3 6 2 596 1
1 1 7 343 9
2 3 6 203 10
9 2 8 372 4
10 5 8 498 1
9 4 1 522 6
10 9 1 577 5
9 4 8 211 5
10 6 9 259 5
9 7 1 281 3
9 2 9 283 7
7 9 2 181 2
4 1 5 481 10
9 8 3 473 3
6 5 5 102 6
4 5 5 610 4
10 1 3 21 6
4 2 10 116 2
3 8 1 89 7
6 2 4 294 9
3 7 6 206 8
4 2 3 41 2
7 1 4 421 8
6 6 7 308 5
3 7 10 434 9
1 5 6 205 5
4 3 9 210 5
2 6 8 339 6
1 6 1 532 6
9 3 6 38 7
8 2 6 398 9
8 5 5 305 8
1 3 5 584 3
10 10 6 535 5
4 9 10 173 3
9 10 6 432 2
1 4 3 242 5
7 3 10 68 2
4 3 6 226 10
2 4 2 423 8
10 10 4 282 10
5 9 5 92 9
3 10 4 180 6
6 1 10 268 9
2 4 7 431 6
10 1 7 322 5
8 2 6 361 9
3 1 9 360 6
6 7 4 37 7
9 9 3 120 7
5 5 6 568 8
4 9 1 387 9
2 3 2 149 1
7 8 4 235 6
7 7 7 526 9
7 5 4 373 4
3 5 1 507 4
5 3 6 365 3
4 5 3 545 7
2 7 7 240 5
8 3 2 161 5
1 10 3 63 10
4 8 9 215 2
4 9 7 211 6
4 7 10 248 6
9 3 5 296 10
8 4 6 40 1
10 4 10 388 10
2 10 6 87 7
3 3 1 345 10
3 9 1 213 6
8 3 10 391 7
1 10 7 190 3
4 8 7 443 5
9 2 3 265 3
10 2 5 571 6
4 3 8 433 9
9 1 4 539 4
4 8 9 505 7
1 8 4 371 4
6 10 10 282 7
5 9 7 431 10
8 7 8 574 9
4 2 1 459 8
4 2 8 367 2
9 1 1 460 5
7 2 4 441 2
9 5 2 312 2
10 8 9 178 1
7 3 7 278 7
1 3 6 20 9
5 8 9 30 3
6 3 6 585 6
10 9 9 480 5
4 7 2 182 10
6 5 3 47 2
8 4 2 49 7
3 4 1 495 5
2 3 8 329 10
1 10 10 426 4
5 9 10 472 6
4 3 1 9 5
2 7 3 273 8
3 5 2 70 7
3 4 4 122 9
4 2 3 453 8
5 8 8 198 6
9 7 2 469 4
2 5 6 465 9
3 5 7 65 9
4 2 9 388 5
1 6 2 365 1
3 1 8 362 2
6 4 1 123 3
4 10 2 511 1
1 6 7 610 6
8 7 3 75 3
3 4 6 266 3
9 4 7 362 8
8 2 8 374 5
9 2 7 279 2
5 7 2 340 7
10 1 8 181 8
6 2 10 255 9
1 1 7 90 1
4 2 1 327 7
10 7 8 451 10
8 9 5 333 10
4 4 5 70 10
9 1 4 447 10
6 5 4 311 8
3 6 7 281 8
8 4 1 176 3
5 4 3 335 3
4 6 2 612 10
10 3 3 493 8
4 5 4 267 3
7 5 1 247 3
1 1 6 291 8
6 8 1 503 6
4 2 6 318 3
2 4 2 328 2
5 2 8 562 4
7 8 7 128 4
4 8 2 376 2
5 9 4 271 5
4 7 9 489 5
5 3 2 89 2
9 10 9 175 8
7 7 3 350 2
6 1 7 521 7
4 5 1 93 4
7 10 2 464 9
1 5 2 214 9
5 3 8 383 6
3 5 5 454 9
5 5 8 56 8
2 4 10 599 7
8 6 9 406 4
7 4 3 599 1
3 9 8 63 9
1 1 8 412 6
9 10 10 328 10
7 2 7 118 9
6 7 1 39 3
3 10 4 254 2
9 2 1 541 10
1 8 7 343 3
3 10 8 419 9
5 9 2 237 3
2 7 6 548 7
6 10 3 136 5
7 5 1 487 8
1 6 5 539 4
6 3 6 196 4
10 2 7 612 2
3 4 1 487 10
4 5 4 302 10
5 1 9 93 5
1 10 4 515 5
1 10 6 172 2
8 1 4 340 6
6 1 6 419 3
3 8 3 379 3
9 10 3 138 8
6 2 8 449 7
5 9 6 393 6
5 9 3 103 7
2 10 4 81 9
5 6 3 23 9
6 3 3 427 6
1 3 4 146 5
4 10 5 63 4
8 1 7 383 5
1 8 1 27 3
7 4 2 294 10
6 5 7 518 6
2 4 7 213 7
1 7 8 393 5
1 5 5 533 4
9 2 9 450 7
9 10 5 410 3
8 5 4 110 8
3 3 8 400 6
3 8 6 225 5
10 4 9 185 8
4 8 7 286 7
3 8 4 505 10
4 9 5 571 5
4 4 2 270 1
3 2 1 437 9
7 7 2 578 10
4 7 5 435 7
3 8 6 411 1
3 9 4 436 8
7 8 5 328 5
1 5 4 461 1
5 1 1 182 9
3 10 5 517 9
1 1 10 417 7
9 9 7 251 1
4 3 2 518 2
8 3 1 76 8
4 4 4 312 8
8 9 10 564 2
6 1 5 366 2
1 10 2 16 6
10 6 1 110 2
7 10 6 541 3
9 2 3 302 6
10 2 8 236 7
6 7 6 302 3
10 2 6 514 2
5 9 3 318 6
4 9 3 387 1
2 8 5 248 4
4 1 8 121 10
10 6 5 234 3
5 3 4 438 5
