350
5 2 4 689 3
5 6 6 98 10
6 2 7 64 2
6 4 5 376 8
4 4 1 305 2
10 7 1 329 1
7 2 1 481 7
1 4 7 124 8
9 2 10 670 3
2 10 6 196 6
5 7 4 289 10
9 1 3 280 1
5 9 1 39 2
1 6 6 369 10
10 6 10 687 9
6 8 2 597 4
6 3 7 388 3
1 1 8 532 3
6 3 8 155 10
4 1 1 475 1
6 8 6 362 9
5 10 1 380 5
2 7 9 398 4
7 1 8 573 9
5 2 3 297 7
4 1 9 141 9
10 5 7 256 7
4 1 3 40 2
4 2 10 60 7
9 1 2 128 1
10 7 4 684 8
2 6 1 564 3
3 5 4 494 6
8 2 5 151 8
1 10 2 556 1
4 5 10 409 10
5 9 8 173 2
6 1 3 491 3
10 2 9 717 6
7 3 4 457 4
1 9 3 103 6
9 1 1 184 10
1 5 8 463 7
8 5 6 687 9
3 3 8 368 9
10 10 8 492 4
10 10 8 551 7
7 10 9 620 7
5 9 1 471 6
5 5 8 389 10
9 4 7 26 2
3 1 1 570 6
2 7 4 281 10
7 3 5 24 9
9 5 8 194 1
6 1 3 657 6
8 8 10 432 3
1 4 9 175 4
2 6 7 229 8
1 3 6 598 7
10 4 5 497 1
6 2 1 465 2
10 3 8 701 1
5 1 2 311 9
10 2 9 673 10
4 7 5 354 1
6 7 7 239 2
3 4 3 451 3
1 9 3 404 7
6 1 2 695 8
8 5 5 466 2
1 6 4 525 3
5 4 9 121 10
7 8 9 602 4
10 1 3 214 10
2 10 9 121 4
3 1 6 126 10
5 8 2 546 1
2 8 7 587 9
10 3 7 104 10
6 5 7 635 8
9 6 3 454 4
5 6 6 102 6
4 3 6 698 2
6 9 2 443 9
7 4 7 535 10
2 7 10 321 1
9 8 1 105 3
8 3 6 157 6
7 5 6 231 9
1 7 1 139 1
7 3 1 583 10
7 9 10 128 9
4 6 6 474 10
4 10 7 391 9
8 6 3 456 5
8 9 5 365 4
8 6 10 639 9
7 9 3 716 8
7 3 6 443 2
6 3 8 150 4
5 1 4 541 9
1 9 4 498 2
5 5 1 313 3
2 9 6 618 6
10 2 9 587 5
4 10 5 72 6
4 5 8 455 10
6 6 4 295 4
2 3 5 43 6
1 1 9 54 8
2 6 5 333 6
5 9 3 486 1
4 2 8 338 10
1 3 1 451 1
10 3 3 396 8
3 10 8 521 4
10 5 1 400 4
3 5 5 696 7
6 3 9 690 2
5 3 9 507 5
9 10 4 687 8
10 1 3 458 3
2 6 7 644 10
3 5 5 465 2
8 1 1 515 9
5 7 5 491 9
7 6 5 600 1
7 4 9 445 1
7 5 3 375 6
4 2 7 491 8
4 1 9 273 8
10 1 9 111 6
8 6 2 546 2
10 6 5 371 2
9 7 6 343 9
9 4 10 235 7
8 7 7 308 9
4 8 1 485 6
3 9 7 305 10
1 6 10 558 7
10 2 7 248 4
3 8 9 108 6
9 2 6 203 6
2 4 5 346 7
9 7 5 251 3
4 4 8 16 6
6 1 7 27 7
9 6 5 284 9
3 6 9 313 10
5 8 1 335 8
7 10 5 288 2
1 10 9 406 5
8 4 9 246 2
1 1 1 277 6
5 4 6 543 3
3 9 6 182 6
3 3 7 587 10
7 6 6 472 3
3 9 7 262 8
1 6 7 684 2
2 5 5 517 10
2 5 4 107 9
2 4 9 307 8
3 6 4 631 2
3 8 9 623 10
6 6 8 303 6
2 10 3 280 4
9 6 5 570 1
10 5 9 713 9
10 1 4 486 1
8 7 6 405 8
3 9 1 221 8
8 10 2 232 1
6 1 4 497 2
5 10 7 242 5
4 10 5 497 10
8 3 10 345 10
1 5 1 542 5
5 9 9 182 3
5 4 7 336 5
9 8 2 650 1
8 8 10 308 6
10 7 5 146 4
4 4 9 312 5
3 10 6 288 8
6 10 6 350 4
8 2 4 140 10
3 7 8 231 10
8 2 9 351 6
3 3 1 499 8
6 1 6 647 2
9 4 7 224 8
1 3 3 342 7
8 10 6 202 2
3 10 5 519 5
5 4 5 463 8
2 4 10 707 9
2 2 10 338 6
5 4 6 494 7
8 6 6 252 7
5 7 1 221 3
6 9 4 356 3
8 4 2 596 7
1 9 4 287 4
10 4 5 516 5
6 2 6 490 4
2 3 10 411 8
7 4 8 564 1
3 6 1 372 6
9 7 1 576 3
10 7 5 204 6
8 2 10 93 3
1 4 2 44 10
9 5 3 399 4
4 9 9 490 1
6 5 10 249 4
5 2 6 313 9
9 8 8 492 8
1 3 5 679 1
4 6 7 698 9
1 5 1 341 7
2 8 1 651 1
5 7 5 660 9
5 5 6 460 6
5 8 10 122 9
1 1 1 289 7
8 3 5 591 7
3 6 7 291 3
7 4 4 288 3
6 4 8 348 8
10 7 9 625 4
9 3 4 528 3
10 5 9 300 5
5 1 2 566 7
6 2 7 228 2
1 4 9 449 1
5 3 8 660 3
8 3 4 678 10
4 5 1 324 1
2 2 9 653 2
2 6 7 100 6
4 7 5 355 7
9 1 2 385 5
4 1 7 55 8
5 7 2 172 8
4 4 10 295 3
1 2 3 89 5
1 3 9 504 6
3 5 8 664 7
3 9 8 504 5
7 4 3 490 6
5 5 7 92 8
6 2 4 471 9
4 5 2 471 1
3 5 6 269 8
2 10 4 292 8
9 2 5 457 1
2 8 1 520 3
9 1 2 445 10
10 7 3 88 4
9 6 9 72 3
6 2 5 454 10
8 9 4 49 2
4 1 4 74 9
3 5 10 379 10
1 9 6 585 8
10 8 6 368 6
8 9 1 87 5
6 2 7 101 5
6 1 7 378 8
3 4 5 59 5
4 7 10 584 10
8 8 10 254 7
1 6 7 472 8
1 3 7 31 2
10 1 6 701 6
7 1 7 534 1
9 7 6 450 7
7 3 6 692 1
8 7 3 110 7
10 2 9 102 1
10 2 7 23 4
1 5 5 576 8
5 6 3 517 3
5 1 6 96 8
1 7 4 267 6
3 4 9 614 5
9 10 6 276 4
7 4 4 474 6
5 4 2 375 1
4 10 6 587 4
9 9 2 707 9
8 8 2 132 3
4 10 9 86 7
10 1 9 419 1
7 3 7 547 4
3 6 5 608 1
6 8 10 470 7
4 10 8 125 7
9 3 4 250 4
2 1 8 411 2
9 9 5 462 1
7 9 2 499 8
2 10 10 284 8
8 9 4 334 8
3 5 10 104 10
3 5 1 146 7
3 1 3 123 8
4 9 6 412 1
3 10 9 96 4
4 10 4 345 8
9 1 10 70 2
10 5 4 624 10
3 6 7 69 10
1 3 3 93 10
7 8 7 485 10
10 1 6 52 4
1 8 4 707 8
6 2 8 594 2
5 7 8 478 10
3 10 1 18 4
4 4 4 687 5
6 10 5 546 8
1 9 1 390 10
7 6 7 301 9
5 6 5 214 7
8 4 6 60 1
4 9 7 252 8
3 5 7 463 8
2 3 5 485 4
8 9 5 172 7
3 10 1 293 5
6 8 4 53 1
1 2 7 123 1
7 6 9 211 9
7 10 5 703 1
9 8 1 26 3
1 5 8 84 7
3 2 8 552 4
4 9 9 700 10
3 8 3 256 2
1 5 4 553 3
10 2 9 610 7
1 5 4 620 9
7 2 9 498 3
6 3 4 214 1
7 9 9 599 7
6 1 1 599 6
10 9 9 434 2
