50
7 6 7 37 8
7 3 8 45 2
5 3 3 14 8
10 5 6 26 8
2 6 8 54 10
7 1 8 114 9
10 4 2 107 7
9 3 3 99 10
7 5 7 25 1
2 1 7 15 2
7 7 5 78 4
5 1 7 108 1
7 1 8 87 2
3 4 3 38 7
2 6 3 78 7
8 1 5 85 8
10 9 1 24 6
1 10 5 63 6
1 9 6 84 3
6 4 4 19 9
4 5 3 61 7
3 8 4 22 4
5 4 7 37 2
1 7 5 87 3
4 10 7 48 3
6 7 1 25 1
5 4 7 27 8
7 4 8 70 1
8 2 3 15 4
2 10 8 21 7
1 2 10 72 2
4 7 9 33 6
7 1 6 84 4
6 1 7 22 4
2 9 4 39 4
2 10 8 115 2
1 7 3 70 10
8 6 10 78 6
8 9 6 48 3
3 9 4 42 8
1 8 6 20 1
1 3 10 25 8
9 8 10 120 2
5 6 5 41 2
4 5 9 67 8
5 1 3 78 1
9 2 1 78 2
7 1 6 111 5
5 1 2 50 8
1 5 3 48 6