250
1 9 10 171 4
1 6 2 199 5
5 10 5 331 7
2 6 4 59 7
4 1 2 21 5
6 3 7 286 6
10 10 3 159 4
10 1 9 100 1
9 2 5 499 5
10 6 4 133 4
6 6 2 360 3
1 6 7 33 4
4 3 2 230 5
5 2 2 482 9
8 6 6 346 6
5 5 6 166 1
7 5 1 424 4
9 6 1 172 10
9 5 6 24 1
10 2 10 506 4
7 5 5 432 3
5 4 4 397 3
8 8 8 342 3
3 3 1 90 1
7 5 8 360 2
3 2 6 237 6
6 5 4 276 4
8 2 4 307 5
8 3 9 133 4
6 2 7 300 6
10 3 1 420 3
6 8 7 314 8
8 5 1 294 7
7 9 9 301 9
4 8 10 502 1
7 9 8 168 1
9 7 8 144 9
8 7 4 301 1
3 9 6 223 4
6 3 6 225 10
4 3 1 147 2
8 8 10 46 9
3 1 8 104 2
2 10 2 240 2
4 7 7 316 3
8 8 4 332 10
8 9 10 224 9
9 9 5 471 4
6 1 6 489 9
5 1 10 350 9
8 4 2 36 2
8 10 4 347 5
7 10 4 191 1
4 4 4 355 2
4 2 10 495 9
5 9 8 151 9
8 7 4 507 7
6 6 7 432 2
2 6 3 229 3
6 3 3 307 9
6 10 6 69 7
2 8 7 128 5
1 5 6 238 2
10 3 4 326 4
7 1 1 461 9
8 7 10 164 10
1 9 6 370 9
10 8 4 218 8
6 4 10 102 2
4 8 3 61 5
3 7 4 385 9
5 4 10 93 6
6 2 4 377 3
2 6 4 196 2
8 3 8 453 4
6 10 6 97 3
1 4 1 176 7
10 1 9 414 2
5 9 8 410 9
7 6 5 416 3
10 3 3 126 10
8 5 4 267 7
2 10 7 216 10
1 7 9 497 9
5 6 1 238 9
8 7 2 203 9
2 4 6 31 6
4 10 7 165 7
10 4 7 280 10
7 5 5 376 1
6 4 10 463 6
3 5 8 171 5
6 6 9 178 3
5 2 1 466 5
4 6 6 221 7
9 7 8 224 8
9 5 1 206 3
5 7 3 297 1
2 4 2 296 2
5 3 6 187 3
2 3 1 491 10
2 9 10 367 6
5 7 2 36 2
7 2 3 327 4
7 8 7 337 7
3 5 1 258 2
1 6 10 95 10
5 5 2 396 10
9 8 10 408 1
5 8 7 452 5
10 7 6 318 3
9 5 9 116 5
6 4 3 56 7
3 7 6 325 3
7 2 5 311 8
9 1 3 471 2
4 4 3 346 6
1 1 1 207 3
3 3 2 255 6
8 5 10 510 5
4 4 2 249 4
9 3 6 428 1
9 5 7 58 9
10 4 4 337 1
4 1 10 305 7
3 4 3 454 5
10 7 7 258 10
1 2 5 187 8
10 1 5 288 9
1 6 5 75 8
6 3 2 173 9
3 10 3 236 2
8 9 9 80 4
7 9 2 160 5
8 7 8 178 10
1 4 9 212 9
5 3 9 180 4
9 2 7 30 1
2 2 10 86 9
1 1 9 449 4
5 4 8 371 9
9 5 6 274 3
7 3 8 76 1
3 6 7 363 1
8 8 9 190 8
1 6 10 18 4
2 7 1 162 6
9 8 10 182 4
6 10 2 111 3
1 9 2 156 9
5 2 4 428 10
5 8 3 371 4
6 1 5 409 1
1 4 3 363 5
3 2 3 309 8
5 1 7 266 5
7 4 8 177 1
10 3 1 485 6
7 7 4 57 3
10 1 3 435 7
3 7 10 110 6
3 4 2 370 1
2 6 7 473 9
3 3 7 160 7
1 10 1 437 4
1 3 2 468 7
10 9 4 245 6
6 1 10 28 6
4 10 2 248 3
8 4 3 272 9
8 5 5 382 10
2 1 10 110 2
6 3 6 375 7
4 9 8 238 2
9 1 5 313 4
2 1 5 82 6
10 6 10 454 10
9 6 6 510 2
5 7 4 183 7
7 9 9 398 1
7 3 7 491 1
10 7 2 266 6
10 8 8 468 2
2 9 10 199 1
3 5 10 407 9
3 9 10 318 6
10 7 10 497 5
6 5 9 297 2
5 4 6 125 9
10 10 5 155 4
2 5 10 184 6
1 2 2 352 10
7 8 7 425 1
8 3 4 384 5
9 1 1 160 5
3 7 4 229 3
9 7 10 210 4
8 5 2 441 5
2 4 8 393 7
10 6 7 66 2
6 4 8 82 8
1 1 10 83 4
7 9 5 41 8
10 5 8 334 4
10 8 1 199 4
6 8 2 214 2
7 9 8 493 3
7 6 10 190 3
3 8 7 25 6
7 1 9 499 6
1 9 7 328 8
3 6 1 315 7
3 4 5 436 6
2 5 2 274 3
2 1 2 288 5
10 1 4 335 3
8 9 6 220 5
1 5 6 89 7
1 3 8 289 9
6 1 5 335 9
9 7 4 383 8
2 8 1 21 8
10 6 2 491 7
1 3 8 393 6
8 1 9 139 7
5 6 3 295 1
10 6 5 157 6
3 8 8 407 1
3 4 6 206 10
9 2 5 331 6
6 2 3 209 4
8 2 8 216 10
5 1 3 50 5
4 10 9 317 8
7 5 2 221 4
6 8 6 238 9
9 5 8 299 3
5 3 4 330 6
10 7 5 416 4
5 4 1 190 7
9 7 10 227 9
5 2 10 432 3
3 7 8 360 10
5 9 9 377 4
6 9 2 270 10
10 5 8 335 7
5 6 3 378 4
4 4 8 239 1
1 6 8 468 6
7 5 1 448 10