150
15 13 11 418 4
15 9 5 175 4
9 9 7 2546 8
11 10 1 84 6
10 10 15 608 10
1 15 2 504 10
7 1 9 2373 8
7 12 11 504 8
13 11 8 184 3
2 2 1 776 1
10 13 4 266 9
9 12 10 1854 5
14 10 10 924 6
8 1 5 1989 10
15 14 7 756 5
9 7 1 1298 9
5 13 15 2280 6
10 10 1 948 3
5 2 11 2394 7
3 7 10 1044 6
14 14 12 119 8
4 11 3 168 2
15 2 8 760 2
13 1 6 704 10
15 7 4 1260 10
13 11 13 1806 7
1 12 10 1260 7
11 12 11 420 6
8 7 11 1806 8
5 7 15 60 3
1 7 15 1638 9
5 10 13 182 5
11 10 15 594 5
15 3 3 1280 1
13 2 5 1428 1
3 3 4 143 2
12 11 4 518 8
3 8 10 900 10
14 14 6 1088 3
13 10 1 220 2
7 9 2 1122 2
9 12 8 812 1
9 1 4 1166 8
5 13 4 1420 2
7 7 11 1190 2
2 15 1 665 9
4 6 13 640 6
8 8 10 3146 1
4 6 7 1408 5
13 11 1 1498 1
5 10 2 676 4
13 8 6 646 7
2 15 13 429 2
4 7 15 2793 1
12 9 10 1708 2
10 9 1 494 7
1 2 4 342 10
5 5 1 1178 9
9 12 13 1845 9
2 5 3 2660 4
4 5 4 665 10
2 10 2 990 1
2 7 13 2299 7
15 7 6 1365 10
4 2 12 1131 2
10 3 9 603 2
1 8 11 735 7
1 13 3 384 1
7 11 1 1159 2
7 11 4 440 8
4 8 11 2835 2
1 13 3 630 9
7 15 10 736 1
5 7 3 1224 2
9 6 10 1743 1
13 11 11 1001 5
9 2 8 777 10
3 9 2 2482 4
3 7 7 1335 6
15 1 4 289 5
5 1 5 2380 3
10 8 15 912 7
4 6 4 1938 3
10 2 6 410 4
13 4 12 2020 1
6 14 13 285 6
9 6 8 920 5
7 6 2 981 3
12 13 6 846 10
1 8 7 1397 10
15 8 2 140 6
13 6 9 682 10
9 8 9 126 1
4 10 15 1372 1
8 5 11 1035 5
9 9 11 600 10
11 3 10 315 10
3 12 14 2499 1
11 1 12 2420 6
11 9 11 1490 10
9 6 2 1836 2
14 9 10 1500 7
8 8 5 969 3
6 3 3 112 5
10 13 15 168 4
14 7 12 1034 7
15 11 12 984 3
12 1 14 650 7
15 7 2 1020 7
3 11 7 1060 5
5 2 11 1298 1
9 7 12 2363 1
11 1 9 351 6
8 5 8 2882 6
10 10 8 784 6
8 11 7 2178 5
15 8 11 1632 4
2 15 5 781 7
12 12 2 408 1
9 4 13 374 6
4 1 1 420 2
14 9 15 1152 5
2 15 15 2109 7
1 2 8 336 3
5 10 12 56 10
3 14 12 1116 3
6 7 6 1672 3
11 7 4 1188 7
13 2 14 1581 8
1 10 6 2072 5
4 12 8 1911 1
13 9 1 1625 3
5 10 9 774 4
12 1 14 2470 4
15 11 13 584 8
1 14 13 2070 4
15 10 9 2100 10
14 7 6 1035 9
1 1 8 2016 4
15 6 5 2329 5
10 14 7 1053 1
3 2 11 2184 1
1 2 2 1128 5
11 11 14 9 3
14 9 5 66 5
15 1 11 585 5
7 9 10 99 3
12 9 11 319 7
9 2 11 2610 2
6 8 2 44 6