450
2 14 7 826 8
15 11 4 600 8
14 5 11 1378 6
10 8 2 4257 1
10 6 14 3855 4
12 15 14 2024 9
10 6 5 4662 7
12 2 10 3333 8
6 3 8 6624 10
7 10 9 1456 6
2 5 11 7920 5
1 5 7 180 2
2 13 15 4896 4
12 8 1 1386 10
3 9 8 6987 10
3 3 12 4090 5
12 13 1 3010 6
8 10 4 496 6
12 10 13 3504 8
8 13 7 936 6
5 8 4 4170 4
1 2 11 560 7
2 4 1 672 6
12 10 10 4081 4
1 7 12 2800 2
12 7 12 2560 6
13 12 15 4246 2
5 8 2 4059 9
6 9 2 4769 10
14 6 6 3240 10
6 10 2 2400 3
6 12 2 4158 1
2 13 5 1936 7
5 7 1 7700 9
8 10 12 855 9
6 5 9 4901 4
12 6 1 3160 9
10 1 4 5500 1
12 5 8 5010 8
3 5 4 7060 5
10 9 15 1395 9
6 10 6 2760 8
15 12 1 4664 7
8 5 5 4004 10
3 1 14 2177 6
5 8 9 3726 2
12 2 9 7140 10
1 6 6 3464 8
8 2 13 3040 7
13 4 5 2717 3
4 14 2 2882 6
13 9 10 1856 1
4 7 1 2052 4
5 4 4 3934 9
12 1 14 7164 3
14 12 4 1794 2
1 9 1 1178 5
4 15 10 1188 10
12 5 8 5406 6
14 5 8 602 6
9 4 13 3306 4
7 1 6 8037 3
10 12 13 2457 8
6 15 10 2768 2
15 5 15 2700 2
13 11 11 8040 9
12 5 9 77 5
12 2 10 2464 2
7 13 13 3900 7
8 9 14 483 7
8 11 12 84 1
10 9 5 7565 1
7 4 7 2530 9
11 5 10 3324 1
12 14 14 4720 1
8 6 13 4137 7
3 1 13 480 4
9 15 6 1261 10
7 5 11 374 9
14 6 11 156 2
15 2 6 2664 6
7 8 9 8800 4
4 8 10 2152 6
11 14 15 5560 2
15 9 9 8046 5
14 12 7 6520 5
13 6 2 3627 2
12 8 2 1520 8
15 13 1 6153 7
12 11 15 3876 1
15 5 15 7174 5
12 14 12 7326 10
12 2 9 32 7
12 12 6 5790 4
3 10 1 6783 6
11 9 5 2184 5
15 2 11 1920 8
14 6 4 7056 4
8 1 7 4446 6
1 15 5 5320 7
5 14 15 5390 3
4 4 5 1490 10
2 2 11 1197 3
11 11 13 2864 3
2 15 7 8602 6
2 3 10 7310 10
6 14 3 180 7
7 4 10 423 5
10 2 14 6460 10
12 13 11 3195 10
10 1 11 4382 1
11 6 10 6555 5
7 11 11 224 3
14 9 15 418 9
8 6 6 6341 6
8 7 7 756 6
7 4 9 6023 6
5 4 9 2940 6
7 2 5 840 5
1 3 4 5304 6
4 7 11 4095 6
13 13 7 7277 7
14 11 5 4277 8
11 8 3 2109 8
6 11 15 2860 10
2 5 15 3101 2
4 6 15 1984 3
3 15 11 6860 10
9 5 10 3770 9
10 14 13 1920 10
11 5 12 3173 5
2 13 8 1292 10
3 7 9 3586 10
11 7 11 4260 1
2 10 11 1958 1
13 7 4 700 6
13 8 6 3072 6
4 5 5 1701 5
10 14 9 8228 7
5 12 4 2034 9
4 7 3 7686 3
5 5 9 3960 7
11 11 7 3927 7
3 13 8 6300 3
1 4 3 3490 8
2 5 2 2448 6
1 3 6 4466 7
15 2 9 1155 8
1 6 15 5962 2
11 1 10 8303 6
13 6 9 3512 6
14 7 6 5782 6
2 12 15 2527 7
10 14 3 516 6
3 6 3 2072 10
10 13 8 4914 8
10 11 1 656 10
9 4 7 7580 4
13 1 4 1160 1
12 9 15 1944 1
6 6 11 4064 7
14 11 1 3708 4
8 15 11 3472 2
15 13 3 216 6
9 3 8 4020 4
6 13 14 3576 2
9 5 3 3840 9
13 2 7 2392 3
7 12 6 3582 5
3 13 3 1416 7
8 15 11 3297 10
1 7 14 3648 9
2 14 2 1392 5
1 8 9 4716 7
10 10 3 570 7
2 10 3 2700 10
14 4 9 4444 6
3 15 8 4800 2
3 3 9 1220 9
10 4 11 336 4
6 5 14 1862 2
4 8 10 20 5
5 4 5 963 6
9 6 12 945 3
10 4 1 2904 7
10 4 2 4906 4
10 6 9 9592 10
3 14 10 6596 2
10 15 6 3808 3
15 8 6 7707 3
3 1 3 3150 10
6 10 15 960 7
8 9 14 3204 10
7 10 10 4784 8
1 3 15 1272 1
11 9 8 630 8
13 3 5 95 6
4 8 2 1606 7
10 12 6 8379 5
2 4 2 2064 3
15 1 14 5446 1
5 15 5 1560 3
12 5 6 3154 1
13 8 7 1792 7
6 1 2 4718 1
12 11 10 2286 9
12 9 11 3612 8
5 1 7 2667 1
9 2 7 2180 2
12 2 7 2646 7
8 6 4 1292 4
6 12 12 7062 2
15 12 8 2635 8
12 5 13 7370 2
5 3 15 546 8
1 12 5 3580 9
13 13 11 2860 4
7 6 12 4539 3
6 6 11 6480 1
2 5 8 1880 1
7 13 13 4097 10
9 1 3 901 6
15 10 13 3760 7
9 13 4 770 8
15 13 13 672 5
8 4 8 1610 3
1 7 14 6180 6
14 14 5 4634 2
1 3 2 3360 4
14 15 13 5490 7
15 4 12 1647 7
7 12 14 1170 4
6 7 9 3424 6
12 2 4 98 7
4 15 11 2790 7
13 14 3 5603 6
7 10 2 2128 7
12 4 14 4365 4
13 9 7 230 2
8 12 14 748 2
11 9 8 3798 6
13 11 6 6735 10
9 13 2 2035 5
12 13 10 546 2
1 7 13 4233 6
4 2 2 2000 4
3 5 8 6314 8
15 5 11 2842 1
10 3 11 4284 5
1 7 11 2135 6
13 14 5 672 5
6 12 2 4554 2
6 14 15 5022 3
9 12 15 3150 1
10 11 15 3949 9
9 6 8 2370 9
15 2 14 2538 1
10 14 7 4000 3
5 13 10 1680 5
3 4 13 5085 8
14 10 3 4100 9
6 5 10 3784 4
10 7 11 228 8
8 14 9 28 9
4 7 9 858 4
2 1 12 4360 9
4 12 7 2114 3
13 10 1 7440 10
3 15 7 5328 5
3 2 11 3485 9
2 3 15 630 2
1 1 11 3003 9
13 9 2 962 2
13 10 4 8320 8
15 1 5 1540 2
2 3 8 7225 2
10 5 14 972 5
7 5 4 522 2
11 6 12 4580 4
15 2 7 5049 5
8 9 8 4760 6
14 10 10 4893 2
2 6 14 2299 8
12 8 2 704 5
1 13 10 8404 6
8 1 5 2412 3
14 10 11 203 10
5 9 4 407 4
15 7 5 1246 6
3 12 10 5644 7
7 15 6 2040 3
3 7 6 2548 7
14 9 5 5552 8
12 2 3 5390 5
14 3 10 3718 3
9 10 12 4199 2
4 8 8 918 7
4 5 9 4312 8
9 14 9 484 3
10 14 13 9218 8
12 5 14 840 2
12 4 12 8904 5
5 3 11 1010 10
3 10 12 1752 2
13 3 1 561 1
13 4 4 2816 4
5 9 4 630 10
14 11 3 3620 9
1 11 13 6272 10
4 4 7 8316 3
14 1 4 1037 3
9 8 9 3744 2
14 7 12 1029 1
4 1 6 7194 3
10 8 14 924 6
7 3 15 7416 9
7 14 10 4313 9
1 1 9 7400 7
6 2 7 4334 1
6 14 6 7150 9
11 15 4 4012 3
2 7 6 4180 4
12 13 4 6512 4
5 15 1 6137 6
8 3 13 7293 4
14 1 6 1144 5
10 10 12 4158 2
9 6 6 1420 6
10 9 1 2580 9
5 4 1 7308 10
11 8 8 3945 10
10 5 13 5219 10
6 15 2 4896 6
6 7 11 5780 10
1 5 3 5984 7
5 15 9 272 3
8 3 5 1968 7
8 13 8 917 2
3 4 3 3510 3
3 10 10 1539 10
14 6 4 1743 8
11 6 11 1998 7
15 5 3 1800 2
15 6 12 7110 7
10 4 14 2363 10
8 12 11 1072 4
10 4 2 4774 5
3 14 11 1008 9
4 2 2 1422 3
3 13 10 1476 3
4 2 1 1340 4
3 10 6 7940 5
6 7 2 1155 3
9 9 12 7665 6
13 1 6 414 10
10 6 15 4032 9
11 3 5 5152 3
7 3 14 91 5
15 10 11 900 4
11 3 15 3208 7
2 15 14 1122 3
1 2 12 297 10
11 6 3 3712 8
12 11 11 1469 10
7 3 2 39 9
13 11 12 1638 7
8 1 5 1833 9
6 4 14 2706 9
13 6 13 2856 3
4 4 12 1208 10
3 15 5 1560 6
11 3 6 4266 3
8 9 6 375 9
10 4 9 243 8
12 2 1 4980 2
2 12 13 3960 9
4 3 8 1394 3
4 9 5 7695 3
14 10 10 1488 10
12 14 14 2197 4
12 7 2 3346 6
8 7 3 4199 5
6 10 9 2088 7
8 11 12 5024 6
9 6 7 1940 9
14 4 8 4872 9
13 6 2 5160 2
3 10 7 1337 8
7 10 4 880 7
6 11 12 5310 2
11 2 4 136 9
8 14 15 5130 7
12 7 12 4380 8
7 15 8 2172 4
6 7 9 1458 10
4 8 15 4092 6
10 11 9 3114 8
10 9 1 8360 9
12 4 11 8680 9
1 9 13 4125 2
6 2 14 4260 10
6 8 7 7272 9
2 8 2 781 3
7 7 12 1650 1
11 15 1 1638 5
13 11 6 4592 6
3 9 15 2772 4
11 8 6 4752 8
2 6 14 3500 3
12 5 13 2142 4
11 7 3 3230 3
10 14 12 2550 1
11 14 15 2380 9
15 6 12 1700 8
11 15 3 1534 3
15 8 9 1764 2
12 12 15 4828 4
3 13 6 4148 2
12 5 3 9570 3
3 11 4 4818 3
4 7 6 189 9
10 14 9 2926 3
14 4 15 3267 2
13 8 6 2700 6
10 10 6 5304 2
9 14 9 3638 1
12 6 8 2860 9
11 14 13 7157 7
2 7 12 1648 2
13 2 8 2100 2
3 9 4 342 6
3 6 1 6768 6
6 2 10 2760 7
6 14 5 5660 3
11 6 14 5733 10
1 12 4 160 10
14 2 2 1880 4
5 5 10 3990 9
12 1 10 1296 8
3 8 9 2277 4
2 12 15 8920 7
6 1 3 420 5
2 13 4 490 3
1 13 10 2640 6
9 3 13 1300 8
2 5 6 1440 7
12 12 1 1855 5
4 11 3 4032 8
4 13 10 3836 6
11 6 12 959 10