250
7 9 2 3690 5
7 1 6 459 4
11 5 14 3081 1
8 3 5 2990 1
1 4 2 660 6
6 2 1 4862 6
10 11 13 1815 8
3 15 11 3852 8
8 9 5 1720 8
15 7 5 44 3
13 4 2 2816 8
5 15 6 1236 10
13 5 14 1608 2
4 13 12 3438 6
5 12 12 176 1
3 5 1 1998 2
10 10 14 854 6
15 15 8 2249 2
8 15 13 2604 8
8 14 14 627 6
1 1 14 1620 5
7 5 12 1287 6
4 9 10 1130 6
1 13 1 4114 1
11 8 4 3108 9
7 11 8 900 1
4 13 15 930 5
15 12 1 1708 7
9 9 9 1200 7
13 3 15 1804 10
8 3 5 954 10
3 10 4 290 8
2 12 12 3610 2
1 9 10 664 5
8 5 12 3262 7
15 6 2 2530 4
15 4 12 2938 3
14 6 7 1560 10
13 5 2 1856 6
10 7 11 1064 8
15 15 3 3568 3
3 6 5 1014 9
6 11 15 1544 2
8 6 2 1449 7
13 8 4 1920 5
1 7 11 2574 9
10 6 10 2640 4
3 15 1 3132 3
9 7 12 19 2
8 1 2 1056 2
1 3 8 1900 5
4 1 4 924 9
13 11 8 2350 2
10 11 5 3940 8
2 9 14 544 1
3 9 10 2769 1
14 12 6 1441 10
15 8 10 660 1
14 3 10 2352 1
1 10 3 1512 10
1 14 1 1216 6
5 14 3 4431 1
13 8 4 406 1
2 3 10 136 6
13 8 2 2242 5
8 1 11 2848 2
7 4 12 2058 7
6 12 15 220 4
15 10 10 1872 9
5 9 10 3784 3
15 5 8 675 3
15 5 15 3150 7
1 5 3 1292 5
8 2 14 1507 10
1 15 8 3383 9
12 5 8 1470 8
15 15 8 726 10
15 2 15 944 7
1 15 11 2352 7
10 13 7 1288 9
11 2 5 3944 7
8 1 12 1340 3
7 14 13 684 10
10 5 15 4920 8
4 5 6 872 4
10 6 11 4809 5
12 12 7 4242 8
1 11 5 729 10
12 15 5 2816 1
10 12 8 200 6
12 5 10 1106 8
13 11 2 2119 5
10 11 2 1008 7
14 13 5 1743 8
3 7 2 3300 1
11 3 2 920 3
14 11 3 1380 7
2 3 2 2261 8
12 4 1 180 6
3 4 5 2673 5
6 3 12 4788 6
7 1 9 1562 2
4 8 11 1309 9
5 12 3 525 5
5 8 9 234 2
2 13 14 77 6
1 10 8 848 10
7 8 11 3363 4
3 8 3 637 5
4 3 2 3510 2
4 14 4 2000 2
3 12 13 168 5
12 3 9 224 10
5 11 15 3234 4
11 14 6 1503 8
5 2 3 1672 8
1 1 11 1530 4
7 3 11 336 2
13 5 15 2600 2
4 2 13 3278 9
1 2 15 2080 8
13 4 5 924 10
9 5 10 308 4
9 10 13 1920 4
3 13 7 1162 4
4 7 1 603 4
5 4 5 2652 3
2 10 11 533 6
12 15 14 2067 8
11 13 6 1540 4
9 8 12 2043 5
7 4 7 2520 10
7 5 11 2156 7
14 3 6 1140 10
4 11 5 4142 4
14 3 14 975 4
7 2 10 1716 8
1 4 1 1300 8
14 11 12 4620 3
2 2 1 2448 4
15 12 10 1100 1
14 10 6 3264 8
10 13 12 676 1
3 4 3 1258 1
12 6 2 3465 7
12 14 8 952 6
7 2 13 1397 4
3 9 14 3776 6
5 1 5 380 5
3 14 8 4664 5
15 8 2 320 3
10 1 11 750 7
4 4 10 1912 7
6 15 14 1185 2
6 11 15 3185 7
8 10 2 1128 10
15 11 6 63 3
12 11 11 1260 10
13 9 7 1904 6
4 12 6 4446 8
9 15 3 3420 10
8 10 13 2465 6
4 5 5 48 10
1 12 15 2691 9
6 11 2 1360 6
2 12 1 2892 9
1 7 13 2592 4
6 1 15 342 3
7 4 4 4320 1
5 8 2 95 4
8 4 5 1225 10
13 9 2 558 7
10 15 12 98 7
7 8 2 1177 5
8 12 5 3116 1
12 15 9 216 10
8 1 13 1190 5
6 12 10 3192 7
15 9 11 1183 4
9 9 1 3942 7
8 1 1 2835 8
3 11 3 2840 3
12 2 7 2622 6
10 9 8 2240 8
6 12 6 208 2
1 7 13 1602 4
4 2 2 4774 5
1 11 15 1700 4
13 3 11 1144 5
14 7 9 1980 7
7 13 8 2352 4
5 7 14 3686 5
15 2 14 666 3
2 2 6 1629 5
2 6 10 301 7
5 10 1 930 2
12 13 5 1830 7
9 2 4 1164 4
10 13 13 1256 6
11 14 14 483 3
11 5 1 4263 8
4 4 14 3914 7
12 6 2 957 9
7 2 12 2366 4
10 10 6 1898 5
5 15 14 1530 10
15 11 7 1677 2
6 9 14 4368 1
7 15 1 238 4
8 7 7 1833 2
2 1 12 408 7
15 1 3 3968 10
7 7 9 1188 6
14 2 5 3572 5
7 6 15 4515 2
5 4 13 2646 7
8 5 6 3322 3
6 10 12 330 1
11 11 9 2684 1
15 7 4 40 2
13 14 9 242 1
1 3 10 2020 7
14 2 10 2085 10
1 13 14 1488 4
9 3 3 5236 7
10 7 10 3458 7
7 7 14 4048 6
12 15 12 1320 8
8 9 1 300 8
10 7 12 1022 10
15 15 15 2685 10
4 7 2 1824 9
10 6 6 611 4
13 6 9 450 3
1 4 8 780 2
2 7 9 1036 6
13 6 13 1395 7
12 1 14 969 10
4 12 5 1480 5
15 11 11 3250 3
1 9 10 399 2
2 6 9 660 6
2 14 9 266 9
14 10 8 1230 3
6 10 12 2907 7
7 5 8 1792 1
14 13 14 1573 5
5 4 10 1980 6
8 9 6 312 2
6 13 15 1440 6