350
12 8 10 1192 4
7 1 14 88 5
13 9 12 135 10
12 4 2 1235 4
5 10 6 812 6
6 15 13 2086 2
2 8 1 2618 6
5 13 9 2718 6
5 5 7 3380 7
14 9 12 1386 3
11 6 4 3102 6
1 4 14 2988 9
3 14 12 3045 6
12 12 6 3250 9
11 2 13 1254 9
9 4 1 2660 8
6 2 9 1316 8
5 2 2 57 8
9 5 13 744 4
4 1 10 763 8
12 9 5 5838 5
6 2 10 4455 3
8 12 15 13 8
2 7 3 805 5
9 2 9 4290 6
1 1 15 3894 7
1 14 3 5253 1
2 7 6 1912 9
2 12 15 2842 10
12 12 2 5355 6
1 11 13 475 8
4 1 7 1680 10
1 2 10 1806 9
1 12 8 1183 3
11 3 15 3679 4
12 12 8 1095 3
7 15 14 768 7
1 11 12 1752 6
13 6 15 3520 5
8 4 15 2007 8
6 5 4 2882 4
15 7 11 3222 10
4 14 9 779 9
4 8 7 4374 9
11 13 2 1340 3
1 5 9 3091 4
5 10 4 2570 5
1 2 5 1940 3
5 10 3 3756 7
10 8 1 6536 2
14 6 1 340 5
4 13 6 3674 1
4 9 12 2632 9
3 4 11 2981 5
9 2 3 2688 6
9 2 4 711 4
13 15 6 1331 7
4 5 14 1400 9
10 12 11 1656 10
4 4 2 1584 8
1 4 15 488 9
4 9 8 4886 10
1 9 11 3553 2
3 8 12 5520 2
2 2 14 4438 9
9 4 9 153 1
7 12 8 1764 6
11 15 9 864 10
13 2 12 1232 4
8 10 5 5500 5
10 12 5 630 7
9 13 6 5724 1
3 13 13 2256 4
5 2 6 2585 8
8 5 8 1620 1
5 7 13 602 1
13 5 11 3000 2
10 3 14 630 2
3 15 14 1890 7
14 9 11 1204 3
3 12 4 1656 1
9 13 5 756 10
14 5 11 1281 5
10 6 8 800 4
3 11 8 1332 9
15 14 15 3420 8
4 10 9 2871 10
15 7 11 3390 6
4 14 11 850 7
9 6 8 520 7
14 6 4 364 1
11 4 1 3360 9
11 10 7 380 9
6 10 3 3680 10
1 3 1 2254 1
8 4 1 3410 10
15 3 9 468 8
8 15 9 3375 7
9 6 3 950 7
2 10 14 1344 4
11 6 11 2142 4
5 15 14 3094 7
5 14 9 2079 1
15 10 11 510 2
14 2 10 1428 3
4 6 8 2680 6
14 6 9 4840 6
15 6 5 198 1
10 3 7 5644 7
14 1 2 1484 6
8 10 12 616 6
4 3 9 2052 4
10 4 14 5032 2
2 5 4 1540 3
13 9 1 2898 8
8 11 11 6593 4
14 14 13 1810 3
1 12 10 2016 2
13 8 3 6006 7
5 3 1 3349 1
2 12 15 3300 1
8 4 4 781 2
11 10 10 2448 2
3 12 5 2352 8
3 7 8 391 4
9 12 2 2930 8
5 11 15 1672 7
15 7 14 5136 9
12 3 14 3290 1
6 13 15 3212 9
6 9 14 5868 9
7 14 11 4142 10
12 9 2 1394 9
4 10 3 1664 2
10 10 14 232 10
7 14 4 4774 1
15 6 2 585 1
4 12 3 3968 9
7 13 5 2519 5
4 2 9 2583 9
3 12 7 840 2
9 13 4 1272 1
5 1 8 288 9
4 10 8 1491 10
13 1 13 1040 4
12 12 9 4592 2
9 12 3 4224 5
10 15 14 351 3
8 4 12 2432 4
2 3 15 1530 5
15 7 1 660 8
15 8 15 3033 4
1 10 11 810 4
14 7 4 3058 7
5 12 1 6320 2
4 6 15 91 6
2 9 1 3003 8
15 10 15 4056 7
7 15 5 4986 5
4 13 13 2964 6
2 11 10 512 10
15 8 14 2580 4
7 3 14 5491 4
5 11 4 1273 2
9 6 5 2400 8
15 13 6 2700 1
15 11 2 2160 4
10 4 13 1850 8
6 8 1 808 2
4 6 15 1712 3
2 7 8 1160 9
9 15 1 4011 3
10 9 10 484 5
3 14 1 3712 2
7 1 9 240 5
3 7 1 5124 2
6 14 2 3135 1
2 14 15 2304 7
12 14 14 2280 9
14 7 10 2520 4
1 5 13 4260 4
5 6 10 5220 6
15 1 3 5820 2
3 7 7 2716 4
15 7 2 6061 10
13 12 2 742 8
15 10 2 999 2
5 10 14 55 6
13 9 2 2890 10
3 5 14 4662 9
14 4 15 1304 10
12 5 8 4214 8
9 5 8 3230 8
8 1 11 980 9
1 1 11 3570 4
14 10 1 224 9
10 12 2 1157 10
1 12 1 441 8
3 13 2 4354 10
7 15 4 2002 7
12 7 13 2330 10
1 9 12 1378 1
12 6 9 1562 9
9 14 10 4940 8
11 6 7 2192 3
12 11 9 3080 5
7 11 11 2774 6
11 10 7 1274 5
4 15 9 3237 5
12 15 12 1430 9
1 1 8 96 3
9 15 2 7348 4
8 14 1 3906 2
6 5 11 992 3
4 2 11 3281 7
5 2 7 1863 8
13 9 11 152 6
7 7 10 4905 6
1 15 6 990 9
3 6 15 2100 7
11 4 4 3996 10
9 11 3 1632 3
3 7 10 6447 9
7 1 9 4459 2
1 9 8 3015 10
7 3 12 5022 10
7 15 6 2743 1
6 1 12 2120 3
10 15 7 4485 3
14 11 1 975 10
5 11 8 6156 7
7 4 15 112 1
5 10 11 1332 2
3 11 2 2607 3
12 10 11 3960 8
4 3 9 1888 4
6 15 8 3528 6
2 7 8 1505 9
9 3 10 1602 1
15 7 7 2205 10
10 13 13 2006 4
7 8 14 1500 2
6 8 8 3020 10
2 5 11 2096 7
10 15 11 2784 2
14 13 15 6804 6
6 4 13 2060 5
15 13 4 826 6
13 4 4 40 2
7 13 12 1869 10
10 7 14 2346 2
1 1 11 210 3
9 7 6 2754 2
3 2 14 5600 2
10 7 1 3564 6
1 15 15 310 9
5 6 10 3608 6
12 2 7 1650 8
11 4 3 4995 1
8 4 12 2512 9
7 3 13 2212 1
6 5 5 2354 3
11 14 14 1722 10
4 2 12 629 7
2 5 10 2147 5
15 11 7 4020 1
15 13 14 552 10
14 8 2 4624 8
5 5 12 1680 4
7 1 4 2496 4
8 1 5 4875 9
13 2 6 2340 10
6 13 13 1030 2
9 4 5 1197 4
9 8 5 1309 4
9 8 4 6228 6
3 12 11 1524 7
13 12 15 2712 1
6 2 9 1240 1
15 4 5 1928 3
5 8 8 840 10
11 10 12 2595 2
7 11 5 2655 1
4 10 9 3520 10
7 10 1 1368 6
8 11 8 4004 4
1 13 8 220 10
13 3 10 2440 3
15 14 9 884 4
12 12 8 2028 10
4 3 5 396 10
2 7 10 567 10
3 4 10 3536 9
5 10 2 3420 8
11 14 8 1144 9
11 12 12 1197 3
2 9 8 6620 5
2 14 4 5313 4
6 15 8 4095 2
13 9 4 2691 3
1 4 8 376 2
4 3 9 2700 3
6 2 10 2940 6
11 9 14 84 2
14 8 2 3156 6
9 14 8 880 6
3 14 6 3781 5
5 11 12 1012 9
6 9 5 5271 9
6 2 4 4444 9
3 14 6 3675 3
1 2 15 2750 2
14 12 8 3228 7
7 12 6 2128 5
5 14 3 104 7
11 12 4 5480 7
4 11 5 1995 9
6 13 4 756 5
4 8 10 4680 8
7 3 4 2240 8
3 11 9 1178 7
7 4 12 4320 8
9 4 1 693 8
14 15 12 170 9
3 10 6 1176 6
13 8 13 3094 6
5 2 10 6594 3
6 10 14 936 4
15 15 15 645 2
8 10 3 4060 8
3 8 1 3632 2
10 1 6 1845 7
6 11 5 2121 8
6 10 12 648 3
14 4 4 2684 5
13 10 2 5440 9
5 13 1 1890 10
8 5 5 187 9
2 10 3 442 6
4 9 9 1411 2
4 8 1 560 4
3 11 3 880 8
11 12 2 3584 4
15 4 8 870 9
10 7 2 5250 3
15 3 11 1584 10
11 6 6 4318 8
7 4 5 3720 1
14 12 7 81 2
10 7 13 4674 9