250
10 3 11 423 7
7 11 16 425 2
7 5 16 304 9
11 7 1 575 3
13 18 20 193 4
18 17 6 340 9
2 8 5 459 10
4 10 8 360 8
18 1 18 125 1
2 13 3 662 1
6 4 1 544 10
19 10 17 1051 1
9 17 1 759 4
20 19 6 627 1
9 19 13 536 2
7 10 17 537 6
6 17 2 463 4
9 2 4 896 6
11 14 13 734 10
15 12 7 893 5
3 1 12 720 1
9 14 3 1189 6
5 12 20 666 8
17 16 5 942 9
20 2 17 724 2
7 16 15 379 4
20 7 9 569 1
6 3 16 800 4
6 5 5 923 8
6 6 9 31 6
19 13 15 632 8
2 16 7 709 5
18 15 20 283 1
2 18 5 852 10
2 14 16 764 7
5 13 20 134 1
4 6 19 568 10
3 19 7 761 6
13 17 2 776 9
16 11 7 1053 4
1 17 7 509 6
19 6 12 627 5
16 15 5 171 7
11 19 5 247 2
19 12 13 265 7
19 9 1 635 9
1 6 6 478 5
4 19 6 196 7
5 19 2 613 9
12 20 4 896 9
19 6 12 787 4
3 4 9 615 8
20 9 12 686 5
1 6 12 126 2
11 16 18 1145 1
10 11 13 803 10
1 15 6 571 1
7 2 3 495 6
17 13 2 247 7
2 17 18 410 4
17 10 15 807 8
9 16 1 369 3
12 11 3 954 8
3 8 16 374 2
11 4 6 655 9
18 11 11 283 2
20 9 5 691 9
8 9 15 841 5
19 9 11 660 10
9 2 14 894 3
2 15 12 879 9
4 3 11 833 2
10 18 14 1062 3
18 12 7 561 3
9 19 6 569 5
14 10 6 83 4
15 9 8 652 9
16 13 8 555 3
2 20 3 110 4
1 18 1 823 1
14 4 9 333 2
14 19 9 143 7
9 16 1 466 3
15 2 13 549 7
1 6 14 230 6
9 13 4 151 5
20 14 16 270 7
20 17 18 1050 1
9 19 1 261 1
5 6 11 235 5
1 19 15 277 1
2 19 3 233 5
18 4 6 237 3
18 3 3 569 4
17 7 16 667 7
2 10 3 803 10
19 6 13 66 10
5 17 19 875 4
1 2 5 115 7
10 2 1 80 2
1 10 5 611 2
11 4 5 463 3
18 9 20 972 1
10 11 2 751 9
7 16 11 384 4
17 20 10 405 3
14 3 14 285 4
17 20 18 455 9
6 7 3 32 2
19 7 15 644 4
9 19 12 155 9
2 18 16 782 6
5 7 14 808 5
16 2 3 851 9
11 19 18 361 10
20 16 3 114 8
8 3 14 312 4
20 11 4 548 9
15 13 2 675 6
19 4 13 603 1
7 2 11 734 2
17 12 4 534 9
3 1 5 547 2
1 4 17 718 8
2 14 14 101 1
1 1 5 682 6
15 8 12 881 5
13 16 15 529 9
10 18 2 350 6
1 11 14 135 2
2 2 12 571 8
6 5 15 170 8
1 16 16 628 3
15 2 7 1262 2
2 7 19 28 5
20 2 13 1066 6
3 1 2 481 1
20 15 14 1129 5
14 9 1 64 9
12 1 20 218 2
7 14 8 660 2
19 8 16 830 7
16 7 6 84 4
13 20 10 401 5
16 1 7 959 1
1 13 13 713 5
17 6 8 393 6
16 4 6 39 7
8 20 3 583 4
15 16 19 156 7
3 11 16 545 4
9 10 11 623 6
11 13 20 526 8
13 18 11 388 8
5 15 9 708 4
3 8 3 17 10
15 7 18 497 3
18 5 11 95 4
15 8 4 560 3
12 2 17 931 3
17 18 15 293 2
1 17 14 318 4
4 5 11 676 7
4 11 8 179 3
12 19 9 959 9
5 8 5 944 7
10 12 15 75 7
5 15 3 518 1
18 3 8 49 2
4 9 10 1024 7
7 5 13 175 4
2 13 4 742 7
17 1 12 598 9
2 13 20 329 5
6 7 15 966 3
13 3 4 658 5
5 17 15 312 4
9 5 9 616 3
7 6 4 857 1
16 6 11 360 2
3 18 3 231 7
6 19 3 922 7
18 8 1 375 8
17 9 15 1172 5
17 20 11 568 6
4 2 11 1149 8
8 14 11 626 3
15 11 20 75 7
7 3 19 452 5
11 10 17 213 8
17 7 17 360 1
7 12 11 749 2
1 5 17 304 4
11 8 12 876 2
3 13 11 217 3
13 2 2 276 1
13 11 18 628 9
3 6 4 326 1
15 3 19 412 2
1 9 9 751 1
1 1 15 484 7
14 9 6 67 3
17 5 10 1067 8
6 6 19 55 5
7 2 11 199 8
14 12 8 191 2
7 11 18 417 2
19 1 1 899 8
18 6 17 500 2
1 13 8 669 5
10 12 19 557 7
2 12 20 490 8
10 20 1 879 5
4 20 1 682 9
5 19 9 988 7
5 19 10 195 1
5 14 2 483 9
6 12 18 756 8
16 3 20 1154 2
15 5 8 193 2
3 17 11 957 7
10 13 16 608 1
14 14 14 1018 1
11 18 9 516 7
14 2 18 242 5
9 16 13 1030 4
17 1 19 175 7
20 14 3 139 5
14 20 17 270 8
15 12 10 877 2
16 4 1 628 2
8 13 1 502 3
15 15 5 358 4
18 20 13 395 6
20 3 16 326 5
14 1 2 350 10
3 14 3 117 9
5 13 1 112 5
13 16 11 546 1
13 8 1 1218 6
10 6 10 918 6
5 11 5 121 2
19 15 18 1122 9
9 7 15 545 1
15 18 2 280 3
5 15 7 635 8
12 14 13 114 1
17 6 8 585 5
8 12 11 392 9
1 7 15 37 7
