400
8 12 15 1253 5
5 1 13 1035 6
13 17 10 499 3
8 19 6 371 1
9 3 19 320 6
16 6 7 549 10
3 2 11 1175 5
17 15 1 773 5
8 20 6 119 10
19 17 15 1155 9
16 2 19 171 4
1 19 15 963 3
7 7 15 717 3
8 7 10 28 10
17 8 1 1573 5
12 4 10 1410 6
4 5 5 1042 3
11 20 3 1201 2
5 12 6 536 3
18 18 15 747 8
4 18 13 127 3
3 1 12 597 3
14 8 13 851 9
20 12 11 139 4
3 10 4 146 10
12 11 6 502 4
8 11 4 1130 2
20 1 20 1086 8
7 18 20 654 8
15 18 3 1852 3
16 12 13 1083 6
1 19 1 338 5
5 13 16 219 10
3 9 13 1403 2
8 4 15 69 8
10 3 14 184 6
16 17 14 725 5
3 14 15 1960 6
20 5 1 730 8
19 7 13 1131 4
14 10 14 1847 6
20 2 10 1460 9
20 16 1 1303 8
12 3 16 1132 2
1 8 18 813 2
10 17 2 102 10
16 9 17 358 1
8 12 20 686 5
19 6 3 1344 5
19 6 12 231 5
10 13 3 1478 8
18 1 15 337 8
9 15 3 96 3
8 12 3 1074 5
2 12 12 586 9
9 10 5 773 5
12 7 19 70 3
6 18 8 1403 3
20 19 3 467 8
13 9 1 226 1
15 5 10 1869 1
7 2 20 1611 1
7 12 9 1378 1
7 1 1 1237 4
16 12 7 69 4
14 7 3 690 3
10 18 7 516 4
10 14 7 1260 10
8 13 17 308 8
20 10 12 685 4
4 18 20 1037 6
5 9 15 59 5
8 16 9 954 2
20 1 17 345 6
5 4 3 1328 1
16 12 16 701 9
14 19 2 106 8
3 18 14 940 8
9 2 5 1590 7
1 1 2 1305 5
3 10 4 888 5
10 16 14 1692 10
2 20 10 657 9
3 16 19 366 6
17 14 2 1251 9
2 14 15 519 6
18 18 14 808 7
10 14 14 514 3
18 9 19 804 8
14 4 12 804 3
17 3 12 601 9
14 8 18 942 3
5 13 6 34 10
16 10 3 617 3
9 6 9 446 6
17 9 8 560 9
14 19 7 1034 6
3 15 5 850 1
9 18 2 1304 2
18 15 10 1790 10
13 3 4 232 6
20 11 7 656 10
4 6 3 374 7
15 15 17 283 4
4 4 13 568 7
18 13 19 1085 3
5 13 7 1100 5
4 11 20 348 6
4 3 11 779 4
8 9 19 644 1
7 4 7 1096 3
9 17 14 650 2
14 2 11 1271 7
5 19 19 121 2
5 9 1 1390 1
7 11 3 325 7
3 16 20 1695 10
13 18 11 588 4
7 19 19 1379 2
12 5 5 135 2
17 6 19 286 8
20 18 2 997 4
5 6 9 1202 2
6 3 14 1164 4
9 14 19 1053 6
20 18 7 987 10
17 16 14 1879 1
14 16 14 1605 5
13 2 8 546 7
11 18 7 105 2
12 20 12 508 7
20 7 3 195 8
9 19 19 1265 10
19 14 3 891 1
16 9 3 1669 8
6 7 5 1666 4
10 15 3 1267 6
12 19 11 194 4
9 2 5 745 5
17 14 9 734 4
17 13 3 776 1
13 7 14 241 5
9 5 5 417 1
13 1 8 66 7
8 3 20 662 5
15 6 5 1596 9
20 12 16 1105 2
9 16 19 1351 6
11 18 14 463 2
8 20 18 1671 6
18 9 5 1349 10
14 3 6 849 6
11 8 1 604 7
17 11 4 1486 4
16 3 11 817 9
16 9 13 1436 1
19 7 8 451 10
7 12 15 976 3
17 13 19 370 9
19 19 16 283 7
18 3 2 214 1
12 10 2 1117 6
19 2 19 1404 7
19 9 18 231 6
18 18 1 1044 6
20 15 2 934 1
11 9 9 444 10
14 5 20 1000 5
8 11 2 214 1
6 13 6 917 4
1 13 4 1365 2
14 8 14 242 6
13 4 11 360 9
13 1 5 928 1
4 20 10 1806 1
8 11 9 698 8
20 20 14 757 5
7 6 2 419 1
10 11 18 1551 7
13 5 17 368 9
2 3 3 347 8
8 10 1 1438 2
2 18 5 380 6
15 8 19 982 4
1 2 1 262 7
16 3 4 1220 9
9 9 13 1435 1
8 3 2 356 9
4 17 16 43 2
6 10 6 1234 8
20 19 12 448 5
15 20 13 909 5
12 1 14 501 5
20 8 7 342 10
19 20 17 1360 4
4 11 11 1390 10
5 3 16 145 3
15 1 7 1236 2
2 10 16 76 10
4 2 7 100 4
16 4 18 624 1
14 4 9 447 4
18 18 14 654 10
13 16 2 1338 1
5 17 6 598 5
17 7 5 1623 7
8 5 17 1241 6
18 16 6 1020 5
11 8 4 1277 8
16 19 4 1762 6
1 15 16 1106 4
8 15 11 771 1
8 1 2 523 7
18 4 14 568 1
19 9 20 1137 8
6 20 9 1424 6
8 18 12 1435 6
20 3 14 260 10
7 17 11 1555 8
13 8 8 881 9
4 11 7 1392 3
8 20 10 620 2
13 5 7 411 10
15 13 11 1048 1
7 18 18 1277 10
6 8 20 1734 1
10 13 20 1344 7
16 18 5 1220 9
6 5 12 1582 1
2 10 16 809 1
14 9 1 1148 9
16 3 6 114 5
11 13 10 1249 5
19 3 14 1377 2
5 4 7 223 9
14 8 14 687 9
10 8 9 765 10
17 17 11 515 9
13 10 6 318 10
7 15 6 767 7
8 18 10 89 5
3 5 14 904 5
1 1 5 178 3
10 7 9 431 3
15 8 5 954 8
14 10 14 1004 7
1 20 9 473 8
8 6 1 881 9
6 8 12 1191 6
4 10 2 1125 9
17 17 6 724 3
17 17 20 1476 2
13 1 10 385 9
8 6 7 137 1
18 13 1 784 1
20 18 7 263 5
3 18 8 549 1
4 1 2 935 5
12 2 1 1415 4
17 5 15 1245 2
11 18 6 681 9
20 5 5 953 4
8 16 16 1259 2
2 14 3 831 2
8 1 13 1353 1
5 3 6 1503 6
15 7 16 320 1
4 8 1 1552 5
1 15 9 752 5
17 13 4 959 9
12 14 3 1624 3
5 9 13 1302 2
11 14 20 1357 3
13 14 16 256 4
13 16 14 1233 6
18 15 16 682 1
2 2 15 562 7
15 12 18 1194 7
7 20 8 1493 3
16 14 14 1560 7
20 10 9 918 3
4 18 2 1163 1
6 1 7 991 1
17 10 17 1270 4
11 12 13 411 2
10 17 1 652 6
8 1 9 925 1
13 8 1 204 1
19 15 1 1766 7
13 3 12 1097 5
19 16 15 1715 8
7 17 19 710 7
10 3 1 61 8
20 9 17 868 8
9 20 20 1186 8
14 18 9 794 4
1 8 9 1896 9
8 8 14 148 4
5 3 13 1763 7
17 13 5 1019 8
17 15 14 285 10
15 7 11 1007 5
4 14 10 423 2
9 20 15 308 5
4 9 1 1002 7
14 20 7 1090 9
4 3 16 959 3
12 1 14 1113 9
11 8 5 852 7
6 2 13 1445 10
7 12 6 1575 1
16 9 14 61 3
5 20 4 749 9
10 2 12 634 4
11 20 4 174 6
10 14 7 724 9
14 3 4 954 7
12 17 3 1128 2
19 19 7 813 9
14 15 4 671 9
15 20 18 314 6
10 13 10 681 2
11 13 3 1025 3
16 14 10 1053 10
20 20 16 643 5
16 2 7 297 9
3 3 16 854 3
1 6 4 551 9
13 5 16 737 6
11 1 4 568 4
20 17 12 1693 7
5 17 8 633 6
2 7 7 884 10
13 9 6 95 8
4 16 11 432 8
16 3 10 389 8
2 3 12 942 3
2 17 10 1559 3
7 10 16 314 9
18 5 12 1320 4
17 18 2 341 8
9 13 4 386 2
11 9 14 1256 9
12 11 3 899 6
8 20 16 481 10
17 19 8 612 4
17 9 20 66 10
3 4 7 545 10
13 8 17 327 9
17 11 7 380 8
9 6 13 525 4
19 9 14 522 8
10 14 14 894 8
14 10 3 185 3
14 15 3 727 5
6 5 9 1125 7
1 10 13 1911 4
3 1 10 707 5
12 5 19 1452 10
8 5 5 626 7
3 6 15 48 3
10 3 12 42 6
17 4 16 997 7
13 20 8 140 1
14 9 14 164 6
15 6 7 1197 2
4 9 5 1750 10
8 18 13 928 5
12 12 10 34 5
13 3 12 1746 10
15 7 20 373 7
19 15 11 265 8
9 5 19 833 8
11 12 13 1094 3
7 17 6 241 9
6 13 7 530 4
4 16 5 170 7
12 8 14 411 8
10 16 4 1821 9
16 8 20 169 1
1 8 14 446 7
12 11 6 181 5
11 12 7 1512 6
7 11 3 459 10
13 16 20 247 2
9 3 13 1513 10
18 18 1 1338 6
1 4 6 1695 5
13 18 15 483 8
19 17 19 1474 3
9 18 6 443 10
17 4 15 803 7
15 5 12 1718 2
6 12 3 831 10
16 9 12 671 6
9 5 11 1180 2
10 12 10 1738 3
6 8 11 1499 9
9 5 1 426 6
14 20 12 738 2
