500
15 5 19 1199 7
14 10 1 1542 5
8 7 1 606 8
6 12 4 510 1
5 14 7 1672 3
7 5 1 1138 5
1 14 5 468 10
7 3 15 1026 10
18 7 7 2144 6
20 15 20 1504 2
17 12 6 1376 3
11 4 12 1096 7
3 10 7 1515 7
3 20 10 1182 8
13 16 15 496 7
14 6 13 909 7
16 9 6 1031 10
9 2 18 950 10
7 13 15 1333 4
6 3 20 1497 1
1 3 20 1625 10
14 4 14 175 3
2 15 13 1513 3
4 13 12 995 8
11 6 19 857 2
19 10 18 693 8
1 4 6 946 1
17 13 15 1503 6
14 9 7 271 10
6 17 7 1765 8
8 17 17 1148 6
2 10 8 1479 2
16 2 13 331 6
14 12 3 1337 9
1 6 1 1956 6
12 16 11 1654 1
19 17 17 806 8
14 16 5 771 3
4 5 16 157 2
9 9 20 736 7
2 19 3 86 8
10 18 15 456 8
8 8 9 2284 1
19 9 3 1135 10
19 1 17 1556 3
20 8 6 1109 8
11 13 5 761 1
4 6 11 1587 4
4 9 12 2015 5
3 7 4 2226 9
16 8 15 101 10
15 10 7 1028 2
4 12 11 281 3
14 11 18 956 3
14 13 11 1580 10
1 13 13 718 10
8 20 9 47 7
11 7 10 871 8
17 16 4 1367 7
18 9 6 1137 4
2 8 19 483 10
16 10 16 943 7
10 4 13 1006 4
1 12 11 1717 5
2 7 8 1186 2
16 11 9 1919 1
12 12 6 177 1
1 12 13 1151 2
14 12 13 1542 9
15 13 1 507 2
17 13 10 168 3
20 10 19 1608 1
8 1 7 1791 8
1 14 4 1043 1
13 13 2 1830 6
8 19 11 1167 7
17 17 4 313 6
19 10 3 642 7
1 16 18 281 1
20 15 8 75 4
20 8 8 121 1
13 6 15 117 5
17 16 4 598 6
11 18 20 1440 2
10 11 11 1929 10
18 12 3 1881 7
20 16 5 1836 5
3 14 19 1376 8
16 19 15 1398 10
8 3 2 1047 10
16 9 9 1503 1
6 6 2 1404 4
15 14 9 1374 1
10 9 18 472 7
12 12 13 911 10
10 20 4 1518 10
14 12 15 1063 6
16 19 8 1924 7
4 3 16 1081 9
15 13 14 162 3
7 13 2 445 9
17 1 9 1410 1
18 13 14 293 4
10 16 15 2042 2
9 16 19 1726 9
5 20 14 770 7
14 14 16 858 7
16 1 5 540 1
18 19 13 1034 8
13 4 4 1191 3
12 6 5 600 3
16 11 17 732 1
6 1 5 42 1
8 14 11 481 5
15 14 14 398 10
1 14 15 345 5
1 2 12 584 7
13 6 5 1333 10
8 11 3 1593 1
2 18 20 427 8
15 8 13 89 7
16 2 7 471 3
18 2 3 1044 5
20 10 8 321 5
20 12 3 2073 4
19 17 3 720 8
2 2 12 1399 6
19 11 8 2475 4
12 7 13 773 1
5 13 4 1910 1
5 8 10 1581 8
12 11 2 1095 7
18 4 3 1188 10
8 9 3 1977 1
13 18 19 1641 1
3 7 1 1454 5
10 20 7 517 8
13 13 1 959 6
13 19 13 599 1
20 18 9 1354 5
19 3 5 1486 7
10 10 17 1803 1
13 12 19 922 3
5 19 2 320 3
12 4 17 641 2
19 18 1 1981 9
5 16 13 1208 5
9 8 13 988 1
20 8 8 809 7
16 5 7 144 3
14 19 14 1122 1
3 6 12 1000 2
20 10 20 1841 7
11 12 20 1345 9
2 13 13 521 6
6 18 15 154 3
1 12 18 1002 1
6 19 14 2006 4
18 4 18 1613 4
14 14 5 763 3
16 2 5 190 1
11 6 16 146 10
5 20 14 1204 4
5 7 19 597 8
20 20 2 971 7
10 20 16 227 8
11 1 9 586 2
16 17 10 2076 5
12 11 8 1834 10
7 20 17 1815 8
8 18 7 1243 2
19 8 20 884 10
19 8 1 958 7
9 4 1 614 3
4 2 17 1050 7
15 8 3 2305 1
13 8 8 2158 9
9 8 4 285 10
11 20 9 1618 7
18 2 15 777 3
8 7 13 379 6
16 16 13 1773 1
9 11 19 236 2
13 15 15 1364 9
18 10 8 1753 2
15 18 13 905 5
5 20 17 88 4
13 15 8 1073 8
19 6 6 259 6
20 2 14 1500 7
7 12 4 1508 3
16 8 18 584 7
15 1 2 1497 3
8 16 10 2169 9
16 2 19 1694 2
20 1 3 699 8
2 4 17 201 1
8 2 11 1582 10
17 7 17 621 7
11 6 16 483 4
19 17 7 1026 9
6 6 13 1858 8
10 10 11 515 3
10 11 20 504 3
9 17 15 1658 8
6 17 3 49 8
12 9 1 375 8
17 19 3 561 5
10 18 17 815 7
3 3 9 280 7
19 18 19 680 10
4 12 13 1075 1
13 7 18 708 9
12 10 16 602 10
9 13 10 1202 2
8 8 20 657 5
10 1 9 1756 3
3 10 10 2103 9
7 6 18 1746 4
5 1 16 1021 8
2 10 8 881 10
9 13 3 1114 4
9 4 3 882 8
9 5 1 898 1
13 17 10 1988 3
5 3 16 328 1
14 3 7 205 9
3 7 3 127 3
17 7 12 1263 6
19 9 16 1045 5
19 20 6 951 7
5 2 12 319 10
6 17 12 825 2
12 13 17 855 1
9 11 11 46 6
9 20 6 1463 2
14 4 16 1215 8
13 1 7 1584 4
18 18 16 1826 9
5 13 18 274 9
10 7 15 1288 9
8 18 1 553 6
10 7 13 1179 9
14 19 12 243 9
18 12 13 338 1
2 8 11 1731 10
6 4 7 2087 6
2 6 12 292 4
6 17 9 2026 4
14 8 1 1237 2
9 20 16 882 4
6 20 17 166 3
13 2 14 1903 2
3 14 3 20 7
10 11 15 314 1
2 19 7 1536 1
7 16 14 42 1
20 10 6 270 6
15 9 16 340 6
8 12 19 123 4
17 14 7 349 7
18 18 12 207 4
5 5 7 486 5
18 10 3 854 6
2 11 11 1116 10
18 12 12 1583 3
20 13 7 1054 10
17 17 16 338 7
19 12 13 1530 3
6 15 10 172 6
18 4 1 1331 5
6 9 16 1932 10
17 15 2 1240 7
2 18 7 601 3
3 18 1 1448 9
8 13 7 1423 3
1 15 19 530 3
16 6 17 1237 7
4 6 9 64 6
19 3 13 384 3
15 6 11 1739 7
19 11 12 591 10
17 12 16 2161 8
3 2 17 1170 4
2 19 17 1188 1
20 20 1 468 5
2 16 1 1336 1
13 11 7 784 4
12 2 10 837 6
8 16 8 333 6
13 8 10 1084 4
7 17 1 772 2
5 15 9 1010 5
3 14 18 713 9
13 20 6 1295 10
7 8 11 913 4
18 8 7 986 6
13 16 20 342 4
17 5 8 1044 2
18 3 1 1804 1
18 16 4 74 9
16 8 7 459 8
13 18 18 1010 10
16 3 12 1180 1
17 10 19 932 7
1 2 15 357 7
7 16 10 2170 9
12 11 3 992 5
11 14 2 832 1
13 6 13 697 4
3 19 1 746 10
2 7 17 1579 9
8 19 3 1438 9
14 9 6 245 3
11 16 14 1930 2
11 5 17 111 4
6 8 5 336 2
16 19 14 1031 2
9 13 4 1631 4
20 14 17 1698 10
12 16 5 1224 6
12 14 1 1473 5
3 13 16 1955 6
11 7 3 1127 6
13 9 16 410 2
19 8 19 260 1
17 2 13 1683 10
13 13 4 1933 3
2 8 4 1045 1
3 3 1 554 9
3 15 4 1115 4
17 12 14 1588 3
18 11 2 2077 5
10 7 11 1752 5
19 17 14 287 6
20 13 2 421 10
9 4 11 385 2
5 8 13 1647 1
20 19 19 1788 7
2 2 11 1430 7
3 5 11 1834 9
10 9 2 1211 5
17 14 13 664 6
19 4 14 1172 4
12 7 5 2175 8
19 11 2 313 3
8 6 1 1250 3
5 1 3 1120 2
4 15 10 1366 9
8 4 18 1660 7
7 20 2 2269 7
12 19 15 277 1
14 15 5 916 10
1 7 1 1343 7
18 17 20 1797 9
3 4 5 677 3
4 15 16 1811 5
1 14 20 908 2
19 1 18 735 4
15 1 8 895 3
16 18 2 1444 6
11 7 2 1432 10
17 3 15 547 10
1 12 19 337 4
11 10 16 1276 7
5 7 17 1764 10
11 14 14 935 10
11 8 12 1712 9
16 12 12 1780 8
8 11 16 1928 8
9 8 14 1401 8
4 10 6 56 3
13 14 15 1008 5
5 4 3 190 2
17 15 8 665 6
17 16 10 70 6
16 2 20 1750 10
20 19 17 1864 3
14 9 4 730 6
1 13 15 281 4
20 1 5 919 2
19 16 1 623 5
19 14 5 599 10
13 2 3 1943 1
18 3 12 911 5
7 2 6 1624 5
6 10 15 1105 4
11 13 13 1568 3
3 4 14 176 4
12 12 12 265 1
20 13 3 1669 4
20 14 15 1533 5
9 18 4 956 10
4 15 5 490 4
11 4 16 1355 1
14 20 13 1673 10
1 8 1 1404 6
7 12 4 90 4
3 12 9 1250 7
20 1 5 1441 3
16 4 11 435 10
2 13 7 170 3
17 15 11 235 7
19 10 7 2306 6
13 2 5 616 9
5 13 2 186 3
12 8 19 1343 10
20 3 10 860 1
12 19 7 841 5
8 19 19 1591 5
5 5 3 1284 9
8 18 17 596 2
3 3 7 439 2
13 12 6 1298 7
20 8 5 581 1
10 18 12 520 8
3 19 6 918 4
6 19 14 1854 10
14 5 4 1531 5
14 19 10 1045 10
17 19 1 373 9
4 18 7 564 5
19 1 11 1584 7
19 8 7 122 7
2 7 15 704 8
2 10 16 746 7
12 18 12 1617 8
5 8 11 1694 1
1 6 6 193 10
18 15 18 945 2
8 3 10 1617 9
8 17 14 540 8
5 12 11 644 6
19 9 14 554 3
8 4 9 1778 4
2 18 18 218 6
1 12 13 1402 4
10 15 16 1895 9
15 13 9 2009 1
8 2 15 1057 7
1 12 5 505 9
15 20 16 455 8
17 12 14 967 6
15 15 16 1328 3
4 1 10 833 8
8 8 3 841 5
6 9 9 1381 7
6 16 11 369 6
4 13 8 1025 2
11 14 15 349 4
5 2 5 1712 8
13 8 6 1370 10
1 14 14 376 4
14 3 17 404 4
19 1 17 490 7
14 20 7 1601 2
13 7 11 2073 10
8 7 18 270 9
1 15 4 1323 3
4 13 20 154 8
16 11 15 57 8
6 11 7 495 1
11 11 5 756 7
11 7 12 978 9
18 17 15 470 3
19 17 11 829 6
1 6 16 1475 5
2 15 15 642 9
5 2 12 1246 10
19 20 4 1434 9
16 17 1 1701 4
12 9 3 585 7
2 15 10 1793 5
15 5 4 1202 9
8 5 20 1008 9
8 18 8 82 4
1 16 10 2185 10
12 5 10 1019 6
1 6 6 224 10
17 11 2 929 10
16 19 17 2449 4
17 19 3 214 9
10 20 6 2218 3
4 1 6 719 10
3 5 1 35 10
20 14 1 2063 4
19 11 8 1985 7
2 11 17 1270 1
20 19 1 1474 10
6 18 18 155 6
8 10 16 624 9
19 8 5 2097 3
5 12 6 267 2
12 13 1 658 3
20 5 15 456 1
3 3 7 968 9
6 2 3 2120 4
17 6 4 919 3
16 18 16 1063 10
15 15 3 1329 9
