50
14 19 18 193 9
11 11 8 90 8
10 9 8 27 4
15 1 18 147 4
11 1 2 36 5
15 6 3 202 9
4 7 7 196 10
1 9 3 158 8
5 12 6 121 8
3 13 5 79 8
12 1 10 37 4
11 19 16 55 3
19 18 12 118 2
10 4 1 213 8
18 19 2 48 10
19 2 10 34 8
3 20 13 221 1
19 18 19 190 7
3 13 9 95 3
19 2 9 158 2
3 15 19 188 5
20 14 17 84 7
2 20 4 202 6
20 7 2 104 6
11 12 6 121 9
18 13 16 103 3
17 16 15 193 1
17 11 12 139 4
15 2 16 68 2
6 9 17 151 3
8 5 8 126 8
12 13 7 178 4
1 2 7 101 4
17 17 18 226 2
20 15 6 86 6
3 2 5 35 8
6 18 13 123 6
11 11 10 68 4
17 9 13 202 7
2 19 9 127 6
12 12 18 118 6
9 1 19 131 9
10 18 2 154 3
15 1 16 179 4
16 16 2 227 4
5 17 6 65 5
17 4 5 133 8
13 10 2 139 3
4 16 5 55 9
9 11 11 94 10
