150
5 16 15 189 4
19 12 6 390 3
15 7 10 284 3
4 15 13 503 1
17 12 6 69 8
16 12 15 51 4
3 3 9 260 8
19 16 18 605 4
8 19 11 466 3
18 1 8 347 5
6 3 15 202 5
7 7 10 102 5
3 7 17 500 10
11 13 17 430 9
16 11 14 214 2
17 7 19 598 5
19 6 10 468 3
3 12 1 123 1
3 16 13 184 7
11 14 10 65 4
10 14 18 497 3
1 8 8 75 9
20 19 17 132 8
2 5 17 510 5
6 6 12 222 3
5 3 11 320 5
18 4 13 402 5
7 6 12 657 4
3 10 19 476 2
18 1 11 717 5
1 7 3 546 9
4 1 17 607 8
12 10 8 347 6
11 8 12 429 7
7 17 14 280 7
12 14 6 175 9
1 17 7 275 7
16 2 4 210 8
5 10 2 332 5
18 12 8 262 3
18 2 4 54 10
8 1 6 122 7
15 4 4 247 4
13 5 15 293 3
14 16 9 72 1
18 20 5 86 4
8 5 4 484 2
9 15 5 439 8
13 20 3 400 5
5 10 9 199 8
11 4 17 371 8
9 14 17 494 1
1 16 2 76 3
16 12 12 559 7
12 7 18 297 1
19 5 12 177 3
5 6 13 175 3
10 14 9 344 3
16 16 19 460 1
16 13 15 384 6
19 1 13 711 7
6 5 8 98 4
1 11 19 242 2
18 3 3 98 7
7 12 6 29 7
10 19 14 419 7
6 19 4 201 6
17 3 8 223 5
13 12 7 107 1
1 13 9 303 5
7 16 20 121 4
20 13 10 391 6
7 4 1 33 9
8 13 8 75 9
13 4 1 420 7
19 6 18 399 8
6 10 19 612 9
17 16 2 286 2
10 17 11 601 7
6 19 3 637 8
1 10 9 333 7
10 9 7 693 6
8 15 10 409 7
16 7 16 334 4
12 20 15 132 3
10 7 1 421 7
12 2 17 228 8
7 19 16 261 7
10 2 8 511 3
19 4 18 148 4
20 12 10 552 1
1 20 14 99 5
16 2 5 501 9
1 14 10 315 5
14 6 12 429 7
10 6 2 522 9
14 19 6 433 1
9 11 3 342 2
7 12 13 262 1
1 20 6 243 10
20 5 12 56 1
3 20 17 320 5
6 1 4 419 9
18 14 13 214 2
2 10 4 588 1
4 5 11 515 6
12 6 8 119 8
9 19 14 456 1
17 8 13 389 7
14 20 5 425 5
3 16 1 199 4
18 18 20 555 6
19 20 16 252 3
18 14 3 287 2
14 3 9 41 8
16 11 15 471 2
13 18 9 727 3
7 4 17 346 4
16 5 5 238 6
2 6 2 462 4
1 4 15 645 5
11 18 12 380 10
6 17 11 132 9
12 12 1 562 1
1 13 12 210 5
17 14 9 127 3
12 17 5 180 9
18 10 10 429 10
6 8 10 494 7
15 11 17 402 2
8 8 20 532 4
1 13 14 164 7
3 1 20 122 9
19 10 7 352 10
18 8 14 381 3
2 15 6 598 4
11 4 13 472 2
16 2 13 175 10
11 2 19 588 6
11 10 19 82 4
2 17 2 481 9
15 11 10 319 1
7 20 15 172 9
5 5 8 312 8
14 18 6 411 4
2 13 19 88 2
2 10 3 411 7
5 20 3 28 9
11 11 6 656 3
3 16 12 87 7
