100
15 10 9 195 7
18 18 13 475 3
3 10 12 194 5
5 16 9 88 4
16 20 5 430 2
1 16 20 180 9
6 8 12 311 10
6 11 15 36 8
1 12 2 104 3
13 18 15 329 7
20 4 20 282 10
9 12 3 265 8
8 20 13 205 6
19 16 2 181 4
13 2 19 417 3
12 12 19 260 7
1 10 10 65 8
16 17 7 251 5
11 5 10 100 7
18 9 6 48 9
12 12 9 257 5
16 11 11 291 10
20 17 17 326 8
6 13 9 442 9
16 17 8 195 5
8 12 17 321 10
2 7 18 137 9
20 10 1 336 10
17 1 3 284 3
20 13 2 364 6
18 5 13 323 1
19 13 3 352 7
16 3 18 398 3
1 10 12 109 9
5 3 8 273 10
17 10 7 341 9
19 14 10 179 9
15 15 17 123 9
5 6 18 37 6
8 9 13 58 5
12 2 3 186 9
1 11 19 264 3
3 2 15 63 8
16 5 14 75 8
17 19 6 167 2
19 5 18 298 8
12 12 19 111 2
4 20 17 410 3
10 19 6 191 3
2 12 4 266 1
10 16 12 376 2
7 13 17 252 2
11 6 1 146 9
10 7 15 386 10
17 3 19 56 9
11 6 7 242 2
19 13 4 137 9
16 15 12 141 7
15 7 11 393 6
9 8 13 73 8
6 8 9 242 2
3 11 16 340 3
15 17 10 441 4
9 20 18 199 10
12 4 12 296 1
4 11 6 358 4
2 19 11 330 1
12 3 4 142 10
16 11 17 80 5
2 14 7 326 3
4 7 5 175 9
15 8 10 60 9
14 18 2 455 8
4 6 18 478 7
14 10 4 467 2
17 3 19 120 9
8 13 6 257 5
1 9 10 153 10
3 18 1 270 5
1 4 4 188 6
13 13 18 88 7
14 1 12 164 1
18 17 6 462 10
18 15 20 68 4
1 18 10 172 5
10 5 7 377 1
3 8 18 29 5
14 15 4 381 9
11 11 8 291 4
17 12 3 126 5
8 4 6 234 5
3 3 8 107 3
2 1 14 287 2
18 10 10 133 10
3 8 18 274 3
8 6 17 321 4
18 17 18 83 10
12 10 17 134 9
3 14 2 236 2
12 13 19 298 8
