500
4 4 1 808 4
2 4 4 440 5
3 7 6 519 9
6 5 1 1935 1
7 2 1 1858 1
4 7 5 1648 4
7 3 2 1990 3
7 2 7 778 7
6 7 7 635 1
7 1 2 61 2
2 6 3 1893 9
5 5 7 693 2
2 5 3 1525 2
3 6 1 693 2
3 3 3 1839 8
2 7 3 495 2
6 6 6 534 4
4 7 6 223 4
2 5 1 1296 8
3 1 2 1990 3
1 1 1 789 7
5 3 4 1854 9
5 5 4 894 9
6 3 3 1439 1
6 4 6 625 3
6 1 1 420 5
5 5 3 245 1
3 5 3 986 7
5 7 4 1035 8
5 1 1 1295 4
2 1 5 1551 5
2 6 1 404 5
4 6 3 1702 9
5 3 3 1290 8
4 4 4 1913 2
1 6 3 764 2
1 4 6 963 4
1 3 5 1557 5
6 5 1 1326 8
5 5 2 1753 2
3 1 6 1389 9
5 4 6 363 6
6 4 2 560 5
6 1 1 1534 6
5 1 2 904 1
5 2 7 1926 1
4 1 2 411 3
1 2 5 979 3
3 7 1 2017 8
4 5 3 1442 8
4 6 3 632 2
6 3 3 671 2
5 4 1 2037 4
3 3 3 682 5
3 3 4 1396 3
6 1 2 1763 5
1 5 3 41 8
5 2 6 1681 2
3 2 7 1088 2
5 5 7 185 9
2 4 3 880 6
5 7 6 601 3
2 6 1 561 9
3 2 2 829 5
1 6 2 1482 7
2 4 5 1395 2
5 7 2 1752 7
4 2 3 73 7
6 1 4 760 1
2 4 5 1524 7
1 4 7 1939 3
2 2 6 360 8
3 1 5 616 5
1 6 6 1858 3
3 4 1 1511 4
3 7 5 593 4
6 3 2 492 1
1 1 1 349 5
7 5 4 1109 1
6 6 2 725 5
6 4 4 132 3
3 6 6 390 8
3 4 7 1360 2
2 2 3 735 3
6 4 1 150 9
3 5 1 842 9
5 2 1 666 9
3 6 3 50 6
7 1 7 623 2
6 5 2 1893 3
4 4 1 250 8
3 7 5 1712 4
6 3 1 169 2
7 1 2 176 8
2 5 5 885 4
4 1 4 1423 7
7 6 5 1024 1
1 3 2 259 7
1 1 3 2059 9
2 7 4 1073 6
2 5 5 898 5
3 6 4 1990 1
4 6 1 1574 8
6 4 1 51 8
1 3 7 1121 4
7 5 4 1061 3
3 1 3 1935 8
2 3 3 1794 5
1 6 4 1955 4
3 4 5 2056 9
2 3 5 1536 8
2 4 6 368 1
1 2 1 1321 3
1 3 3 732 6
5 7 4 619 2
5 6 2 1021 8
6 7 7 909 7
1 1 5 1183 4
6 5 3 918 7
6 6 3 1222 7
5 7 6 1890 2
3 7 2 1715 4
6 3 5 701 6
1 5 1 189 3
5 4 3 484 4
6 1 6 1769 5
4 2 1 2035 4
2 6 1 185 1
7 5 3 1290 6
7 6 2 1700 4
2 2 3 1748 4
6 1 7 24 1
6 5 5 1875 9
1 3 4 1686 5
1 2 4 984 2
4 4 5 369 8
6 1 2 384 4
2 2 5 607 2
6 1 7 1762 5
4 4 3 1204 6
3 6 4 411 6
6 6 1 35 3
7 3 3 636 7
5 2 4 1646 4
7 5 2 676 2
3 2 1 1183 4
5 1 4 813 6
7 7 1 1814 4
3 3 4 1353 6
1 3 3 1071 2
2 3 5 486 3
5 6 1 679 7
1 5 4 2033 4
3 2 6 232 1
7 4 5 1123 4
1 5 6 1754 4
5 1 1 641 7
6 1 1 1792 6
2 2 6 1740 7
4 2 6 298 7
7 2 4 1873 1
3 5 7 25 9
4 7 1 1633 4
1 6 5 1315 4
6 2 4 115 4
7 1 7 488 7
5 4 5 1495 3
6 3 2 745 5
3 1 3 149 2
7 4 4 958 5
6 7 4 2062 3
2 3 3 1893 7
7 7 4 1003 6
6 2 7 1117 1
1 6 6 2043 1
6 7 5 1675 4
4 1 4 614 5
2 3 7 1494 5
6 3 1 16 7
3 2 3 14 8
1 7 2 774 8
7 2 5 1232 7
6 7 1 1854 5
5 6 2 654 5
5 7 7 2077 4
3 2 3 1629 6
6 2 7 351 9
1 6 3 134 7
2 3 4 594 5
6 1 7 858 8
5 2 6 1718 9
3 3 5 1919 8
4 4 3 1465 8
6 4 7 1449 7
6 2 3 1704 2
5 7 5 1189 5
7 4 1 1413 2
3 3 7 1746 5
7 6 1 1637 2
5 5 4 1044 6
7 5 4 1434 8
1 3 7 1901 3
5 6 6 46 5
3 3 3 510 3
1 6 3 214 1
5 2 4 552 1
3 1 2 364 3
1 5 2 511 2
5 6 4 1472 2
1 7 3 2076 7
5 4 4 1206 4
6 2 3 1556 4
4 5 4 514 5
2 7 2 935 4
2 3 3 1185 7
4 4 5 761 2
7 4 2 1078 9
2 7 5 1305 2
7 4 2 281 1
7 1 4 1848 2
7 6 6 86 5
6 5 2 1414 2
1 1 6 1869 1
4 4 6 322 9
5 7 7 424 7
3 5 1 32 1
4 2 7 879 2
5 4 3 555 4
4 2 5 2051 2
2 7 5 238 7
3 2 2 2065 7
4 7 7 756 6
5 6 2 1877 2
4 6 1 1612 2
2 4 6 477 3
4 2 5 961 5
3 3 2 709 9
7 4 4 512 2
4 5 7 393 1
5 7 5 1145 5
4 1 7 141 3
6 3 3 1641 6
2 7 7 1177 5
2 5 2 1029 4
1 1 3 1578 2
7 1 4 1212 2
1 5 3 794 9
4 6 1 893 7
6 5 6 1039 9
7 5 2 198 7
5 3 1 1659 3
4 2 4 203 8
3 2 5 1436 5
3 4 1 404 1
1 3 4 1288 8
4 4 7 666 3
6 7 4 1718 6
3 3 4 1890 8
7 2 6 1395 8
2 6 4 19 1
1 4 7 1910 3
1 4 5 559 8
6 6 6 667 4
4 6 1 586 4
1 5 3 947 7
6 3 3 1288 2
1 4 2 1974 3
2 3 7 1226 8
4 5 7 1950 4
7 2 4 391 3
1 5 7 517 6
2 5 7 798 8
4 3 3 339 2
7 2 5 234 4
4 2 7 455 7
5 5 6 645 7
3 7 7 1758 9
7 5 5 1467 8
4 5 7 1043 9
7 1 2 1336 3
1 4 1 504 6
7 7 3 1221 2
7 1 3 1951 2
7 5 2 1023 8
5 7 2 412 6
4 3 7 985 4
6 1 3 1209 6
4 3 2 31 4
1 7 6 1706 7
7 7 6 822 6
7 6 6 1691 6
2 6 6 1118 2
7 2 4 1207 5
4 3 6 696 6
4 6 2 1526 4
1 4 4 1888 5
7 1 2 1040 2
5 2 4 529 6
6 7 7 64 1
4 6 4 1641 8
3 4 2 403 5
2 3 7 1685 1
2 4 6 2005 2
3 5 6 1108 2
1 2 6 2060 4
2 5 1 215 3
7 1 6 790 5
2 4 5 1816 1
1 2 4 566 6
5 2 4 1027 8
3 7 5 1515 6
3 2 3 50 9
7 5 4 1773 6
4 5 1 352 7
7 6 1 352 8
4 7 4 1524 3
3 7 5 818 2
5 7 7 1184 3
7 1 7 1715 7
5 5 6 2065 1
3 1 4 246 7
4 3 2 1197 3
5 3 4 2060 1
2 6 2 230 1
5 1 7 1633 3
3 2 5 1030 8
1 7 6 697 6
5 6 1 1760 7
6 1 3 1699 4
7 7 4 765 7
3 5 4 1212 3
7 4 7 1799 7
4 2 2 1509 1
2 3 5 1837 5
5 6 5 597 3
1 2 3 1130 5
2 4 5 785 9
6 6 7 43 7
2 5 3 1273 1
2 3 5 1914 5
4 6 3 641 2
4 6 2 390 3
1 5 5 1562 1
3 3 4 2063 9
1 3 3 1129 4
6 7 3 1824 6
7 1 1 333 4
2 1 1 380 2
2 2 6 1405 5
2 5 7 502 1
3 3 6 480 5
3 5 6 368 6
1 3 4 1672 8
3 6 6 738 5
6 4 5 804 3
4 3 4 189 2
6 7 6 778 9
4 3 5 1024 2
6 6 1 1763 7
3 6 4 1092 7
4 4 1 1308 6
7 6 4 1824 4
3 2 7 416 5
1 5 7 745 8
5 4 6 824 7
5 6 1 873 7
3 7 6 760 6
5 4 1 995 7
7 2 2 133 7
4 5 3 895 5
1 6 3 578 5
6 4 7 979 5
6 3 6 76 7
7 3 7 51 6
6 5 2 334 8
1 4 7 119 8
3 6 1 1564 2
6 4 7 860 3
6 7 7 1058 5
5 2 7 1385 5
3 6 4 1037 5
3 5 6 1393 3
1 7 4 341 4
5 6 1 931 2
1 7 1 1264 9
2 4 4 1646 5
6 2 6 2054 6
1 1 6 1312 2
1 6 7 1781 4
7 1 1 1018 7
4 5 7 1756 6
3 3 5 1907 1
5 4 6 1069 6
5 3 2 1815 3
4 6 3 1128 4
4 2 5 379 5
7 6 6 1710 1
1 2 1 1097 1
6 6 5 1315 3
1 4 5 2083 8
3 4 1 1456 6
4 7 1 35 4
6 6 1 1093 9
3 3 7 270 5
4 1 7 316 3
2 6 7 1978 5
6 5 6 295 3
1 2 6 1096 7
3 2 7 490 2
5 3 2 23 4
7 6 2 1134 5
6 5 7 1879 5
3 5 2 759 6
6 3 6 870 6
6 3 1 893 8
4 7 1 855 1
3 6 4 2030 5
5 6 5 2003 5
7 3 1 1707 2
3 2 6 1476 5
2 7 7 1889 8
6 2 7 262 1
3 2 5 169 7
4 6 4 2071 5
6 1 7 1797 4
4 1 4 1929 5
6 1 5 268 7
3 4 7 454 9
7 6 4 1939 8
1 2 4 1271 6
1 2 7 133 7
3 4 1 1130 3
4 2 6 907 3
2 5 4 697 6
2 4 6 751 3
2 3 4 1000 5
3 5 4 1374 9
3 7 6 1044 8
5 6 4 1252 2
5 4 2 1834 4
6 3 2 1476 2
1 7 2 65 9
7 1 7 2069 7
6 1 6 1180 9
5 6 5 130 2
2 1 6 1062 6
7 7 1 1102 8
7 2 4 1743 1
7 6 3 383 9
2 5 5 703 8
7 7 4 366 5
4 1 5 1055 6
2 4 6 1019 7
7 1 3 466 1
5 5 4 384 9
3 7 7 1196 1
6 5 5 663 2
1 1 3 444 1
7 3 1 678 9
5 6 5 769 9
3 1 1 413 6
7 2 4 1831 9
3 2 4 175 8
6 2 4 1618 3
6 1 1 765 9
2 7 3 122 9
6 1 1 1743 9
4 3 3 422 7
4 3 7 1126 6
4 7 5 941 1
3 4 6 758 7
6 6 1 1735 9
1 7 1 2005 3
4 1 3 957 2
4 2 3 874 5
7 5 6 1226 6
5 6 1 109 3
6 2 1 961 2
6 7 7 1908 3
1 3 7 257 6
4 4 1 1206 1
3 7 2 818 6
7 1 6 629 8
7 5 7 1824 2
4 1 3 2078 4
4 2 3 1388 2
6 4 6 1865 1
3 4 1 1278 8
3 5 7 75 1
5 2 4 787 6
3 4 1 91 9
1 1 2 2059 1
1 2 4 989 1
4 6 6 1510 4
5 4 1 1319 8
5 3 6 1425 7
2 6 7 1570 2
2 3 5 1119 3
1 7 1 1623 4
1 5 6 1564 2
