400
6 6 2 318 4
5 6 6 348 6
5 7 4 1090 2
3 3 1 750 9
1 5 4 568 7
7 7 1 78 9
1 5 5 1644 1
1 3 7 375 6
2 5 2 1434 1
2 4 3 1584 3
4 7 5 629 5
2 6 3 24 7
5 6 7 410 9
7 3 3 936 6
4 4 3 192 3
4 7 7 193 9
6 1 5 1320 1
3 4 3 306 6
4 4 6 372 8
3 1 7 594 2
1 4 7 1403 6
5 7 6 456 1
7 1 4 163 3
5 6 7 203 9
2 3 5 1237 8
1 2 5 951 7
3 1 5 404 9
5 4 4 1327 9
1 6 4 1318 4
5 5 3 1193 1
1 6 4 358 2
6 7 5 699 7
1 4 5 420 8
6 1 7 1595 7
4 7 4 113 2
5 5 2 834 7
6 1 5 741 6
6 4 3 319 7
5 1 2 1406 8
3 7 3 1309 4
7 7 1 408 9
2 1 5 1235 8
6 5 4 454 6
4 5 7 1401 3
2 2 3 390 3
2 7 1 183 2
1 7 1 18 4
7 1 7 274 5
2 7 5 1306 9
2 1 7 585 7
7 7 7 73 7
2 4 7 1508 8
5 2 6 982 2
2 2 6 938 3
7 3 3 439 7
2 2 6 1493 9
1 3 1 35 5
3 3 2 528 2
3 1 4 42 3
2 4 7 1609 8
7 5 3 689 9
3 3 2 312 1
1 2 6 201 8
5 7 5 81 6
2 5 4 1161 2
6 6 3 1440 2
5 4 5 1677 1
6 5 5 344 5
1 5 1 1680 2
6 5 6 624 8
7 3 6 799 9
5 2 1 885 6
4 3 6 1223 3
4 2 3 1138 8
4 1 2 1423 5
6 4 1 747 3
6 4 7 308 4
3 3 5 912 1
7 5 4 540 6
1 5 4 710 7
1 5 6 1634 6
4 4 2 1662 7
2 3 3 831 8
7 1 4 464 4
6 3 3 1676 1
4 5 1 725 9
1 4 3 147 8
1 3 2 590 5
1 7 5 909 6
3 1 6 460 6
4 5 1 342 5
2 1 7 1092 6
3 1 3 644 5
4 6 4 1264 3
4 6 3 371 2
5 3 4 342 9
3 1 7 1646 3
4 7 4 887 1
7 5 5 788 9
5 5 2 692 6
6 6 7 1450 1
2 3 3 1412 3
7 7 3 617 5
6 1 2 1132 8
1 7 4 731 4
1 4 5 66 4
3 1 2 353 5
7 2 2 1407 1
3 6 6 132 2
7 3 6 825 3
3 1 7 592 1
7 7 5 1083 3
2 7 1 593 1
4 7 5 957 5
1 4 5 363 1
4 4 7 1182 1
7 2 3 1678 8
5 4 3 818 5
1 6 2 1026 6
7 4 4 251 4
2 3 5 1403 2
2 1 4 581 8
4 4 1 1309 1
3 2 6 791 9
1 1 4 718 9
1 2 4 1037 6
1 4 5 751 2
4 6 1 491 9
7 5 5 1062 1
1 5 6 1165 2
6 1 5 1053 6
3 1 6 837 2
7 2 7 1312 1
4 2 6 541 5
7 2 1 1237 1
1 5 4 1157 1
6 7 1 1510 6
6 3 4 1205 1
1 6 7 1363 7
3 5 4 46 7
6 4 2 1262 7
5 6 3 1494 1
3 4 4 451 2
3 5 3 246 1
5 2 6 620 8
3 7 3 1645 9
3 5 4 181 3
7 5 5 915 7
7 6 7 889 7
3 4 6 1426 4
1 2 7 56 1
7 5 7 816 2
6 1 2 978 1
1 2 1 1084 3
2 1 7 1635 1
5 6 2 1576 3
1 1 2 481 8
6 2 7 406 5
4 5 1 511 1
2 7 5 261 8
1 6 4 273 2
1 7 2 1387 1
5 4 7 834 9
3 7 7 245 1
6 6 6 1329 2
2 6 2 171 8
5 6 2 797 2
6 7 1 779 7
6 7 2 1659 4
7 4 5 1103 1
7 3 3 324 7
6 7 7 802 7
6 3 3 889 5
6 2 4 63 9
1 6 6 34 4
1 4 5 770 7
2 1 3 906 3
4 7 2 1066 8
6 7 7 150 7
3 2 3 1552 5
6 2 6 385 8
7 2 3 1485 5
2 7 4 760 3
5 1 3 1608 4
6 3 6 555 4
5 2 7 1627 1
5 4 7 1379 8
3 4 4 1004 2
2 2 4 178 1
5 7 7 553 3
7 3 6 1128 7
5 6 5 1529 9
3 2 2 948 8
5 5 6 484 1
5 6 5 42 4
5 4 2 1057 5
6 6 6 152 5
4 4 7 588 3
3 3 7 1642 1
2 3 2 585 4
6 6 3 432 1
5 7 2 731 5
4 1 6 1091 3
3 5 4 693 4
5 5 2 956 3
2 3 2 457 8
6 1 4 300 2
1 7 7 1622 2
2 2 4 1674 1
6 4 5 1129 7
6 6 2 1317 7
4 4 6 1074 4
7 2 2 351 3
4 4 2 1531 6
6 4 3 1425 3
1 5 5 54 8
1 1 2 954 6
1 5 7 820 1
3 3 3 890 3
7 7 4 98 2
3 1 2 553 2
6 4 5 58 2
6 2 5 1401 7
4 7 5 709 2
5 4 7 402 8
3 1 3 233 6
7 2 1 261 6
6 5 4 535 1
7 2 4 316 7
6 5 1 891 3
2 3 4 297 7
4 7 6 1674 7
7 4 1 481 7
1 1 7 1383 8
6 4 1 638 7
5 4 2 1557 1
2 3 1 1293 1
4 6 4 752 6
3 7 6 1058 8
6 1 1 926 6
4 1 3 1493 5
2 7 6 371 6
7 7 1 443 7
6 6 5 1526 6
5 4 1 415 9
6 3 5 809 8
3 2 4 1608 7
3 3 4 143 4
1 6 2 460 8
5 6 1 1352 8
5 1 3 723 4
3 7 4 1237 2
4 4 4 1059 3
2 6 7 1414 5
7 2 2 588 7
5 7 7 860 8
6 6 3 491 6
3 1 5 1117 7
2 4 2 1430 6
5 6 5 755 1
6 1 5 127 5
4 3 3 1490 5
2 4 2 1565 5
7 4 6 597 2
2 7 5 62 7
2 5 1 91 8
4 4 5 470 7
3 4 5 448 4
5 4 1 1470 3
5 4 6 801 6
2 6 7 682 4
5 5 6 37 9
1 4 2 638 4
5 7 7 1335 8
3 7 3 264 4
7 3 4 102 7
6 4 5 152 3
7 1 7 732 7
3 6 5 1654 2
2 5 4 364 1
5 1 6 745 5
4 3 5 456 3
3 6 4 769 6
1 1 1 737 5
3 5 3 1170 8
4 2 2 58 3
6 7 3 673 6
4 3 7 498 9
5 7 6 1618 2
1 3 2 1091 8
1 5 3 1056 2
7 2 1 1434 6
2 4 1 446 7
2 4 4 1180 6
1 1 1 987 5
4 6 3 143 2
5 6 4 1213 1
3 1 6 925 3
6 3 6 1650 3
4 2 6 392 8
6 5 3 1542 2
1 7 5 152 8
2 5 6 1225 9
3 1 5 422 8
6 3 4 894 7
4 6 6 896 1
7 4 5 112 4
3 7 1 43 2
7 6 4 1052 3
1 3 5 232 7
1 3 3 1016 4
6 4 2 1000 6
7 4 6 185 2
4 6 5 1387 7
7 4 2 1491 2
1 7 1 1324 4
7 6 3 1605 6
2 2 1 498 6
5 1 4 1297 5
6 6 7 96 4
5 2 5 1657 5
7 2 7 185 2
6 5 5 1212 5
3 1 1 151 3
7 6 1 672 3
5 6 3 1350 7
4 6 2 1506 4
5 3 1 1149 8
3 5 5 154 2
3 1 5 588 1
1 1 3 265 4
5 4 1 1643 5
6 4 2 1342 5
4 7 3 883 7
7 2 6 252 4
7 7 5 875 6
6 4 2 559 8
4 7 7 344 4
1 3 4 1672 3
4 2 6 173 3
5 1 7 1588 8
5 6 6 1039 4
4 3 6 510 3
2 1 4 303 7
6 2 2 271 1
5 4 3 665 4
5 1 4 374 3
7 1 3 35 9
6 2 7 1587 9
6 3 3 939 9
7 3 3 253 4
3 4 3 46 9
4 3 3 603 4
5 4 2 1291 6
4 6 4 1641 9
2 7 6 775 7
1 3 1 1197 1
4 2 1 158 4
1 7 2 538 2
6 4 2 692 1
6 2 4 923 9
2 2 2 486 1
7 4 3 1126 2
5 4 5 661 9
3 1 4 922 7
2 2 3 145 8
1 6 7 525 4
4 6 1 1270 1
6 5 4 982 7
7 3 5 388 5
1 5 6 658 9
4 3 1 420 3
7 1 6 1640 4
3 7 6 1099 7
5 4 3 1045 6
7 3 1 244 9
5 3 2 1488 5
7 5 2 887 6
3 4 5 704 2
1 4 7 773 7
5 3 2 583 4
7 6 7 1242 4
2 5 3 542 7
7 6 3 1154 4
3 6 7 228 4
5 3 5 607 2
1 6 5 1371 1
4 1 1 906 7
1 1 3 1604 2
3 7 5 1128 2
2 4 5 1192 7
6 1 7 1603 7
1 1 6 33 2
2 5 2 1152 7
5 3 7 1188 3
3 7 4 823 9
6 1 4 1265 9
5 1 2 243 2
5 1 7 967 4
3 5 3 1663 5
