150
5 6 4 601 6
6 2 1 141 2
1 2 1 45 3
4 1 3 519 2
4 3 4 205 2
7 1 2 32 3
1 7 3 144 7
2 2 6 264 3
4 3 1 543 4
6 7 6 507 2
4 6 2 182 5
4 7 7 535 4
1 2 6 68 1
4 5 2 330 4
2 6 7 153 6
4 6 1 465 7
6 3 7 143 3
2 4 1 524 1
5 5 1 563 6
7 4 2 469 6
7 5 4 221 4
2 4 1 332 3
7 4 5 376 8
1 4 2 21 8
5 1 5 214 6
5 7 2 495 8
3 3 3 467 8
4 4 1 591 1
2 6 4 628 6
1 2 4 540 5
3 7 4 375 2
4 3 4 482 6
1 7 6 176 4
2 4 4 366 9
2 5 2 364 4
3 4 3 227 5
2 1 6 396 1
7 7 7 464 9
7 6 3 112 3
3 4 1 147 9
7 4 3 479 8
7 7 2 301 2
6 1 2 129 3
7 5 5 135 1
5 7 6 560 2
4 7 4 420 3
5 7 5 104 1
4 5 6 367 9
5 3 3 115 1
2 3 5 15 1
5 5 1 213 8
5 3 4 282 6
5 4 2 313 7
3 6 5 241 5
5 7 7 410 5
2 7 1 429 2
6 5 3 499 9
7 6 3 207 4
6 5 3 599 1
1 1 4 603 3
1 4 3 434 7
3 7 5 551 2
2 1 1 138 3
6 5 1 332 3
6 3 3 588 3
2 1 4 187 6
5 3 7 265 7
5 7 6 440 7
5 1 5 207 3
4 6 4 109 9
7 1 2 627 3
3 2 5 577 3
6 5 6 80 7
2 2 5 349 8
6 4 5 167 9
6 2 5 492 7
7 2 7 528 9
7 6 6 135 2
5 1 1 566 2
1 2 1 33 2
5 2 7 186 1
1 4 4 550 2
5 3 1 370 2
2 5 1 339 5
3 6 1 255 3
1 6 2 505 8
2 3 6 435 8
2 3 3 264 1
7 5 7 113 8
5 7 4 399 2
2 4 5 119 1
4 5 2 391 6
6 3 7 261 9
3 2 7 560 4
5 7 4 225 9
2 1 3 205 2
1 6 5 494 6
6 7 7 332 5
5 4 4 30 2
1 4 7 509 2
2 2 2 377 8
2 2 1 500 3
2 1 3 143 9
5 6 6 504 1
2 7 1 149 3
1 7 3 598 2
7 7 7 124 1
2 3 5 245 2
5 6 6 452 2
4 5 2 429 8
5 7 1 191 4
4 5 5 243 4
6 2 5 127 4
3 7 2 503 7
2 2 3 519 1
1 6 2 370 9
5 5 6 433 2
6 1 2 177 4
6 6 6 331 8
2 2 2 161 8
1 3 6 486 7
5 3 6 480 1
6 6 6 353 3
5 5 7 134 7
3 3 3 469 6
2 7 3 155 8
4 4 5 252 7
2 5 6 319 9
1 6 6 451 2
1 2 2 92 3
4 4 7 289 6
7 1 4 449 4
6 1 5 391 5
4 2 4 594 2
3 2 6 369 4
5 1 6 136 7
3 4 1 195 3
6 5 5 254 9
3 5 3 319 3
5 5 2 517 7
2 4 1 630 3
7 1 3 345 4
2 5 2 296 4
5 2 2 376 3
5 5 2 30 1
7 5 4 427 4
7 1 2 93 6
4 2 5 536 7
7 5 5 51 8
1 5 1 41 9
