450
4 1 1 980 5
5 6 7 1648 5
7 3 4 634 5
1 3 5 261 2
1 7 4 1676 6
1 7 4 213 8
5 7 1 1477 8
4 4 2 1417 5
2 3 2 891 1
2 6 4 1724 8
4 1 3 1361 4
3 7 3 1291 5
4 6 3 387 3
5 7 4 1586 5
1 5 2 438 5
6 6 5 1698 6
1 7 6 113 3
3 2 7 1345 7
1 3 6 830 7
1 5 5 363 8
6 1 6 1065 8
5 3 1 552 2
2 1 6 36 6
1 2 2 536 5
3 2 2 1116 6
2 4 2 1756 1
5 4 1 1678 9
6 7 7 1307 9
7 3 1 132 6
6 5 4 586 7
5 6 1 1467 1
5 4 4 370 5
6 7 3 274 3
5 5 2 1336 9
1 7 6 1629 9
2 3 7 1293 3
3 4 5 69 7
2 4 2 785 9
1 4 5 1574 1
3 2 6 1666 5
6 1 7 1669 4
5 7 5 472 9
6 6 4 1586 6
4 3 2 161 3
3 3 3 236 5
5 2 5 662 7
1 1 1 512 4
5 5 4 1835 9
4 7 6 1596 9
2 5 2 1526 6
1 2 5 631 9
7 4 2 22 8
6 7 7 845 1
6 6 1 659 6
7 2 7 151 8
2 7 1 917 6
2 6 1 67 4
4 3 4 1218 7
5 6 4 1159 6
6 7 7 747 7
2 4 5 169 8
6 3 5 563 9
2 1 3 1263 7
2 6 5 1341 1
3 1 6 1767 8
4 6 5 357 9
7 3 7 1638 8
4 3 6 1030 8
4 4 5 102 3
5 2 3 1209 9
2 4 5 1567 5
4 5 3 1267 5
1 5 2 1673 9
2 7 5 1200 4
5 5 6 286 7
4 5 2 1653 8
6 6 1 151 9
2 3 1 601 8
4 2 4 922 7
4 5 3 872 8
7 6 2 1301 7
7 6 2 1325 7
5 4 7 196 9
3 3 1 880 1
5 6 5 234 7
5 2 5 354 8
7 1 4 835 8
6 3 1 812 4
4 3 4 1620 5
6 4 2 1322 5
5 3 7 1568 8
3 7 5 921 4
6 3 6 1067 7
2 2 2 1835 2
5 1 1 1667 2
7 2 2 177 1
3 2 2 424 7
6 3 2 153 6
6 2 1 651 7
7 6 4 93 7
1 2 3 1107 4
5 4 2 465 6
2 4 4 1063 2
2 1 2 63 9
2 1 4 876 6
6 4 7 1349 1
4 7 4 1172 4
5 7 4 746 1
3 5 5 586 8
6 1 5 414 2
2 4 6 15 6
7 4 1 1580 2
2 4 5 655 5
3 3 6 761 3
7 6 1 1391 5
7 3 2 1726 3
4 2 3 1843 6
6 2 1 495 6
4 5 7 848 6
2 7 2 403 1
4 3 6 721 3
1 3 2 380 3
2 5 2 701 8
2 2 3 1019 2
3 6 3 216 6
5 4 1 18 8
3 2 2 19 1
4 5 2 745 8
2 7 2 877 3
6 3 4 532 8
1 7 5 155 2
3 7 6 586 9
3 7 5 1510 6
6 5 4 461 5
7 2 3 1790 8
7 7 3 820 4
3 5 1 95 2
5 1 2 1441 7
6 1 2 1708 2
1 2 7 1635 1
6 7 5 302 6
3 3 2 1433 7
5 5 2 569 4
6 1 2 435 3
5 4 7 643 2
5 2 5 1234 6
5 5 2 1595 8
1 4 5 560 2
7 6 1 985 9
6 4 5 531 7
6 4 7 1153 3
4 2 7 1647 6
6 3 2 378 5
1 1 7 1768 5
7 7 6 1234 2
5 5 6 904 9
3 7 1 261 1
4 2 1 188 1
4 3 7 1181 9
4 7 5 1672 6
5 3 6 1717 3
1 6 7 495 6
3 1 3 599 9
6 4 1 1746 7
3 3 7 1353 8
5 3 6 1610 2
2 6 5 1757 7
4 6 4 187 7
1 2 5 348 7
2 5 6 1562 6
7 4 4 857 8
6 2 1 402 5
2 3 1 1464 1
5 2 2 520 6
3 6 1 1685 9
7 6 1 897 4
5 3 3 1746 5
6 4 7 1084 8
3 7 6 223 4
5 3 7 706 4
3 2 3 1494 4
6 1 7 207 1
2 6 5 1003 3
3 1 3 351 4
2 5 6 1169 1
4 1 4 1832 5
3 3 7 1187 7
3 2 4 324 1
7 6 5 1113 3
3 2 2 554 2
2 6 6 1160 4
7 7 7 102 9
6 1 4 614 4
1 6 3 1138 6
2 5 2 451 3
1 1 5 824 6
1 5 5 306 8
7 6 3 785 9
4 1 7 1641 3
3 7 3 1026 4
4 5 7 1119 9
7 4 6 1246 1
5 4 3 21 8
6 5 1 1399 7
6 7 6 409 1
6 1 1 338 2
7 3 6 1293 4
4 3 7 378 2
6 5 1 208 1
1 5 5 630 1
7 7 1 128 5
1 6 4 429 3
6 7 1 178 9
3 1 4 1389 3
4 4 6 93 7
6 6 6 1734 7
1 1 4 114 6
5 7 4 1273 3
7 3 6 1747 9
4 6 5 1392 1
3 1 4 1122 9
5 4 4 281 3
2 7 3 513 8
1 5 2 1510 8
3 5 1 642 8
2 7 2 1078 3
2 2 3 26 2
6 3 4 81 5
2 1 1 297 1
6 4 3 393 3
2 2 1 1560 8
6 4 2 1587 2
7 2 4 204 1
5 2 5 16 8
6 2 4 556 2
5 7 3 861 8
1 6 2 639 4
2 3 5 781 2
3 5 6 1859 5
1 1 2 1126 9
2 2 4 1252 6
1 3 2 856 2
4 7 4 1241 4
7 3 2 1654 1
7 4 2 169 5
2 2 6 1108 7
3 4 7 1177 6
7 4 4 1132 7
6 5 4 36 6
1 2 3 137 9
5 4 5 1803 3
3 7 7 1871 1
2 5 2 1734 9
7 3 6 308 9
6 7 4 1465 2
3 2 2 526 9
7 1 4 159 8
4 1 1 733 5
4 4 5 1845 6
1 6 4 621 2
3 6 1 687 1
6 3 4 1311 5
6 7 7 1467 2
4 6 4 478 1
4 6 6 186 8
1 5 4 653 2
1 5 5 1567 5
6 3 7 1108 8
7 7 3 1066 6
1 2 7 1205 6
5 7 2 373 5
2 6 4 494 2
3 6 2 1090 8
7 6 3 983 8
6 6 7 1854 6
4 6 5 564 1
5 3 4 1185 4
1 1 4 1409 6
1 6 6 213 5
7 6 2 1727 6
2 7 6 1118 3
4 2 4 546 1
6 3 7 1104 4
6 6 1 907 6
2 7 4 923 7
3 6 4 181 3
7 1 7 1025 7
3 7 2 74 8
6 1 1 1428 4
4 1 5 1027 1
2 3 3 1286 2
5 4 3 1803 7
1 1 3 631 9
1 2 2 1508 5
3 1 2 283 5
5 5 4 1684 7
7 2 3 751 5
3 2 1 1802 2
4 1 7 1189 4
3 5 4 747 8
6 2 1 228 7
6 5 4 499 3
3 1 3 793 3
5 7 7 1809 9
4 1 3 719 4
2 3 2 712 2
2 2 4 1611 5
3 7 7 1352 2
7 6 6 1414 1
1 4 2 1269 6
4 5 1 1268 2
2 7 1 1203 6
1 2 5 1681 8
5 3 3 693 8
7 6 6 1749 9
3 7 2 960 7
5 5 4 135 1
3 4 7 1573 5
2 5 6 170 2
7 5 1 1682 3
2 2 2 435 3
6 3 5 1516 8
1 3 6 1362 4
5 7 2 1111 4
2 3 3 1000 3
5 3 1 1452 1
3 6 5 118 3
6 2 7 1455 9
4 3 4 1773 5
6 4 1 834 8
1 5 6 662 2
3 3 4 109 1
1 2 7 1388 6
6 2 2 36 5
1 7 4 1108 2
1 7 4 942 3
4 4 7 1315 9
6 1 4 1514 6
6 2 1 1686 6
5 6 6 420 4
7 4 5 577 4
4 3 6 1556 9
7 2 1 614 8
3 5 6 366 5
3 4 2 1046 3
4 6 5 546 3
7 6 6 869 9
7 5 3 1529 9
3 5 2 381 7
4 4 4 1370 6
4 6 5 815 9
4 1 1 1469 7
5 7 2 1074 7
6 1 1 858 7
4 7 4 1281 7
3 3 6 658 9
7 1 1 1648 1
3 4 5 996 7
6 4 3 882 2
3 6 4 1156 1
6 7 5 1395 6
4 1 2 537 9
2 4 2 743 1
7 7 7 543 4
3 3 4 831 2
6 5 3 904 3
7 2 3 560 2
7 5 2 470 7
3 6 3 725 5
3 6 2 285 1
4 5 4 221 5
7 3 4 1189 8
6 3 7 483 6
7 2 3 1072 1
1 3 1 186 5
1 4 6 1646 2
5 2 3 929 1
3 3 1 364 4
7 6 7 1005 9
3 6 3 88 1
1 5 2 1146 2
4 6 1 202 1
5 1 5 1888 2
4 6 3 868 2
2 6 2 1810 9
5 3 4 1299 3
5 2 1 106 5
7 5 1 1774 4
7 2 5 1470 4
3 6 1 1292 6
4 7 1 688 1
4 6 7 1682 1
3 2 1 729 4
5 2 5 307 3
4 2 1 783 3
4 4 4 1269 1
1 5 7 1112 7
2 1 6 275 9
3 5 5 779 4
5 3 4 968 9
6 2 1 1347 6
1 4 1 921 2
3 4 1 250 2
4 1 1 417 5
5 1 7 999 2
7 7 5 1785 1
2 6 2 107 9
6 6 7 366 8
2 3 4 141 7
6 3 7 972 2
2 7 6 625 9
2 6 6 1841 3
2 7 2 1204 3
5 5 3 778 2
2 4 1 120 7
7 4 3 1457 2
3 4 2 928 6
3 4 6 1483 2
1 6 2 1862 7
6 7 1 441 3
2 3 2 997 7
4 3 3 1304 2
4 3 5 945 4
1 2 3 1611 5
6 7 6 622 8
1 7 2 1001 5
6 2 1 1817 9
3 1 2 1585 2
5 3 5 1669 1
3 2 5 719 3
3 7 6 1828 8
3 7 3 1343 6
6 1 2 1301 8
7 7 7 12 1
2 7 4 528 3
7 4 7 1148 6
4 5 2 849 8
6 5 1 1052 8
1 4 6 1475 4
4 5 5 512 4
3 3 7 724 2
5 1 7 219 4
4 5 7 795 4
4 1 6 1082 3
5 2 6 604 3
2 2 3 1679 7
7 4 5 1878 3
4 5 2 1732 2
7 4 7 159 1
5 7 4 1835 7
