250
2 1 5 617 5
5 4 7 35 2
7 3 3 62 8
1 1 7 400 7
2 1 2 799 6
5 7 3 710 7
7 6 7 208 9
7 2 2 602 9
5 1 7 488 2
2 1 6 445 5
4 6 7 699 6
1 1 1 775 7
2 6 6 501 8
1 1 5 610 6
4 6 4 647 6
4 7 3 837 1
1 3 3 316 7
6 4 7 930 1
4 1 7 106 6
3 6 1 651 3
6 5 5 64 1
3 6 1 165 8
2 2 3 364 8
1 4 6 811 2
2 2 4 262 6
7 7 6 803 8
5 4 4 1005 3
1 6 1 467 8
7 3 3 439 3
6 2 5 68 1
7 6 1 705 6
3 2 6 489 1
3 3 2 1007 1
1 5 5 619 5
6 3 5 763 7
6 3 2 541 1
1 6 6 517 3
1 3 4 914 6
4 2 3 88 3
7 4 4 210 8
5 1 1 1007 9
5 2 5 676 3
7 6 7 1022 8
3 3 6 551 8
4 2 1 748 4
7 4 2 161 4
4 7 4 97 8
2 2 2 313 3
5 2 1 744 7
7 4 6 770 5
4 4 3 507 4
3 2 7 369 1
2 7 6 178 6
2 6 1 71 2
6 3 2 800 9
4 3 1 947 5
1 4 6 758 4
2 5 5 916 7
7 6 1 535 5
6 3 1 496 4
7 6 7 315 4
1 2 4 480 2
4 1 1 629 4
3 4 3 197 9
1 6 3 1032 9
2 6 3 914 2
5 3 4 869 5
2 4 6 1024 6
6 1 4 318 9
4 7 7 355 1
5 1 3 723 8
5 4 5 305 4
3 3 7 619 6
5 2 1 325 4
4 4 1 457 6
5 6 2 388 4
3 2 6 380 2
3 4 7 913 3
3 3 3 524 7
6 2 3 873 4
4 7 7 944 9
7 1 2 385 7
6 1 1 74 9
5 2 5 960 6
6 1 5 528 9
2 4 6 154 3
6 1 2 284 9
3 5 5 879 8
7 4 7 819 3
3 5 6 292 4
1 2 1 1049 6
7 3 7 120 5
3 2 1 299 3
7 1 3 297 5
6 5 7 627 6
5 3 5 144 4
3 7 5 607 6
7 6 6 93 3
7 4 5 810 8
1 2 2 195 2
5 3 4 250 1
5 1 6 923 1
7 5 4 222 9
2 5 6 926 3
3 4 7 405 2
5 6 4 758 8
2 7 4 249 4
6 2 7 294 3
1 4 6 206 9
3 3 4 566 2
5 7 2 1005 6
3 2 3 577 7
7 3 2 285 9
6 7 6 198 2
4 7 7 383 9
6 2 4 219 1
4 4 3 789 7
1 1 5 869 6
4 2 4 52 4
5 1 2 853 7
6 1 5 831 4
2 7 1 533 4
3 7 6 14 1
2 1 1 887 6
3 6 2 751 9
3 2 5 681 3
6 2 7 655 6
5 3 5 853 2
3 7 6 676 7
7 7 2 785 8
1 6 4 1010 5
7 1 1 843 9
5 4 5 451 3
5 6 6 364 6
5 7 3 45 8
5 4 5 756 9
5 2 2 569 5
2 1 3 1034 1
5 4 6 418 4
7 6 7 522 8
1 1 3 1044 3
6 7 6 154 1
1 6 3 189 7
2 1 6 987 4
4 4 5 511 4
6 1 7 946 9
7 7 2 674 1
5 6 1 291 6
6 4 4 136 5
7 2 7 465 2
6 1 3 265 2
3 1 7 479 6
4 2 5 671 5
1 1 7 797 2
6 5 2 736 3
2 6 5 94 2
1 4 2 907 5
3 2 2 606 6
3 2 5 336 5
2 3 1 837 8
5 6 1 414 3
6 2 2 824 8
2 7 5 481 7
6 6 7 276 9
2 3 6 753 7
5 7 2 351 1
6 3 4 429 6
4 2 1 625 3
1 1 4 930 8
4 5 1 440 5
3 2 1 324 3
4 1 1 214 2
1 1 5 240 3
4 6 7 319 9
7 7 6 922 2
7 4 3 373 8
3 3 3 469 6
1 1 1 871 4
7 6 7 1021 5
2 6 5 326 8
3 6 5 877 4
4 6 5 830 7
7 7 5 631 2
4 7 3 338 5
3 7 1 804 3
7 6 2 177 8
6 4 5 148 3
6 7 7 505 9
2 7 7 556 1
7 7 6 406 1
1 5 5 1047 6
7 6 1 902 9
4 7 3 282 1
3 4 7 956 3
5 2 7 225 1
2 4 4 969 9
5 1 5 943 7
3 3 3 570 7
2 5 7 489 3
6 7 1 692 4
1 1 5 433 1
7 2 3 835 1
2 6 5 977 7
5 1 2 574 2
7 5 7 798 2
5 4 3 660 7
6 3 1 355 7
6 6 7 218 1
6 5 2 269 5
1 3 1 179 6
5 3 2 112 7
1 1 4 583 1
4 3 2 996 8
3 7 3 506 6
3 5 1 940 7
1 2 6 514 7
1 5 4 331 2
1 6 2 1047 5
1 1 1 855 6
4 7 4 985 1
5 2 3 98 3
6 6 7 774 5
2 3 4 590 4
4 7 3 218 2
3 1 6 883 6
1 3 1 165 6
1 2 6 411 2
3 2 4 559 1
4 5 2 576 2
1 3 4 542 9
5 2 5 383 7
4 5 5 947 4
4 1 3 287 5
7 7 6 518 1
1 1 5 81 2
3 1 5 885 8
7 5 7 727 7
1 5 4 616 9
7 3 1 872 6
2 7 7 889 5
3 3 2 998 3
4 6 7 998 7
6 2 1 565 2
4 7 5 225 5
3 2 6 317 5
3 1 2 954 5
2 6 3 472 7
3 2 7 45 9
4 1 4 478 2
1 2 6 250 7
