100
3 5 3 197 1
5 3 6 345 5
1 6 5 256 1
3 5 4 186 4
2 6 5 41 2
2 5 3 221 2
1 6 4 311 9
1 3 6 258 3
7 5 5 323 7
4 7 4 379 2
1 4 1 147 6
3 7 3 130 1
4 7 1 239 2
7 7 6 173 5
3 1 4 145 5
7 4 1 258 1
7 4 6 167 7
4 1 1 91 8
4 5 3 198 9
6 4 2 376 2
1 6 7 310 7
1 4 5 339 4
1 5 6 400 4
2 5 2 187 9
5 4 3 346 5
2 3 2 203 4
2 4 6 141 6
6 5 7 211 3
7 5 2 39 6
1 5 5 221 3
1 6 6 209 3
5 5 2 315 8
6 5 6 134 6
1 6 1 386 3
1 4 6 72 4
4 2 2 266 3
2 4 4 109 8
5 4 6 137 5
1 4 7 290 9
4 7 1 135 3
3 2 4 287 6
2 6 5 348 8
4 7 5 322 1
2 6 6 140 8
6 2 7 246 4
5 6 7 351 9
7 6 1 366 3
7 7 4 16 7
6 1 3 417 5
4 6 2 43 2
5 6 6 137 3
4 7 4 304 2
5 2 7 405 7
4 7 7 89 2
7 3 5 206 5
1 7 7 49 4
1 1 4 187 4
1 6 5 90 6
7 6 4 337 7
4 4 4 359 5
4 3 4 268 4
3 2 1 144 6
5 4 2 89 7
6 7 7 243 8
5 7 1 313 2
5 7 4 363 8
5 5 2 195 4
3 5 3 17 9
5 7 3 373 8
6 4 5 201 9
5 5 6 22 3
1 6 4 382 4
6 2 6 188 7
7 6 2 111 4
4 7 1 135 2
5 2 7 130 6
1 1 5 388 4
2 3 4 406 3
3 4 2 256 2
1 6 4 124 9
4 3 3 297 9
6 1 5 282 1
4 2 4 243 3
1 3 2 72 1
6 4 7 358 2
4 4 1 121 8
5 4 6 194 1
5 2 3 378 5
1 7 6 261 1
4 2 4 372 3
4 6 3 332 9
7 7 6 223 3
3 7 7 227 8
5 7 3 377 8
1 3 1 88 2
6 5 6 242 6
5 5 6 280 8
2 2 7 229 6
6 3 1 76 9
4 2 2 420 1
