100
7 8 9 205 4
8 5 9 222 3
1 6 5 92 3
3 2 6 278 5
4 3 9 205 1
4 1 9 263 4
6 7 8 64 1
10 10 9 49 3
9 9 8 255 2
10 1 2 99 5
8 1 5 56 5
10 3 3 133 5
1 9 7 156 1
1 7 4 275 4
4 1 8 297 4
7 5 8 265 4
3 9 7 283 5
10 1 9 248 1
10 3 5 217 3
8 5 8 233 3
9 9 8 216 2
7 5 10 148 2
6 3 10 280 2
9 8 10 296 4
9 7 1 145 4
2 5 9 254 4
9 4 4 94 5
2 9 1 96 2
10 3 7 147 3
10 9 9 86 2
3 2 6 78 4
8 6 1 80 2
3 1 6 188 5
6 2 8 173 3
8 4 10 47 4
1 2 6 197 2
2 7 6 298 2
10 5 6 34 4
4 5 3 213 3
5 3 9 249 5
9 10 6 273 4
6 2 10 174 1
2 3 8 137 3
2 9 4 214 5
5 7 2 160 5
8 3 4 41 5
7 8 9 94 2
10 9 2 53 5
5 5 10 170 2
5 5 10 229 2
2 3 3 218 4
8 9 3 48 5
5 7 1 86 5
10 1 6 47 2
7 3 6 251 2
4 7 1 139 3
1 7 9 34 3
1 4 6 263 2
1 8 5 261 3
8 9 7 77 1
4 9 10 276 4
8 10 10 178 5
10 2 3 89 3
8 9 10 122 1
9 1 3 204 4
8 8 3 55 4
1 1 1 282 1
2 5 5 69 2
5 6 5 47 5
3 9 7 92 3
6 7 8 206 1
2 8 8 204 2
7 3 3 158 4
3 9 4 193 5
6 8 1 54 2
7 7 10 234 2
8 9 9 116 3
8 8 6 266 5
8 4 5 77 5
3 1 4 97 5
9 1 5 81 3
9 1 2 39 3
9 9 6 167 4
6 2 3 222 1
4 8 3 130 5
3 7 7 224 4
5 7 5 128 1
9 4 3 94 3
9 7 2 77 1
6 1 6 166 1
6 9 6 215 3
9 7 7 191 1
6 3 4 64 4
7 6 7 161 2
4 1 4 109 1
5 3 8 208 1
9 9 7 237 1
3 1 2 179 1
2 8 1 129 2
4 10 7 46 5