350
10 9 5 88 5
6 10 3 103 3
2 2 3 503 1
5 5 6 170 2
7 7 8 567 2
9 10 5 967 3
1 6 1 598 3
10 3 8 825 5
10 4 3 519 3
3 1 1 211 5
1 7 5 599 1
1 10 10 379 1
2 1 6 444 2
3 10 8 679 5
3 1 10 62 2
2 5 5 661 5
7 4 3 801 2
6 3 5 98 3
3 8 10 1027 3
2 7 1 754 1
8 10 2 554 4
10 7 8 1020 2
7 3 7 913 4
3 7 2 899 1
7 9 8 639 5
7 3 3 705 4
4 10 5 285 1
4 2 1 878 4
5 6 4 473 3
2 7 5 981 4
8 10 8 63 2
5 8 4 329 2
9 2 6 883 3
1 5 3 1031 3
7 10 4 895 4
8 8 3 889 2
1 4 5 730 1
1 2 1 723 1
3 2 7 174 4
1 1 2 635 1
10 10 9 110 4
7 10 10 265 2
9 5 2 85 4
3 5 8 287 1
2 3 3 750 1
5 5 2 944 3
8 7 4 792 1
3 6 5 767 1
6 6 2 1008 2
7 7 6 981 4
5 5 6 47 2
6 3 2 516 2
6 1 5 875 2
7 4 1 423 2
5 5 1 883 5
10 2 10 282 3
8 10 3 235 3
4 1 1 746 2
10 9 4 571 2
8 4 4 130 5
10 3 6 815 5
10 9 5 245 1
6 5 3 1021 4
8 10 6 639 4
6 8 2 300 5
8 7 6 337 1
6 9 3 673 5
5 2 6 293 2
10 6 10 758 5
9 8 4 104 3
3 1 4 37 3
5 4 3 502 2
7 9 3 297 5
8 9 6 271 2
9 9 3 849 2
9 6 5 272 3
7 10 6 227 1
10 7 3 583 2
2 1 10 919 3
9 1 3 883 4
3 2 8 387 2
10 10 3 930 2
8 8 10 396 3
1 4 10 220 2
2 1 9 517 1
7 5 5 239 2
2 2 1 1037 4
3 7 2 245 5
2 9 1 783 3
9 9 10 147 4
8 7 8 69 1
7 4 6 509 4
5 2 2 692 2
4 7 3 133 2
10 3 1 805 5
5 7 2 274 1
10 5 6 123 5
2 1 6 561 5
3 1 10 160 4
8 4 7 303 4
9 5 8 508 4
10 6 7 341 3
2 4 7 817 3
4 9 1 634 4
1 3 7 426 4
4 3 5 86 4
5 10 8 970 2
3 1 7 598 4
2 6 1 454 4
4 4 6 753 5
8 8 3 826 4
6 5 7 731 3
7 6 5 321 1
3 6 8 1041 5
3 3 6 221 5
4 4 3 172 1
4 4 3 76 5
9 10 6 121 1
6 6 8 587 2
2 9 5 502 1
6 6 1 1015 2
4 9 2 905 2
1 10 9 110 5
4 9 6 121 5
9 8 5 203 3
6 5 6 460 4
6 6 9 191 3
7 9 10 329 3
3 10 1 983 5
10 9 5 519 2
1 7 7 389 2
7 3 8 716 5
2 5 1 313 1
8 1 8 524 5
1 3 9 623 1
5 2 10 549 2
6 8 10 691 4
10 7 6 784 3
4 2 7 288 3
7 8 5 695 5
6 8 1 792 3
2 7 7 730 3
4 5 2 759 4
8 6 5 131 2
2 3 10 453 3
4 1 1 66 4
8 10 6 595 4
6 2 9 85 4
2 6 3 553 4
5 9 1 120 4
7 3 10 959 1
10 1 2 768 1
1 5 10 397 3
6 10 6 242 4
4 2 2 842 3
4 10 8 757 2
10 7 7 411 2
9 7 2 916 3
3 5 9 647 2
3 9 5 997 5
1 8 7 449 4
4 7 3 84 2
1 8 10 828 2
4 2 6 1047 2
6 6 8 1007 1
1 5 6 250 5
5 5 6 477 3
3 3 7 216 4
8 6 6 320 3
1 6 2 569 3
1 3 8 472 3
2 2 10 398 2
4 8 2 212 4
1 8 1 916 3
3 9 6 30 1
10 9 7 727 3
2 1 6 383 4
8 8 10 89 5
4 9 6 962 4
10 8 5 84 3
9 2 10 499 5
9 1 10 608 3
3 10 9 862 3
7 10 10 373 3
8 8 4 865 3
2 3 8 55 5
8 7 6 692 1
1 3 1 301 3
10 8 10 746 5
8 9 8 853 1
6 1 8 237 3
9 1 1 606 4
3 7 8 773 4
5 4 6 750 3
4 1 9 504 2
6 5 8 749 2
4 4 8 162 1
5 6 3 775 5
4 10 9 771 5
7 4 5 931 2
8 10 3 365 3
5 9 3 604 2
1 10 7 198 5
9 8 9 892 2
3 5 3 248 4
5 8 8 294 2
6 5 8 875 4
7 10 4 1036 2
1 9 9 544 3
3 1 10 634 2
5 7 9 334 2
1 3 3 66 4
4 8 10 411 4
2 7 5 661 1
1 9 1 215 1
9 6 2 682 4
7 2 4 801 1
9 3 6 401 1
7 2 1 123 3
6 3 6 211 1
1 8 2 1030 3
9 5 2 339 3
4 10 6 869 4
4 6 8 982 1
4 4 7 1025 5
5 10 5 266 4
3 3 10 407 5
3 10 2 35 5
7 8 5 818 4
4 10 7 539 1
1 10 6 371 3
9 8 3 617 1
7 4 10 638 4
4 10 5 744 4
3 5 10 549 1
5 4 8 322 5
3 5 10 616 2
2 8 4 979 5
8 5 9 94 4
9 2 9 1036 1
10 6 6 261 2
2 8 2 416 1
6 7 4 631 2
4 7 6 55 3
5 2 10 255 5
3 8 1 931 4
8 8 1 524 3
2 3 2 49 1
5 2 8 837 5
9 6 7 801 5
3 8 2 972 3
8 7 3 970 3
4 6 8 692 1
4 2 10 733 1
8 1 6 1041 3
3 9 1 691 2
4 1 2 477 1
7 1 8 151 1
10 1 2 998 1
8 1 1 518 4
6 7 7 393 2
4 10 2 846 4
4 1 5 306 2
8 8 6 894 2
10 2 9 538 2
4 5 2 967 2
1 8 1 148 4
4 3 6 86 2
5 8 3 836 5
4 1 6 225 5
8 2 3 559 5
3 3 2 497 3
3 1 5 357 2
6 8 2 900 3
1 4 5 832 1
7 2 8 978 5
3 1 8 355 2
10 8 2 227 2
2 7 8 178 4
8 5 1 777 5
2 5 2 1020 3
5 10 7 253 4
9 7 10 969 1
8 8 10 127 1
6 4 6 826 2
1 8 8 743 3
3 3 1 246 3
8 9 3 334 2
5 9 5 524 2
1 6 1 610 2
8 8 10 405 5
1 5 8 784 1
2 2 2 638 3
7 2 6 330 5
9 3 9 366 2
2 8 9 706 5
5 9 5 1042 3
4 6 1 882 2
9 5 6 914 5
1 8 4 276 3
2 1 10 282 1
10 3 5 43 4
4 6 2 235 3
6 3 2 873 5
2 2 2 922 3
3 3 2 689 2
8 8 4 550 4
3 1 10 619 2
8 1 8 738 1
4 5 9 963 4
8 6 8 536 2
5 1 9 40 2
8 9 3 658 5
8 10 7 707 4
4 8 3 995 4
5 10 8 952 5
6 10 5 994 5
6 5 6 1047 5
7 1 9 407 4
8 8 9 144 4
6 4 7 316 1
10 9 7 293 1
3 2 3 686 1
3 6 7 204 2
10 2 4 928 5
6 9 5 134 5
2 2 9 674 1
5 3 2 694 3
7 2 6 45 1
3 9 7 1015 1
6 2 1 378 2
4 3 3 220 3
10 8 10 324 4
3 5 10 993 4
3 7 8 204 3
9 6 7 556 5
3 8 4 403 2
8 2 7 830 4
7 2 2 559 2
2 7 1 837 4
7 8 2 510 4
3 7 9 401 1
7 8 2 936 4
5 8 9 657 5
9 3 9 55 3
10 10 1 449 3
1 10 8 254 3
3 9 2 758 3
1 4 9 919 2
10 1 2 84 5