400
8 6 6 1179 2
7 1 1 552 3
9 9 6 1023 5
10 3 5 194 4
10 7 3 388 5
4 10 9 624 1
8 1 5 731 1
2 9 9 777 5
3 6 10 1039 5
7 10 5 59 2
3 4 9 130 5
1 6 8 325 2
5 6 3 388 4
9 3 8 839 2
8 8 4 673 2
8 7 3 299 1
10 5 9 248 5
9 10 10 84 1
7 5 10 661 2
3 6 10 1142 4
1 6 9 882 5
10 1 8 437 1
1 10 8 1182 1
8 9 1 319 4
9 10 5 319 4
10 4 4 436 2
10 5 3 267 2
4 7 3 60 4
8 10 9 1045 2
7 4 2 987 1
7 7 3 118 1
10 7 3 296 5
4 2 9 566 3
8 3 1 725 4
4 2 7 194 5
9 4 2 1141 2
8 6 5 725 4
5 7 6 99 5
9 1 9 559 2
3 4 9 399 4
7 7 9 719 2
3 8 9 231 3
4 10 2 425 2
8 10 9 1118 1
6 9 8 1177 2
9 2 10 868 1
4 10 2 987 4
10 7 4 1020 5
9 10 7 33 4
6 6 8 184 5
6 5 9 83 2
4 6 6 999 3
7 1 2 937 1
9 10 4 864 5
5 6 7 925 4
9 5 8 263 1
10 1 9 50 4
5 8 2 470 4
10 7 10 167 1
4 4 9 646 3
5 10 6 158 2
3 3 2 414 2
7 2 6 720 1
10 1 7 846 2
5 8 4 655 5
7 9 6 722 2
9 1 9 1003 1
9 8 7 559 5
2 3 3 700 3
3 6 5 693 2
8 5 10 237 2
3 4 4 74 4
7 10 3 1039 2
6 6 3 1109 4
9 4 5 240 5
3 3 4 712 1
7 4 9 208 4
8 4 4 1046 5
3 10 9 517 3
10 10 7 1106 3
4 8 10 90 5
6 5 9 1004 5
2 10 3 690 5
7 3 1 656 3
9 9 9 324 4
10 4 7 650 5
8 10 1 200 4
5 8 7 979 4
2 4 7 990 1
5 3 5 883 1
10 7 6 506 4
2 6 4 306 4
10 9 5 862 5
9 6 5 158 1
6 9 7 155 5
1 8 9 130 3
7 2 8 1042 2
1 1 8 1090 4
10 1 1 242 1
2 9 1 346 1
10 6 3 930 3
7 2 9 464 4
6 4 7 798 5
3 6 10 324 5
4 3 10 426 4
2 9 10 230 5
2 9 6 744 4
4 2 2 899 5
7 5 1 843 2
9 10 5 645 1
5 2 2 1118 2
3 2 1 686 3
5 4 9 624 3
1 10 6 966 5
8 9 8 624 2
3 4 4 1067 5
3 10 2 203 1
9 1 1 618 2
9 9 6 714 4
1 4 5 1065 1
10 10 1 118 3
7 4 5 973 2
4 6 10 767 4
7 1 9 1131 1
10 1 2 1175 5
9 8 2 321 4
3 6 4 566 1
6 6 3 490 1
9 7 7 723 2
9 8 2 118 5
2 2 5 513 4
4 7 6 157 1
2 5 3 865 1
4 10 1 1044 4
9 1 2 574 4
8 7 5 317 4
2 5 7 48 5
6 6 9 466 1
4 9 2 869 2
7 7 7 396 5
1 3 6 214 5
5 7 4 398 5
5 6 5 90 5
8 2 7 468 3
8 7 7 873 3
2 5 2 613 2
9 9 2 187 5
9 10 7 139 4
9 9 10 856 2
6 6 9 1001 2
3 7 7 496 2
9 7 2 1006 1
4 8 1 167 1
2 10 1 595 5
9 3 4 876 4
4 2 6 857 3
10 1 9 137 4
8 4 5 736 4
2 3 2 830 5
3 6 2 177 4
4 5 7 648 5
9 6 4 524 5
1 8 2 387 2
4 10 5 1093 1
4 2 3 391 5
7 1 7 405 1
6 9 6 355 1
3 4 3 641 1
2 2 6 1080 5
2 9 3 223 5
7 9 6 1083 4
9 6 2 1036 1
2 5 6 288 4
3 3 8 726 3
9 8 6 176 4
6 10 10 185 3
2 2 4 1099 4
7 3 6 1031 1
2 10 7 1103 4
7 9 10 991 5
1 3 5 1048 2
9 8 2 86 5
5 5 5 125 4
8 1 3 366 2
8 9 3 330 3
2 10 1 205 2
2 4 7 451 2
5 8 6 452 4
4 5 2 153 5
2 8 9 123 3
4 1 10 599 3
9 4 7 145 4
9 3 2 754 3
5 6 7 654 4
9 3 6 1147 3
7 10 6 474 5
6 2 3 813 4
9 8 6 766 4
2 1 4 623 5
4 8 7 566 3
4 1 6 367 5
3 7 5 143 3
4 5 8 1035 2
6 2 5 462 2
7 6 4 1087 1
10 6 4 1183 4
2 4 6 758 5
8 1 4 1080 1
8 3 6 861 2
7 4 4 334 5
2 3 2 75 4
7 6 1 980 2
10 10 4 311 2
6 2 9 995 2
1 1 4 50 2
4 5 3 1197 3
1 10 3 338 1
5 10 2 1024 5
10 1 5 630 3
8 2 7 1003 5
7 3 6 568 3
2 4 3 672 4
2 8 10 1015 3
6 7 6 839 5
8 6 10 867 4
7 10 2 306 2
8 8 8 495 2
10 2 10 491 3
3 2 3 133 2
6 1 7 1087 1
1 3 5 475 2
9 2 1 452 2
6 1 9 151 5
4 9 7 350 5
6 10 10 470 2
3 10 9 312 1
2 6 5 969 2
5 3 8 1174 3
6 8 6 906 4
4 10 5 758 2
1 7 4 984 4
7 7 8 1106 5
3 2 8 653 2
10 10 9 1010 3
9 6 2 592 3
4 9 6 64 1
10 2 8 509 5
5 10 2 919 2
7 3 7 779 3
7 2 3 731 5
7 1 5 377 1
2 5 1 202 2
5 7 10 265 5
8 5 8 521 5
1 6 4 397 1
9 4 3 376 2
6 8 4 1021 1
6 6 1 1137 2
7 10 3 562 4
1 6 5 980 2
2 6 8 228 2
1 2 2 219 3
6 1 5 1142 4
6 9 2 1084 5
5 8 2 1005 5
6 9 7 768 4
5 1 6 805 3
1 6 8 1157 2
9 2 1 41 3
8 10 7 601 2
5 1 3 701 3
6 8 2 653 5
9 2 1 385 2
3 5 6 938 5
7 3 2 908 2
9 1 9 154 3
5 6 2 467 1
2 5 9 509 3
1 6 9 1155 4
7 7 5 1077 2
7 6 8 639 2
1 3 8 504 1
6 7 10 1006 2
2 3 10 445 2
9 2 9 295 4
9 10 3 382 5
8 8 2 683 1
5 5 4 482 3
2 9 9 38 5
5 10 7 183 2
10 7 3 222 1
4 5 5 168 1
2 7 9 476 3
3 2 6 708 5
7 10 4 258 3
4 5 7 39 4
2 9 6 366 3
2 2 3 383 1
4 3 10 1192 1
8 8 6 707 3
3 9 8 207 1
9 10 7 492 2
5 3 9 783 5
6 8 1 835 3
8 9 4 765 5
8 9 9 341 3
8 5 8 35 3
1 9 9 181 3
3 1 8 398 3
8 3 5 766 3
4 5 6 561 1
5 2 6 254 5
9 9 8 802 1
2 3 2 959 1
3 4 4 687 2
4 2 6 977 2
9 7 8 685 1
8 3 7 671 3
6 1 6 514 2
3 8 1 794 3
10 6 10 284 5
7 10 3 1186 1
5 1 9 422 4
2 1 4 800 5
8 2 6 63 4
10 2 5 1076 2
9 7 1 498 4
2 9 7 746 3
8 7 6 419 3
9 2 10 120 3
4 10 1 549 5
5 5 10 537 1
2 7 9 1062 4
8 5 10 1077 3
7 9 10 734 5
4 7 5 105 2
9 3 10 159 3
6 4 7 741 5
8 6 4 1020 2
7 4 8 301 1
10 9 7 612 1
6 3 8 891 5
3 6 5 1130 2
8 1 10 944 4
5 6 4 848 3
3 10 10 1000 3
7 6 10 354 4
6 6 6 792 5
6 9 5 1196 1
2 2 6 173 4
2 2 2 224 3
3 9 3 183 5
10 8 10 195 3
2 1 4 1122 1
1 2 5 764 4
7 9 7 709 2
4 5 3 869 5
10 10 1 1004 4
10 10 3 696 3
9 3 2 919 1
6 7 9 908 5
7 4 9 703 1
7 2 8 261 3
4 1 7 1139 2
1 8 9 63 4
9 3 4 283 2
7 2 5 525 3
8 10 7 919 3
2 8 9 863 1
2 8 7 929 5
2 6 1 628 3
10 9 8 592 1
7 6 1 1103 3
1 9 1 358 4
5 5 2 582 1
4 2 1 1166 1
10 6 6 111 2
1 5 5 30 3
7 2 6 894 1
5 8 6 989 5
6 4 9 364 3
2 8 2 1089 1
6 10 7 69 3
2 7 6 485 3
4 2 7 81 5
9 6 8 675 2
2 2 4 795 3
1 10 3 518 2
2 4 9 697 4
3 8 4 283 4
3 9 4 549 4
7 7 9 173 2
8 5 7 974 3
5 1 7 82 1
1 3 4 479 1
7 1 6 394 2
1 6 8 439 2
1 5 10 144 1
4 9 5 607 5
9 5 5 571 4