500
4 3 2 190 1
9 2 8 1397 4
2 1 7 1101 2
10 1 4 1164 2
7 5 2 1297 1
4 3 6 1416 4
3 5 4 590 4
4 1 6 508 3
4 9 9 972 2
9 9 2 1317 5
5 6 10 743 3
7 5 7 938 4
8 3 9 873 5
4 9 8 33 3
6 2 7 318 5
8 2 9 473 5
8 7 4 1459 2
1 1 5 71 4
1 8 3 819 4
10 1 1 1163 4
3 7 1 739 3
9 2 10 777 3
1 7 8 742 5
8 3 9 1134 5
10 7 7 1394 5
6 3 8 1426 1
1 5 8 270 1
4 4 8 1079 4
1 9 10 467 4
1 7 9 1473 3
7 6 2 1428 4
10 10 6 511 3
3 2 3 1488 4
5 8 8 233 5
5 1 6 371 3
7 5 9 347 2
5 4 9 1037 2
4 1 10 1245 5
4 3 10 147 1
7 7 2 475 5
9 7 3 51 4
2 4 1 1278 4
9 9 1 32 2
3 1 6 741 3
3 10 1 520 1
6 9 1 466 4
5 4 10 216 5
1 8 5 1170 4
4 6 7 227 5
5 7 3 360 2
3 3 1 48 3
5 2 8 545 2
4 6 7 1486 1
1 10 7 320 1
3 6 6 773 2
6 2 9 1120 3
2 8 10 387 4
1 5 10 1421 2
8 7 8 1074 5
1 7 7 444 3
8 4 7 409 2
2 1 9 730 5
3 1 9 724 3
7 3 2 1474 3
2 6 8 289 1
3 6 6 341 2
2 6 3 1326 3
5 9 5 911 5
3 6 9 778 4
3 3 1 205 1
3 5 9 791 4
7 1 7 1361 1
10 4 4 1158 5
7 8 7 1216 5
9 9 8 1155 5
7 6 8 305 4
1 4 5 839 3
2 9 4 168 5
7 5 3 1028 2
5 8 4 1200 2
7 7 3 69 1
7 6 8 808 4
1 4 4 1071 4
2 4 8 576 4
1 8 7 940 1
1 2 10 1226 5
5 3 9 844 2
6 10 5 1007 1
3 9 1 258 5
9 6 6 727 5
2 3 3 1220 1
3 1 1 142 5
4 10 6 1263 5
5 1 9 370 1
6 3 2 1156 5
9 8 1 979 5
6 10 9 1164 4
2 4 9 1436 5
3 2 9 1217 1
3 5 4 1052 5
2 4 2 557 5
1 10 8 954 3
4 8 6 1399 2
1 3 1 406 1
10 1 1 1340 5
10 3 2 934 1
5 2 9 737 3
8 2 6 1226 2
7 6 5 1378 5
4 2 2 1067 4
7 9 7 1061 1
1 2 10 183 1
7 10 7 423 1
2 6 7 958 1
4 8 4 694 3
9 9 1 1061 1
4 10 3 1248 5
5 4 10 629 2
6 9 9 1140 2
4 10 10 1170 2
8 3 9 1069 2
2 3 9 338 1
9 7 9 491 1
2 1 9 1452 5
2 7 2 1301 1
4 8 3 1383 5
6 8 5 1305 3
7 2 2 627 1
9 6 1 74 3
2 1 8 923 5
2 8 7 381 2
9 8 10 1477 2
6 5 3 1425 4
3 9 9 1283 3
2 6 5 420 4
8 9 3 584 2
2 2 6 882 1
10 8 9 968 4
8 6 8 602 4
4 5 9 1466 2
7 10 4 491 2
9 3 6 1344 5
6 2 8 1117 2
4 2 9 666 4
10 9 7 82 1
10 6 4 1499 5
4 9 7 1420 1
10 2 7 1018 5
1 4 9 1394 3
10 6 2 963 1
3 8 1 1165 1
5 1 5 1163 2
10 8 4 327 5
7 1 4 297 4
8 2 5 646 3
4 10 7 204 3
9 8 7 927 4
5 2 3 1223 5
2 7 4 441 4
3 4 8 1069 2
2 6 5 1298 5
7 4 6 1413 5
1 9 10 782 3
8 9 1 42 3
2 7 7 497 4
5 7 3 1100 2
9 2 5 1192 5
9 9 1 300 2
3 8 10 35 3
9 4 2 1174 2
1 3 5 1183 4
4 4 1 685 3
6 4 3 490 2
8 2 8 383 4
8 1 9 364 1
3 4 4 904 1
10 9 7 659 2
8 8 3 86 3
6 9 8 1207 3
2 1 8 164 5
6 4 7 822 2
9 8 4 103 3
9 8 2 183 3
8 1 5 221 3
7 3 9 1069 4
5 8 3 74 2
6 3 7 1102 5
9 6 2 242 4
10 3 2 279 2
6 5 5 544 2
1 1 4 696 4
9 1 8 1098 1
3 6 1 252 3
2 5 3 669 1
5 3 4 967 5
3 6 6 433 5
3 2 8 236 5
6 8 6 846 1
10 2 9 112 1
1 9 2 945 1
5 3 5 398 1
10 6 2 1414 3
10 8 10 1361 5
6 8 8 159 1
5 5 8 573 2
1 3 1 778 2
9 6 6 314 4
5 2 7 261 4
1 9 2 614 3
3 5 4 1473 3
10 2 8 1014 4
1 3 10 1249 3
8 1 4 946 2
1 4 4 182 3
3 5 8 1259 3
1 9 8 723 3
3 1 10 325 3
5 6 10 665 2
6 1 3 441 2
2 8 4 44 5
3 8 10 1165 1
3 3 5 41 3
9 3 4 1135 5
8 5 6 166 3
5 6 6 122 5
1 7 5 1173 4
2 8 9 1076 5
7 4 4 546 1
1 7 3 1322 2
5 3 6 946 5
7 7 4 706 4
3 5 3 1126 5
10 4 4 103 5
3 8 9 382 1
4 4 10 805 2
10 5 10 1329 5
2 8 5 271 3
4 9 2 295 3
2 1 1 383 2
2 7 3 1376 5
10 5 9 1122 2
3 3 4 1486 5
2 6 7 1049 4
8 4 5 741 4
10 10 9 1099 1
7 3 5 96 2
6 1 4 1423 2
9 1 8 619 1
6 2 8 712 3
5 2 3 297 5
7 9 7 128 5
10 2 10 1249 2
7 8 9 1081 1
6 10 1 1186 3
6 3 3 433 2
3 10 4 221 4
9 2 10 1028 5
3 8 5 1280 5
9 9 7 1489 1
3 1 6 790 5
8 9 8 276 3
3 2 5 175 5
7 6 7 929 3
2 6 9 583 4
3 10 9 1204 4
5 3 10 38 5
7 5 9 662 5
3 8 3 140 2
2 6 8 143 5
7 8 3 378 4
3 6 10 1268 3
3 10 9 189 1
4 4 10 814 5
4 1 3 1143 1
2 10 2 787 5
7 4 3 1368 1
10 1 3 584 3
6 1 3 1290 5
7 1 6 1234 5
4 8 4 1026 1
2 8 2 1205 2
4 10 9 113 1
9 2 6 61 3
3 10 3 1222 1
3 1 4 929 1
8 5 2 806 3
3 9 9 298 5
9 1 1 1340 2
8 5 10 597 3
5 4 7 980 4
10 3 7 984 1
6 10 6 1401 1
6 8 10 901 4
4 5 4 1285 2
5 10 1 716 5
4 6 4 1342 5
4 6 4 655 1
3 4 1 1431 3
7 8 3 1070 5
3 4 6 433 4
9 1 7 100 3
4 9 9 739 4
8 5 9 1403 4
6 4 10 934 4
3 9 9 149 5
10 5 8 1290 2
7 1 3 1414 1
4 1 3 983 2
1 5 7 1052 5
2 3 2 487 1
6 7 3 153 5
7 10 8 1476 2
5 5 7 1087 5
6 5 4 1162 3
3 4 2 670 4
10 6 5 170 3
9 4 3 143 5
1 7 1 1313 1
5 8 7 1343 1
5 6 10 935 3
2 3 1 527 4
9 7 1 993 2
10 2 5 736 1
4 6 3 799 2
5 4 8 1113 4
9 6 3 684 5
7 1 8 1367 3
9 7 3 1119 4
5 3 4 1418 4
1 6 4 592 4
4 10 4 829 5
2 2 2 111 5
2 1 3 951 4
6 5 9 932 3
4 2 6 1303 1
7 5 3 871 2
8 8 2 302 5
3 6 5 1372 4
2 8 4 425 1
6 8 4 273 3
1 5 8 1437 2
5 9 2 976 1
10 10 4 487 5
3 5 8 175 5
10 1 3 1116 4
5 4 2 286 3
6 1 1 374 3
9 9 8 1092 1
10 1 9 107 5
9 3 2 438 2
10 9 4 643 1
5 1 7 989 5
10 8 10 553 1
9 4 4 1194 4
5 2 7 266 1
4 7 4 1435 3
8 7 7 366 5
6 8 7 1161 3
2 9 5 106 4
7 8 2 1395 4
7 1 4 271 5
2 8 6 413 1
2 8 2 47 2
10 10 1 402 3
7 4 2 1160 5
8 7 6 589 2
8 10 4 145 2
10 3 7 669 2
9 9 10 1489 3
4 7 6 819 1
4 7 7 903 5
6 4 9 365 2
9 4 8 768 5
8 7 5 650 4
8 9 4 600 2
10 5 5 622 3
10 6 5 1500 3
6 3 9 1286 1
3 8 5 471 2
1 3 4 939 2
3 7 9 1387 4
7 10 9 761 4
4 2 5 304 2
2 6 2 1380 1
8 8 3 188 1
1 6 9 1075 5
6 9 10 982 2
9 2 9 1309 5
8 10 5 905 2
1 9 1 1299 3
9 3 9 304 3
9 1 4 1059 5
1 6 6 511 3
3 10 2 1458 1
2 9 6 57 1
5 5 10 628 1
6 1 10 1170 1
2 5 5 161 3
7 8 5 781 1
9 5 6 1225 3
1 7 7 1031 5
8 4 1 1283 1
7 4 3 1237 2
1 1 8 1121 1
10 9 7 845 3
2 10 8 480 2
2 8 8 30 2
8 9 3 1313 4
2 4 2 1060 3
9 10 5 611 3
10 7 6 958 4
6 6 7 1019 5
1 5 1 738 5
7 1 6 63 3
2 9 1 1500 3
3 2 9 947 3
10 1 4 264 3
10 8 6 1237 4
1 7 6 256 5
4 2 5 1440 3
9 3 3 577 3
5 1 9 1269 5
5 10 7 346 5
6 3 10 774 4
6 6 3 224 3
2 10 10 747 3
3 1 5 498 3
4 4 3 1259 5
8 4 7 1398 4
10 8 6 1458 4
4 7 3 237 2
1 4 8 428 2
3 10 9 457 3
7 5 9 813 1
7 3 9 854 1
1 1 6 1452 4
9 5 3 111 3
6 10 10 368 1
7 5 10 1428 1
5 2 8 1152 2
7 4 10 745 5
7 3 2 1259 5
8 3 7 117 5
9 5 4 329 5
6 6 4 1283 4
4 8 3 542 3
3 2 9 756 4
10 4 7 378 2
6 3 9 702 5
5 8 6 1292 4
2 7 1 360 5
4 8 6 423 3
9 7 10 675 5
9 8 3 32 1
3 4 1 896 3
6 9 6 470 3
3 3 1 439 2
1 10 4 817 1
9 10 7 1457 1
1 5 4 777 3
4 7 9 1388 1
2 4 10 1484 5
4 3 7 142 5
6 10 4 1296 1
2 9 1 835 4
2 5 2 1042 3
8 5 7 356 2
5 10 2 44 4
5 7 8 990 3
7 2 4 991 1
7 6 8 1427 1
6 1 9 1033 5
3 1 2 1151 3
9 7 10 1124 1
8 4 10 962 4
7 9 9 1045 3
2 1 3 1259 2
2 9 5 617 3
6 5 8 564 5
10 9 5 1461 5
8 3 2 540 2
7 2 10 1099 2
6 1 1 65 3
10 1 5 311 3
8 3 10 870 4
3 4 9 1160 5
10 7 2 465 3
10 5 1 1011 3
8 10 8 1376 1
4 10 2 1490 4
1 9 8 1361 5
1 7 1 199 1
3 10 5 994 5
5 1 8 1271 1
7 5 2 250 1
4 5 6 1251 1
9 2 10 1254 2
10 6 6 833 4
2 9 10 169 4
5 8 8 43 3