400
1 19 2 284 6
7 8 10 76 10
13 11 10 82 6
14 12 9 205 14
13 7 16 135 13
4 15 9 260 10
8 14 3 85 12
4 9 18 65 5
12 13 9 210 15
15 3 4 79 13
19 19 1 138 16
13 16 8 149 5
6 1 5 245 14
11 10 11 152 14
15 5 17 289 4
1 9 16 240 5
14 18 6 190 3
17 18 16 146 9
20 8 5 170 8
17 9 1 124 3
8 11 20 225 6
16 16 8 298 11
7 2 17 296 19
1 17 8 245 7
9 3 3 195 15
3 16 12 165 15
12 2 8 84 9
2 17 6 147 7
1 16 8 183 1
20 1 9 76 18
16 12 3 284 10
4 8 13 111 18
4 7 15 97 13
8 9 3 212 14
13 8 19 220 19
9 15 2 134 9
1 18 10 168 11
20 1 6 118 6
1 10 20 284 11
1 18 5 279 17
1 12 6 83 12
1 11 9 38 11
9 3 11 179 12
5 1 2 64 7
15 1 13 122 5
15 2 1 120 6
9 13 12 49 4
12 20 6 57 16
19 7 8 127 13
18 13 8 39 10
1 11 8 249 2
14 4 14 296 2
20 19 12 133 18
18 15 10 46 2
1 1 5 28 16
6 13 18 203 8
8 5 8 150 16
13 10 20 195 13
11 14 13 139 18
19 2 5 286 17
10 18 1 45 9
2 12 11 114 3
11 13 9 277 14
6 9 11 279 2
8 16 3 139 8
15 4 20 177 5
5 2 1 89 1
1 20 4 169 13
19 8 19 97 13
13 17 16 173 6
11 14 1 190 9
2 20 4 155 3
6 11 6 117 14
1 1 13 161 13
4 14 13 93 3
1 14 12 37 12
5 16 5 221 12
13 1 18 98 15
2 1 8 180 17
1 7 17 90 13
13 14 6 41 9
13 1 14 79 16
2 11 4 95 8
16 1 9 285 10
13 8 5 142 7
16 20 6 165 14
3 17 4 129 8
20 12 4 116 19
7 4 1 168 10
20 12 2 134 12
9 15 9 85 4
7 15 10 129 9
10 10 14 278 4
5 11 6 262 13
2 13 1 159 14
8 18 17 94 7
1 16 18 197 15
2 4 16 153 10
20 1 11 293 19
2 18 1 207 15
7 11 11 226 15
8 5 3 178 10
2 7 3 73 11
14 20 12 131 8
2 11 6 212 9
1 11 13 92 9
13 17 9 39 3
9 19 6 187 5
15 19 4 114 8
20 1 13 277 16
8 6 7 51 10
18 9 16 298 17
11 17 3 44 9
11 1 19 176 5
9 1 18 102 18
2 8 4 160 12
5 1 17 190 1
8 5 10 59 1
11 15 12 159 6
19 18 8 209 11
14 4 2 172 13
11 13 5 81 5
12 11 15 177 14
18 12 3 90 11
1 5 9 69 19
5 16 11 85 7
1 3 12 159 17
2 7 2 165 16
6 15 1 150 20
14 13 1 215 2
3 2 3 219 10
6 11 12 61 5
16 19 14 83 6
19 2 6 105 2
8 3 4 147 8
1 6 10 118 1
9 17 20 168 6
14 4 1 74 19
1 8 16 240 9
3 17 14 99 12
20 10 1 131 12
16 13 19 231 19
14 14 6 242 5
8 9 9 151 19
13 8 7 209 3
7 13 11 284 6
20 3 1 101 15
19 18 11 297 8
8 7 17 268 11
14 8 20 84 9
6 18 12 91 14
6 1 12 118 13
19 15 9 176 9
1 19 15 82 7
8 1 16 88 10
14 3 20 170 5
20 20 3 212 17
18 20 8 157 2
3 15 15 193 18
1 1 3 29 1
13 5 16 88 3
18 2 3 251 7
1 18 19 104 14
9 10 7 251 6
14 18 14 176 3
20 1 13 84 9
3 13 8 201 2
3 13 3 91 17
20 4 4 44 2
7 1 11 216 9
7 17 1 184 15
7 10 2 191 13
3 19 11 180 12
3 9 8 261 9
5 12 6 88 7
5 16 6 251 4
4 20 3 213 1
19 16 16 105 6
4 7 14 72 18
3 17 8 202 5
17 6 10 77 19
16 4 13 71 2
13 19 10 128 16
6 6 9 197 8
15 9 12 54 6
1 1 3 45 16
11 13 7 204 9
3 10 6 227 17
16 9 12 299 11
16 2 5 149 15
7 10 4 284 11
9 16 8 78 17
1 20 8 61 18
20 10 11 175 5
13 7 14 70 6
11 13 20 271 9
14 7 19 188 8
3 7 19 275 17
18 1 20 272 13
16 19 13 196 14
1 7 15 97 5
19 1 10 124 18
1 19 13 140 18
9 1 1 185 15
19 3 14 282 13
20 1 4 228 2
6 4 10 133 9
12 14 11 210 4
12 12 5 66 16
5 4 11 84 17
17 7 16 183 7
18 6 1 188 6
19 18 18 168 14
15 7 18 265 2
1 13 19 143 18
2 15 12 134 9
4 9 2 101 3
12 1 2 75 14
6 1 3 112 5
18 14 2 97 18
5 6 10 119 15
8 18 14 142 14
1 11 14 49 15
8 12 14 84 10
17 19 13 89 19
8 18 5 227 12
3 1 16 156 19
1 20 1 143 20
1 9 2 124 7
7 4 6 166 15
3 8 20 148 7
1 4 1 270 20
11 3 3 280 12
1 1 15 159 2
1 17 8 163 6
20 2 1 24 18
12 13 13 106 13
18 12 8 157 19
5 15 5 35 15
10 15 6 291 15
11 8 4 296 6
1 4 5 239 12
1 19 1 92 5
2 15 10 147 4
11 9 1 135 4
16 11 13 209 17
11 16 10 102 8
7 4 11 213 11
20 2 1 114 15
7 6 15 125 17
13 18 18 85 2
1 18 20 133 8
4 8 3 120 19
11 4 6 138 1
12 6 16 127 3
3 20 12 71 9
18 5 10 81 17
18 16 1 233 4
9 10 7 231 6
6 5 13 123 6
17 8 16 203 13
8 19 12 296 8
11 2 12 135 14
2 14 7 227 7
2 12 19 117 15
2 20 7 54 4
15 9 8 175 3
8 8 20 185 20
8 13 12 65 16
3 12 13 200 8
4 1 1 225 18
19 6 13 55 4
3 8 19 207 7
15 16 15 262 14
7 9 16 261 3
4 16 14 254 2
6 12 4 290 10
10 7 5 268 13
8 3 1 239 10
15 4 17 253 7
8 5 6 178 1
15 18 16 295 7
13 7 19 188 9
7 1 16 237 17
20 10 14 159 14
9 4 16 159 3
5 10 1 216 12
1 9 11 241 17
15 5 17 157 9
18 15 15 83 19
14 10 20 265 5
12 1 1 121 5
20 15 18 58 17
8 19 16 237 13
14 2 13 151 15
9 1 18 212 3
11 8 12 113 14
1 13 6 174 4
3 16 3 152 13
9 3 6 253 9
6 6 1 69 20
13 10 1 268 7
6 18 20 108 8
19 2 8 42 18
5 18 14 120 7
14 19 1 274 13
3 5 1 49 5
5 1 19 236 20
6 11 19 213 3
1 2 20 250 1
5 11 10 151 10
4 9 12 236 5
9 18 20 168 18
4 7 11 74 16
9 8 11 123 18
13 20 11 212 18
9 8 17 61 18
1 10 14 248 5
5 19 18 184 8
17 2 12 76 7
7 1 18 118 9
11 2 2 66 10
20 7 4 226 12
17 14 19 155 3
7 1 7 117 10
7 11 6 28 15
12 19 12 173 16
8 6 15 243 11
5 10 4 164 15
1 1 10 286 5
8 1 20 148 2
8 1 20 129 20
18 4 1 31 2
18 1 19 246 10
2 17 11 120 10
8 19 1 132 16
17 8 7 107 12
20 6 16 199 12
10 7 4 141 10
5 4 20 239 6
20 15 1 234 9
15 13 5 61 12
9 6 6 69 11
7 15 18 88 16
7 13 8 106 20
18 7 20 143 7
2 11 14 182 7
11 7 19 260 2
16 16 4 67 15
12 2 1 245 11
19 3 8 106 13
8 14 16 218 16
16 9 8 103 18
12 1 11 158 20
11 9 2 282 15
19 14 4 263 11
15 1 12 83 11
10 13 1 180 17
9 13 11 82 10
4 3 12 64 3
9 12 3 270 7
1 18 5 261 13
12 9 10 170 19
6 2 13 293 9
13 18 17 159 12
1 1 8 284 17
13 17 15 245 11
19 20 9 83 13
20 15 12 238 18
10 19 20 120 9
19 17 1 259 15
1 2 5 19 9
2 13 3 108 16
10 14 8 180 15
4 4 14 258 8
13 9 1 234 15
1 18 11 82 14
19 11 16 223 6
10 3 7 270 4
20 8 20 263 11
19 15 17 126 4
4 18 20 70 13
14 15 20 222 13
20 5 2 145 13
6 20 16 250 5
1 4 17 110 18
10 17 1 65 8
9 1 9 248 14
19 10 14 55 9
6 17 12 264 10
11 8 1 154 5
1 20 8 75 14
10 1 20 286 7
11 10 8 255 15
13 19 1 214 16
9 14 15 72 14
16 12 4 164 15
3 16 2 201 15
8 20 19 214 20
6 9 8 27 15