450
14 9 11 316 17
7 12 9 152 19
13 7 18 301 14
1 12 1 105 9
2 9 8 186 19
19 1 9 70 4
2 20 5 315 13
17 9 7 206 11
7 9 13 244 4
5 14 18 200 16
2 3 18 132 11
20 18 4 187 18
9 16 14 215 16
4 11 13 306 15
17 9 15 202 11
8 13 6 142 10
12 10 14 262 11
7 1 10 255 2
1 6 17 273 4
18 14 8 312 4
6 10 6 65 18
19 16 14 56 8
5 12 14 327 20
5 9 11 282 4
5 19 17 55 10
12 19 4 299 3
12 12 5 98 17
1 13 1 73 20
1 18 12 39 2
12 10 3 261 16
15 19 2 162 15
7 10 15 180 20
15 9 18 235 1
11 16 12 52 8
1 4 15 194 7
20 19 19 262 14
5 6 3 21 4
13 20 14 119 10
8 11 1 91 13
19 1 20 207 12
2 20 1 251 11
2 8 7 152 20
3 3 10 198 15
5 2 2 230 15
15 11 19 196 15
12 9 3 193 9
20 9 7 226 12
8 7 18 217 6
18 19 1 135 10
1 16 17 109 9
6 3 15 134 2
16 8 5 88 1
11 19 20 83 3
15 13 2 128 18
14 14 8 268 5
10 10 1 144 7
11 13 1 267 9
18 17 9 54 16
10 20 1 229 13
20 8 18 273 20
4 4 18 49 11
7 18 3 38 5
17 18 20 85 6
7 10 12 187 8
9 16 17 213 12
12 16 1 278 10
20 14 6 236 6
1 6 16 30 15
10 12 1 234 11
1 15 16 108 19
9 16 20 313 11
13 1 15 272 11
17 9 1 259 16
10 19 7 120 13
19 16 8 165 15
6 11 11 211 18
9 8 1 314 4
10 20 20 56 18
4 20 9 104 15
12 2 1 122 15
6 2 12 309 3
1 7 17 276 9
12 1 2 226 20
8 5 10 323 18
12 15 6 236 8
11 13 15 254 11
9 8 9 71 19
12 14 17 303 2
10 1 10 174 10
13 14 16 221 4
8 11 5 223 19
11 1 1 59 18
4 11 18 303 20
12 4 20 147 11
20 19 4 286 20
16 15 11 239 12
4 16 11 292 10
5 8 13 291 11
2 20 8 287 3
8 18 7 225 8
15 2 1 247 15
13 17 6 189 5
14 4 10 165 15
19 8 7 143 14
5 2 7 170 4
18 5 3 256 16
5 15 11 128 9
2 11 6 153 17
7 9 20 241 2
1 14 18 181 11
2 5 6 38 16
3 2 9 255 13
17 2 7 210 8
8 18 10 288 19
6 16 10 289 10
18 6 1 307 15
7 14 13 76 17
4 17 15 224 19
19 20 17 107 4
8 14 4 55 1
4 2 2 209 16
10 17 2 313 3
7 20 10 228 20
13 14 7 38 17
11 5 19 266 11
17 3 4 279 11
10 13 16 257 18
4 14 18 262 6
6 18 10 220 1
19 12 15 189 18
12 10 18 104 18
6 5 3 267 13
13 11 2 317 20
15 4 8 289 15
12 18 10 238 1
12 18 11 329 11
20 20 10 96 20
14 8 19 137 11
18 18 18 55 15
6 8 13 99 15
19 20 18 201 1
9 1 10 282 17
19 6 13 139 14
20 8 19 67 3
11 7 5 281 5
20 12 14 175 3
12 11 13 158 9
18 10 14 172 16
19 15 6 184 18
20 3 6 229 3
9 16 8 76 5
5 8 20 300 8
5 15 2 255 7
4 2 20 69 17
1 8 17 143 9
16 1 5 22 11
9 5 2 47 6
16 15 9 280 5
14 14 7 211 5
4 2 9 291 9
19 5 4 290 14
7 20 4 101 20
19 10 16 315 2
11 1 17 116 18
4 10 11 178 14
19 11 15 133 14
6 3 8 312 13
14 14 4 122 16
16 7 16 315 11
19 6 20 205 18
8 15 13 209 6
9 4 6 61 10
1 12 14 112 7
18 20 20 227 20
19 3 19 79 4
8 12 16 275 14
20 5 13 115 5
1 8 1 307 15
5 5 2 239 11
5 18 18 159 11
18 20 14 97 3
17 1 11 199 14
11 1 1 32 17
11 15 6 326 5
19 6 10 313 10
18 3 9 73 7
4 16 16 186 2
14 17 16 198 1
14 8 9 103 2
9 15 4 38 9
6 16 12 206 9
20 2 10 317 19
2 13 17 308 7
16 10 5 258 10
11 10 13 254 20
19 9 5 315 5
16 20 18 295 19
19 1 13 302 8
8 13 5 254 14
12 9 4 75 15
11 7 9 262 20
17 7 1 201 18
14 19 17 316 12
9 5 4 60 8
11 10 11 67 8
20 2 12 56 14
6 9 18 268 11
11 15 20 245 14
1 9 18 225 3
6 12 13 153 7
15 12 7 206 4
13 13 5 124 18
16 20 18 132 1
12 19 16 201 17
19 15 18 273 8
4 14 20 291 11
13 15 6 57 17
13 15 6 142 18
5 14 4 203 1
14 2 13 263 18
10 1 7 260 5
1 1 5 163 16
1 15 8 110 8
11 1 8 59 11
8 7 14 133 18
20 18 16 64 3
17 5 3 91 7
18 4 18 140 10
18 8 4 102 13
19 12 18 320 20
14 6 15 118 14
10 20 4 107 15
10 8 16 282 6
11 16 5 73 16
1 5 10 290 13
16 8 9 295 5
4 11 7 43 10
3 1 1 186 14
3 2 14 252 15
2 2 5 16 4
3 1 3 264 18
5 14 10 290 19
9 2 12 262 6
20 11 8 54 10
11 7 13 191 10
6 8 11 52 17
17 7 9 95 1
12 6 7 242 9
20 11 14 49 11
15 5 18 220 3
13 5 5 119 1
2 7 9 100 4
7 14 2 190 19
13 15 6 65 3
17 8 1 149 19
14 13 2 253 11
13 17 3 189 6
13 11 18 51 9
12 10 1 202 5
1 16 12 271 1
1 20 11 242 5
16 11 6 74 5
12 5 5 261 13
17 14 14 312 7
1 10 17 290 14
14 5 14 164 10
10 19 7 321 5
13 2 2 291 20
5 15 10 282 5
15 14 7 122 15
17 10 18 179 4
6 16 5 157 5
11 13 3 118 13
12 8 7 291 5
6 12 4 206 1
1 15 3 192 11
11 3 2 79 11
15 5 10 134 5
20 9 16 164 8
6 15 2 197 11
10 4 20 326 7
1 19 12 104 5
1 7 12 97 3
1 7 3 251 8
5 7 13 105 10
10 20 18 97 10
8 5 20 37 4
13 1 3 107 17
4 20 7 237 14
7 9 13 50 5
14 12 3 324 15
13 10 2 138 19
10 3 16 71 13
7 17 15 310 20
2 7 10 198 14
17 17 16 299 5
9 18 1 101 1
5 18 3 225 16
3 2 20 128 14
16 5 4 50 5
7 10 3 99 10
7 6 1 131 20
3 10 10 255 12
3 9 5 305 15
10 18 14 114 19
3 17 17 112 12
5 15 5 296 5
9 13 11 87 7
18 19 14 190 16
12 15 2 59 17
8 19 4 271 20
1 18 4 203 8
1 18 8 142 5
9 16 11 55 5
7 18 15 279 6
11 14 6 213 16
5 18 12 148 11
13 18 15 269 13
10 6 15 291 19
3 8 6 141 1
5 6 19 225 16
12 19 19 140 11
3 3 7 142 10
11 10 18 111 12
3 3 9 213 13
12 17 1 274 1
16 14 11 79 19
17 10 5 86 9
13 1 4 24 8
11 14 2 190 3
17 14 17 257 8
17 15 1 70 8
6 6 9 180 10
8 16 1 173 11
1 2 1 205 20
16 11 19 94 7
13 8 1 287 7
18 20 4 93 11
7 14 2 211 12
17 18 19 181 17
19 7 20 114 11
13 9 4 185 7
4 7 1 295 7
2 17 10 115 8
17 20 11 253 20
12 12 4 191 2
1 11 8 299 8
13 8 19 239 3
1 1 11 302 18
19 1 20 304 14
1 15 16 95 8
12 12 12 68 20
20 1 1 157 6
11 11 11 48 16
13 8 15 313 8
19 2 5 225 5
9 16 10 166 13
16 14 12 194 17
2 1 12 104 13
12 2 6 241 17
15 2 1 140 7
3 18 19 82 1
16 13 17 112 12
16 20 6 142 6
13 18 11 263 8
1 7 7 34 19
6 11 5 288 14
9 12 7 231 8
15 13 18 169 11
7 10 13 183 14
14 13 1 97 5
11 1 18 113 4
9 10 6 70 13
19 6 14 165 2
10 12 4 57 19
17 9 1 103 1
1 16 1 304 5
3 2 4 131 18
16 4 11 31 10
11 20 10 149 9
6 14 5 119 10
13 5 7 246 15
2 1 2 196 14
17 5 13 202 18
13 16 1 277 2
7 5 10 302 12
2 9 12 67 3
11 14 15 316 16
11 9 9 165 20
6 5 8 135 5
11 1 9 68 18
5 12 20 290 16
17 20 5 239 7
11 20 4 68 16
13 5 2 180 16
1 9 14 297 14
9 1 6 198 9
2 14 7 301 2
5 1 6 225 6
9 12 7 208 7
7 8 13 129 8
18 16 19 98 6
19 13 5 58 17
4 6 18 49 17
4 4 18 301 18
6 1 16 324 20
1 15 11 266 13
9 4 1 154 11
13 16 11 245 17
18 10 3 257 3
9 8 19 168 6
8 7 9 140 2
18 9 5 129 6
18 1 7 125 1
10 19 9 63 2
11 18 9 155 7
19 14 6 132 9
15 17 20 190 20
6 12 1 54 1
3 11 16 203 19
6 5 6 52 2
12 1 1 147 2
8 18 1 319 15
4 4 1 227 6
11 3 4 295 6
6 13 1 100 6
5 20 13 271 2
12 4 18 149 19
13 13 7 71 19
2 20 1 186 11
10 11 17 144 12
2 12 20 311 18
19 9 3 242 14
5 19 17 118 5
14 1 18 88 14
18 15 16 230 12
11 12 20 178 12
6 20 17 305 11
20 9 4 237 17
19 2 6 52 18
1 7 11 31 12
1 10 20 172 18
7 11 15 76 9
1 12 3 99 8
19 11 7 237 1
8 10 16 164 11
17 2 3 130 18
14 1 18 124 5
12 6 12 145 13
6 18 19 328 12