250
2 8 19 101 9
9 6 16 61 9
15 5 5 135 9
6 8 1 138 15
13 14 17 156 2
12 14 1 135 5
9 13 15 49 20
11 6 6 144 6
12 5 1 126 17
3 4 11 107 15
1 11 2 135 8
1 6 4 177 1
8 4 18 191 7
13 2 18 76 11
8 6 12 54 2
17 3 6 101 6
16 15 1 36 1
17 13 12 144 13
17 20 13 85 15
12 1 12 145 12
18 16 3 55 13
12 19 1 58 6
7 6 10 91 16
17 3 17 98 3
4 18 15 61 17
16 5 1 95 2
8 20 10 144 12
8 3 16 87 18
11 18 9 144 4
5 18 5 54 18
1 4 5 172 12
1 20 4 179 2
19 18 20 141 7
13 5 12 105 12
14 1 3 207 20
20 1 11 154 8
7 15 15 152 20
7 4 1 111 11
20 4 4 57 5
19 5 14 185 2
17 10 2 187 5
14 8 4 200 7
11 4 3 205 10
4 1 19 72 1
4 17 1 89 16
13 7 10 132 5
1 7 9 200 10
7 1 9 18 6
8 3 2 204 17
15 7 1 139 6
14 12 9 89 13
17 15 1 113 20
18 2 7 209 1
3 6 1 143 15
1 8 7 74 11
6 19 17 124 6
6 2 12 141 5
14 5 17 39 8
1 5 18 71 10
1 13 18 58 19
19 20 11 120 5
3 8 10 82 10
20 3 9 96 3
7 7 14 82 7
4 17 13 48 9
17 18 5 72 19
10 1 7 43 3
8 10 9 76 12
1 11 1 20 14
20 8 3 127 15
14 11 2 180 18
2 18 9 144 15
13 16 11 154 20
11 12 17 91 6
15 4 17 154 11
17 2 2 157 14
8 1 19 28 8
13 18 15 75 12
6 12 4 179 18
1 19 11 119 10
19 19 13 142 11
18 2 1 65 17
13 17 1 91 7
8 7 1 209 19
2 14 4 137 14
19 3 19 74 12
2 11 4 164 3
20 18 20 59 2
6 2 15 112 9
5 8 4 123 2
3 19 20 134 11
7 19 18 66 3
13 2 12 183 1
6 12 5 145 16
7 15 8 157 14
16 12 1 89 10
18 1 7 55 7
4 7 9 187 12
6 1 12 35 19
15 12 1 49 18
1 3 14 185 15
15 15 16 93 5
1 20 9 109 3
17 16 14 125 15
19 4 13 179 9
7 8 5 206 19
2 7 4 208 13
13 8 20 190 19
1 1 9 15 18
10 6 6 80 12
18 1 20 157 1
4 20 5 36 10
1 17 3 36 3
12 9 17 167 7
12 3 11 199 9
17 13 5 114 3
9 10 2 35 19
11 9 1 160 6
10 8 5 26 18
6 3 4 170 19
5 1 12 183 11
14 18 7 152 4
11 14 19 169 8
12 10 17 183 7
15 20 6 147 10
15 17 10 113 18
19 6 18 180 20
16 19 2 77 6
4 11 4 109 17
4 1 5 168 15
11 4 5 115 9
11 1 5 40 12
1 12 3 32 8
20 7 11 195 15
6 1 1 16 4
19 18 7 62 11
19 20 2 58 15
12 3 12 175 1
2 10 9 148 20
5 10 2 147 18
6 9 16 149 15
16 1 12 73 17
1 1 15 166 1
1 1 17 104 9
9 4 2 180 8
7 17 2 195 1
18 20 15 183 8
3 14 4 31 3
17 1 19 96 19
12 15 17 123 20
13 13 17 54 15
13 2 13 195 16
15 1 18 160 2
6 19 1 128 6
1 2 15 62 6
16 11 16 202 18
3 7 3 121 19
1 10 8 62 19
1 1 19 95 19
10 12 3 204 1
10 17 4 86 11
14 19 6 71 4
18 18 15 70 18
4 15 13 154 5
17 7 16 203 5
5 14 20 55 8
10 17 2 151 3
9 16 3 161 7
6 13 19 52 7
11 6 6 201 7
12 3 13 125 8
9 8 16 173 6
19 7 14 145 6
19 20 2 168 3
6 5 18 45 15
16 14 2 107 5
19 19 8 99 12
11 17 17 144 12
8 11 14 81 18
9 3 10 34 6
9 3 17 107 8
18 13 8 131 5
1 13 2 81 4
1 18 20 92 19
1 6 2 205 20
1 12 10 113 6
12 8 3 121 3
12 6 17 43 9
10 1 13 207 10
3 1 12 110 10
7 18 5 77 4
20 17 11 151 19
18 9 17 196 11
1 19 19 72 11
4 8 13 170 20
2 16 7 130 18
4 4 20 120 20
9 5 18 126 12
11 15 12 192 15
16 7 4 132 2
5 3 17 102 10
20 2 15 139 17
9 1 1 43 3
2 9 7 149 9
8 18 20 120 16
1 1 12 78 16
12 3 17 68 2
19 18 12 60 14
1 12 8 79 5
8 9 4 132 18
12 6 15 100 6
19 1 5 204 16
10 6 1 98 13
18 13 14 173 13
6 6 2 114 10
5 12 13 40 8
5 13 1 70 17
8 3 15 79 10
18 1 12 56 16
12 16 11 125 10
8 1 20 79 12
19 14 3 104 17
8 8 7 197 17
13 15 6 80 18
3 9 6 55 2
10 7 16 186 20
17 18 13 112 17
1 13 2 103 13
12 12 9 112 8
16 9 2 127 2
4 2 10 171 16
18 4 12 168 16
5 15 12 49 13
14 12 13 188 9
15 14 13 183 3
15 6 6 187 17
5 14 15 138 12
6 4 20 144 10
14 7 11 102 19
4 13 5 84 1
1 8 2 160 17
11 9 13 189 3
1 6 1 121 14
18 11 6 195 7
10 14 12 175 5
3 20 12 205 3
20 6 13 140 1
1 13 8 27 16
19 3 16 50 14
14 14 17 55 14