200
7 2 9 58 4
13 18 2 123 4
11 6 14 117 1
13 17 9 39 15
6 20 1 62 3
2 12 15 111 11
11 9 15 68 8
13 5 4 146 2
13 11 10 170 2
5 12 18 115 8
2 2 1 152 2
1 10 13 132 13
18 4 11 169 10
11 12 10 98 20
15 11 3 168 3
6 14 12 105 2
1 6 15 138 16
12 4 19 94 14
16 19 1 146 16
9 1 14 144 17
20 20 15 155 8
6 13 3 76 11
20 18 2 115 18
13 15 8 129 8
13 3 16 47 10
7 15 7 85 6
9 13 7 117 5
4 7 9 131 11
16 11 13 73 12
1 5 13 61 8
1 1 3 28 10
13 3 1 107 10
18 11 8 60 12
1 13 17 59 14
10 3 2 135 7
15 13 14 133 1
14 8 6 104 10
4 11 11 26 4
12 1 10 170 5
8 20 16 125 18
7 3 20 119 3
7 2 9 76 11
20 4 4 119 14
1 2 14 48 2
1 17 13 59 18
14 13 13 95 6
7 11 12 152 3
10 16 7 96 2
19 7 10 101 7
15 3 7 82 13
3 15 12 131 20
14 2 1 77 13
20 7 2 142 3
11 5 12 86 17
1 4 12 157 15
13 10 20 81 14
4 5 7 131 1
10 13 8 33 7
17 19 13 88 13
6 19 16 97 13
1 5 14 60 17
12 13 12 168 17
19 10 12 83 13
3 4 5 76 3
14 8 13 153 3
17 3 10 149 2
20 19 13 102 20
7 14 9 124 1
5 1 4 34 18
8 4 10 134 1
18 18 5 75 4
11 17 1 93 17
9 19 2 87 17
5 4 7 124 14
10 10 20 74 14
9 7 11 152 5
16 10 6 154 20
6 6 10 175 13
14 6 3 128 3
1 1 5 41 18
11 1 3 154 13
14 1 18 116 1
16 4 17 54 20
15 10 1 51 17
6 3 4 49 1
12 1 14 160 15
5 6 13 105 6
5 19 11 59 16
16 9 14 142 18
14 14 18 69 8
14 8 11 174 6
1 18 11 164 2
17 2 3 56 7
1 15 19 154 9
8 16 17 100 12
17 10 2 109 11
3 1 14 93 12
16 3 14 152 3
3 11 13 88 1
1 12 6 102 8
4 18 8 74 5
11 12 19 134 9
19 16 9 142 18
16 14 13 107 9
16 7 11 162 5
20 12 16 135 18
3 20 13 85 8
7 5 1 139 3
20 16 14 165 11
15 1 6 93 9
18 13 17 121 15
17 12 12 170 11
1 19 4 101 12
19 9 13 172 15
7 7 16 155 16
7 10 18 61 13
19 1 7 38 20
13 4 1 107 8
9 3 8 107 1
1 14 6 88 4
1 13 9 146 1
18 20 8 92 15
4 7 3 46 1
2 7 5 144 5
10 19 1 154 11
18 4 20 149 15
11 16 18 152 5
1 2 7 10 10
13 7 1 154 14
11 5 7 37 5
5 3 5 72 11
12 19 14 51 19
19 9 1 89 14
13 19 10 98 20
20 4 7 32 2
18 2 18 161 20
14 7 16 52 1
11 13 4 82 13
1 6 1 14 10
18 11 5 117 3
4 14 13 111 2
8 15 11 118 12
10 1 13 77 9
2 1 9 165 20
20 9 20 72 19
17 4 19 40 4
11 11 16 118 16
4 11 8 72 4
8 8 3 153 3
11 3 20 64 12
5 13 13 43 2
8 16 15 168 19
4 16 12 54 6
6 6 10 109 15
13 18 20 124 6
19 16 2 139 6
4 4 2 132 4
15 15 20 88 3
17 1 2 117 15
18 7 11 100 9
17 12 3 61 19
14 17 10 65 19
2 8 7 45 18
1 13 1 138 8
10 19 11 59 12
10 16 5 33 17
4 19 13 176 11
18 15 12 49 20
8 2 8 59 13
17 3 1 156 17
10 8 16 125 5
15 1 17 75 13
15 3 14 91 7
6 4 20 139 14
1 8 7 154 9
15 2 10 124 3
8 3 20 80 6
18 10 16 160 14
17 11 8 46 8
13 18 3 75 16
4 10 5 108 2
7 11 1 68 8
12 15 19 94 13
13 1 10 51 3
5 3 7 155 20
8 11 20 173 2
1 17 11 122 1
17 2 19 79 7
16 2 5 55 6
12 4 15 148 16
20 19 5 91 10
1 10 1 32 6
12 4 16 124 18
11 7 9 79 13
4 19 9 81 1
9 4 4 33 20
9 7 14 158 14
19 3 15 78 2
3 5 3 161 7
11 1 5 164 9