350
15 15 8 207 15
2 4 4 68 13
12 2 2 243 8
12 18 20 105 8
6 13 18 247 10
16 17 15 250 2
7 17 16 111 16
10 13 1 106 12
17 20 11 189 6
11 9 2 206 5
20 11 14 85 1
15 7 17 213 8
7 19 7 87 4
11 18 18 72 16
14 20 12 234 5
14 7 9 124 14
10 1 18 172 18
18 10 19 173 7
9 3 13 112 12
1 1 3 181 19
19 4 4 112 2
9 12 14 194 12
15 15 20 116 6
1 11 13 26 15
12 17 16 194 8
5 15 6 70 18
1 16 19 236 2
2 4 11 116 6
10 5 3 42 15
2 11 18 53 1
1 19 7 224 16
1 14 8 68 6
15 10 5 213 7
4 3 1 125 9
20 8 19 219 18
16 1 18 189 18
4 10 7 163 19
6 6 4 62 1
13 18 6 198 6
5 5 2 203 18
5 6 10 215 7
4 17 12 166 4
3 3 3 66 19
20 13 1 58 10
14 14 2 218 20
4 2 15 215 7
13 12 2 207 19
6 6 1 95 17
5 6 5 191 11
19 14 17 104 18
12 7 15 45 6
14 1 7 79 9
16 4 20 77 2
11 10 7 156 1
18 15 5 197 2
3 10 13 142 19
4 7 4 183 14
15 1 6 261 3
9 20 6 95 5
10 14 13 227 15
16 11 1 194 5
3 14 4 165 3
3 18 1 217 20
18 12 9 204 1
3 9 8 213 9
6 3 7 225 15
10 12 1 179 13
2 7 7 223 5
4 6 9 245 19
17 7 13 229 4
17 16 10 209 7
2 14 3 201 1
14 14 18 156 12
2 20 14 193 4
2 19 18 94 16
5 15 3 257 4
6 11 6 255 18
17 8 4 47 14
7 18 11 84 17
16 9 14 264 8
11 15 9 146 15
5 14 10 124 5
15 13 1 246 15
3 2 18 252 20
1 17 16 43 19
15 1 9 61 8
3 16 9 49 14
7 17 9 244 4
18 17 11 87 12
19 17 1 269 1
3 14 13 150 11
16 1 5 121 14
19 20 20 207 1
20 1 16 240 3
14 15 1 146 20
8 14 2 173 10
7 12 8 222 8
19 12 7 95 14
3 8 3 208 3
12 7 9 33 13
15 13 13 76 13
3 4 15 244 19
12 5 4 41 14
7 12 1 192 20
16 1 2 179 6
20 6 16 92 12
20 2 3 54 20
20 10 4 104 9
14 1 20 88 8
2 8 11 146 13
15 4 11 204 1
3 13 19 172 18
2 20 6 193 7
1 15 20 208 15
1 8 16 160 6
3 7 12 132 10
15 13 8 242 8
5 14 17 87 11
13 16 18 85 3
20 1 4 88 1
20 6 19 79 13
13 15 2 106 14
10 7 19 238 10
9 16 1 202 7
6 16 4 74 16
3 1 17 145 16
9 16 11 253 4
5 6 12 139 13
19 7 15 67 19
10 17 13 116 10
10 10 3 226 17
7 3 10 28 18
15 11 7 87 13
18 11 3 68 17
19 1 11 118 12
5 11 16 269 18
13 5 17 94 5
10 9 17 224 6
18 10 6 215 4
1 2 4 60 17
1 17 17 83 6
7 8 2 97 20
10 15 9 72 2
11 6 7 229 11
4 19 18 190 20
14 13 19 110 5
4 20 13 60 10
11 4 12 220 5
18 11 7 172 8
20 14 10 105 12
13 5 12 107 17
2 10 14 146 5
7 6 9 224 4
17 8 20 98 10
15 12 13 124 3
3 13 3 190 3
9 6 9 195 15
1 15 2 240 1
7 19 20 236 20
12 17 18 62 5
18 6 1 203 3
3 11 16 112 9
7 2 3 175 6
15 16 1 73 2
4 18 18 187 10
6 1 4 233 1
3 4 14 178 16
2 13 4 76 9
9 16 13 257 7
9 20 18 128 9
19 2 15 102 18
6 1 17 243 1
1 10 18 117 8
5 19 9 176 17
4 17 3 86 9
11 1 1 268 2
8 8 2 263 16
13 9 8 251 8
5 18 19 176 13
9 12 2 260 7
8 5 8 176 20
9 20 12 93 17
11 10 18 195 16
2 5 1 229 15
10 15 15 256 9
13 5 5 25 5
11 14 10 86 20
18 6 9 175 17
12 10 7 237 9
10 17 1 86 16
3 6 4 200 11
9 7 14 145 9
5 6 14 88 16
20 4 10 261 19
8 9 12 119 20
12 10 4 86 11
11 8 19 69 13
20 14 10 100 13
3 15 13 55 9
12 14 15 89 15
14 12 12 246 12
5 18 12 144 16
9 11 12 210 7
4 5 6 104 6
6 9 15 125 12
9 7 1 24 17
2 8 2 205 5
18 5 10 36 8
3 1 3 267 5
1 3 1 250 1
9 12 18 151 8
14 10 12 44 15
8 1 1 222 8
15 3 19 166 2
18 20 9 155 16
11 4 5 182 1
6 12 8 82 13
6 5 11 115 9
10 3 9 111 8
16 3 12 106 7
10 3 1 159 17
6 8 7 265 2
2 12 9 260 4
2 13 6 200 6
1 11 5 133 18
9 12 4 152 5
14 18 14 261 14
4 11 1 200 5
9 5 17 264 10
9 14 13 102 20
8 7 10 195 3
18 11 11 111 8
8 14 16 138 16
5 12 14 62 8
1 15 7 78 4
10 16 1 182 8
6 19 6 196 1
5 13 14 88 8
2 19 20 152 4
15 1 9 103 16
1 8 15 194 15
8 18 20 165 11
15 1 10 254 20
13 19 8 47 1
7 20 13 220 5
12 2 8 28 6
12 3 8 60 5
7 9 8 184 6
6 19 18 103 10
1 6 3 127 16
5 5 10 262 16
15 17 4 64 7
1 3 3 250 1
20 20 16 244 18
16 3 3 22 11
4 2 10 234 16
4 11 16 176 1
10 2 19 99 2
9 18 1 205 13
20 12 19 66 7
11 4 5 224 17
1 4 8 99 5
14 11 7 73 20
3 7 9 208 12
12 13 2 229 16
16 20 2 139 6
15 9 15 96 19
2 11 11 256 11
19 8 8 176 9
17 17 10 85 20
6 15 13 210 2
11 1 14 67 3
10 17 9 223 8
16 3 19 127 4
10 19 6 264 4
18 17 1 49 4
1 18 13 176 15
16 20 2 39 11
7 14 17 193 12
3 6 9 58 5
8 8 4 73 19
3 8 17 102 14
15 20 14 143 4
5 19 11 136 7
9 8 1 193 8
16 11 4 219 18
3 16 12 135 12
5 19 20 203 8
10 2 3 48 19
12 17 13 196 1
8 19 6 205 3
8 7 4 165 4
19 14 20 137 12
14 1 15 117 15
17 9 4 183 20
12 8 5 170 12
15 17 2 165 10
1 15 17 120 8
14 19 17 228 12
13 10 11 219 12
10 19 7 199 18
9 2 15 169 6
12 19 16 78 8
16 9 5 251 18
17 6 5 184 13
17 14 1 134 9
1 4 20 95 4
12 1 1 98 1
16 20 9 226 5
3 20 11 192 3
14 2 10 158 5
11 15 14 71 3
12 15 12 258 9
12 16 5 48 7
1 2 1 91 12
11 19 1 160 1
1 10 7 150 17
18 18 2 94 18
14 17 17 86 12
8 9 4 242 12
12 1 16 255 17
12 2 17 75 19
16 5 17 227 17
20 1 10 105 7
9 7 1 34 12
15 8 20 265 19
16 7 1 134 1
5 8 16 175 4
1 19 4 162 10
12 9 17 245 4
9 11 13 268 9
15 13 12 42 8
1 14 13 123 20
1 13 16 199 9
14 15 17 68 15
19 4 17 230 5
6 5 1 79 19
8 9 9 164 6
7 17 18 94 17
19 4 5 60 10
19 19 16 137 19
8 13 9 146 14
13 20 17 160 14
18 4 18 170 4
13 16 18 183 20
10 10 2 26 15
1 20 20 220 10
13 17 3 234 9
19 4 17 145 2
18 18 8 207 11