450
18 11 14 1177 3
4 12 11 659 3
16 1 5 1594 7
3 9 1 156 9
20 14 14 1790 3
6 9 11 1395 5
18 5 13 540 10
17 2 7 1711 2
7 10 12 748 4
16 2 11 1383 6
17 10 5 574 6
9 3 14 1840 1
13 2 2 1439 2
1 20 1 472 6
2 9 17 1132 1
15 14 4 180 2
12 2 10 1188 3
1 3 1 1257 4
12 5 7 204 6
14 10 8 154 10
8 9 10 653 1
12 18 7 235 1
9 19 1 77 3
5 8 13 1053 8
8 17 5 472 6
11 10 19 2080 5
11 14 3 444 4
2 4 6 728 9
13 5 9 769 5
20 17 6 571 5
2 16 2 1216 3
8 16 12 900 4
7 11 3 631 4
15 9 5 182 1
12 19 11 1148 1
4 8 3 643 6
1 15 18 879 9
8 8 16 1233 6
2 15 12 381 1
20 8 7 638 4
1 13 6 235 5
3 12 7 583 5
4 2 3 1873 4
3 1 11 309 8
7 7 4 380 4
14 19 15 1683 6
15 16 3 431 8
2 2 5 762 4
19 16 19 1550 7
14 15 1 210 4
13 11 1 1057 9
18 17 7 170 3
16 2 8 950 3
6 9 11 929 10
8 16 4 285 10
14 7 12 390 3
15 15 14 1038 7
14 12 4 1361 4
12 14 19 666 8
16 1 3 1923 10
1 17 4 1691 9
10 6 14 902 7
7 10 6 441 8
18 19 8 1228 6
14 14 16 1723 4
4 2 20 1144 7
1 16 1 1411 7
13 5 1 544 5
9 5 9 1403 4
13 14 10 788 7
5 10 11 511 7
15 7 19 1046 8
7 13 19 141 7
3 10 10 367 2
6 8 10 1541 1
11 17 11 225 6
13 3 17 201 5
17 4 17 1624 8
9 17 10 705 3
7 11 11 374 8
1 3 12 1279 7
4 18 17 972 5
10 5 1 2015 6
11 6 9 794 7
12 8 1 1178 1
14 4 13 1421 5
1 6 9 730 3
9 18 19 1898 9
10 20 15 493 1
1 12 5 1614 7
14 13 5 691 5
4 16 4 39 6
11 16 18 1414 7
9 11 9 568 3
19 1 5 541 2
2 1 6 900 1
19 7 7 470 9
9 19 5 912 6
19 15 13 1429 5
19 10 16 1122 7
9 1 14 1207 1
16 15 2 1633 4
3 9 6 1430 5
19 18 19 166 6
4 18 8 442 5
17 7 14 823 3
14 1 12 1409 1
13 14 1 1059 4
4 19 6 543 10
12 7 9 345 8
10 17 18 120 4
17 15 15 757 10
2 5 6 1453 3
2 3 14 1410 4
13 18 9 1226 1
14 2 9 1206 6
16 16 7 736 2
19 17 17 1026 10
17 2 17 906 2
11 20 20 822 10
6 1 6 1911 10
8 16 8 1472 1
15 7 9 1732 4
18 2 15 1112 1
12 20 18 56 8
18 10 7 1829 5
17 19 4 1419 1
14 2 11 800 6
11 2 18 350 7
20 10 13 1132 5
8 19 14 687 7
4 7 6 1124 10
19 20 12 517 3
16 12 1 1200 2
7 18 19 731 7
3 18 9 954 9
20 1 11 656 9
6 19 3 383 7
5 8 3 436 1
18 2 9 1184 10
4 2 3 1880 2
16 14 17 775 2
5 11 15 802 1
18 19 20 1100 2
18 3 9 353 6
9 4 5 1460 1
11 13 13 1212 4
20 3 16 609 1
2 2 7 86 2
9 9 16 980 6
20 19 19 737 5
18 9 3 991 6
20 8 6 1595 6
20 4 12 431 4
17 5 4 799 2
9 11 11 190 9
19 1 1 1371 5
7 11 3 164 2
18 11 10 387 4
4 11 12 295 2
11 17 7 1846 8
12 3 14 255 3
6 1 16 501 10
20 11 19 1620 6
13 18 6 405 9
3 20 2 2243 5
2 11 4 2128 4
7 11 4 295 1
7 9 18 1001 2
12 20 11 98 10
14 9 4 1056 1
3 7 6 1062 3
2 2 5 1125 10
9 9 8 1136 6
11 19 10 1767 3
2 10 7 1994 9
1 13 13 2036 4
5 6 8 505 9
9 7 19 146 10
8 12 7 63 6
20 7 15 46 7
1 4 20 1815 8
8 8 3 53 6
10 11 15 1628 7
8 3 9 333 4
7 12 1 1123 6
4 11 2 2032 7
2 18 16 1506 7
11 16 13 468 8
7 16 14 1204 5
6 18 15 1102 5
20 13 17 1023 7
6 6 6 1923 7
11 14 12 1844 1
16 14 1 321 1
8 11 1 673 9
10 9 9 410 6
18 11 10 228 3
1 13 14 994 1
11 3 10 1298 3
16 17 2 871 4
11 16 2 1594 1
11 10 2 1517 7
9 15 7 1083 6
1 16 6 1481 8
17 11 5 923 7
12 9 8 713 6
10 5 1 785 4
15 2 4 416 2
16 12 15 185 4
14 13 16 611 7
19 4 5 1020 4
16 17 16 887 8
10 19 5 810 6
3 16 6 93 10
18 6 1 1443 5
3 16 14 291 2
16 10 10 1056 3
13 15 1 636 8
5 3 11 1020 1
17 4 4 552 3
4 2 20 473 1
17 3 13 49 3
4 1 4 290 2
2 19 2 2047 3
9 13 2 1130 1
5 5 18 59 2
15 4 3 169 8
16 7 9 1345 5
5 7 9 361 7
17 18 7 1474 7
5 13 12 736 4
4 8 8 742 6
10 20 4 1703 3
2 20 11 93 10
18 2 15 1713 4
13 8 10 1567 5
14 18 12 462 10
20 3 16 215 1
4 4 1 1311 7
18 17 5 624 1
2 13 1 1037 1
13 12 16 538 5
7 7 12 1009 5
11 16 12 1085 8
11 9 19 966 8
19 4 9 1812 6
18 20 11 1208 2
18 16 17 148 5
5 15 12 461 6
8 9 9 626 9
9 15 12 1130 1
17 14 13 1386 6
19 9 9 1516 6
1 20 7 1380 5
18 19 20 652 10
17 17 11 941 9
4 8 3 1128 10
5 5 19 842 1
8 1 14 252 1
6 20 13 1075 7
5 19 18 1051 5
15 20 19 1104 3
3 15 17 1640 1
1 16 11 682 6
7 7 11 878 5
12 17 19 662 6
12 16 6 481 2
18 6 3 1285 6
18 16 16 74 3
8 17 11 1209 8
10 1 8 735 4
11 16 12 1682 3
13 6 16 248 5
16 13 4 1092 7
16 13 10 1336 3
20 6 20 626 5
12 10 8 248 8
16 19 4 1400 9
20 10 16 1715 2
10 12 6 333 4
18 3 6 1416 10
5 14 6 1329 7
20 4 5 1380 6
20 2 7 1030 3
3 16 14 1840 9
5 18 14 1846 7
12 17 10 446 1
17 10 6 1815 4
10 11 20 1838 5
8 4 4 604 4
7 18 3 291 5
17 10 2 1374 5
5 4 16 1064 10
6 18 19 1220 9
20 20 10 1291 3
17 20 18 1414 4
7 15 15 648 7
8 17 20 651 9
7 14 4 509 5
4 5 4 13 1
15 10 14 221 6
2 7 20 1504 6
7 20 1 1029 1
9 10 7 149 5
5 16 1 1331 7
20 13 16 2202 7
1 18 18 274 10
2 8 4 1130 1
12 11 9 1381 9
15 15 13 783 4
13 12 6 751 2
9 8 6 532 2
9 14 3 1491 2
6 3 18 689 2
4 11 3 109 6
8 5 1 259 5
2 2 6 1397 5
17 15 1 1669 8
1 7 18 323 6
2 5 8 1043 1
18 13 10 280 9
6 19 17 1203 8
9 20 19 774 3
14 16 3 1345 4
12 5 5 1525 3
18 8 10 290 7
14 20 1 1089 3
14 2 10 1360 9
1 20 14 81 4
2 1 9 1887 8
1 3 8 682 1
2 9 14 1139 6
9 10 12 1089 6
7 6 6 396 5
13 15 6 132 8
17 1 3 364 9
18 12 15 1589 6
5 10 15 1924 9
18 17 1 1450 9
6 6 6 452 5
20 18 17 745 4
5 7 13 51 10
6 17 13 138 9
11 14 16 660 10
17 6 17 940 4
4 15 2 825 9
3 9 6 1796 3
12 9 2 1097 5
6 10 12 221 4
4 15 11 1058 9
13 2 15 1245 1
13 6 11 1246 6
13 9 8 2173 4
3 4 17 929 7
1 9 15 411 9
12 12 10 1113 6
7 18 16 874 2
14 3 18 794 6
1 16 10 1021 5
3 8 11 981 6
16 10 12 1688 2
5 10 17 191 1
6 8 17 317 9
10 19 3 975 4
16 10 14 1367 5
20 6 5 506 7
16 7 13 869 1
14 7 1 207 3
15 8 9 1445 3
15 9 1 202 3
7 20 3 1427 6
1 10 11 1263 8
11 10 10 280 1
5 13 5 655 2
17 15 14 1431 3
6 20 8 1183 3
4 9 9 899 9
19 12 11 1855 7
6 6 10 1609 9
15 3 20 369 4
18 4 13 209 1
7 9 18 1398 9
14 9 3 723 8
2 18 4 581 3
1 9 20 1178 1
11 8 18 135 9
1 15 18 1608 10
7 3 17 38 7
3 12 1 1006 7
16 11 20 78 1
9 13 12 1398 7
1 2 8 349 6
9 5 12 659 8
11 17 10 1602 5
12 10 13 1864 2
18 13 11 505 3
17 18 6 233 1
3 8 11 910 6
19 1 10 169 6
14 9 13 314 2
4 15 2 937 6
13 9 6 912 7
11 17 7 1980 6
18 11 10 1496 9
12 6 3 1573 5
8 17 4 1352 4
20 7 10 125 10
3 7 1 680 3
11 2 15 767 7
2 18 3 617 9
9 9 13 1945 10
14 5 2 1503 4
1 12 12 1268 10
11 7 2 522 4
4 20 16 874 10
9 12 11 1211 2
4 18 1 1670 7
4 16 11 352 1
8 2 16 902 9
5 1 15 942 9
8 1 4 86 8
1 5 13 294 1
15 13 1 902 5
18 2 6 1835 10
20 14 19 790 3
7 10 16 1977 4
3 5 3 349 2
7 2 4 372 4
6 17 12 618 5
14 6 18 1178 6
3 1 16 650 4
9 1 20 1517 1
12 9 17 206 2
19 12 18 1015 3
15 17 4 864 3
20 19 2 1295 10
8 3 18 1297 9
9 6 10 1202 8
5 2 2 179 7
4 18 1 269 8
1 14 15 570 7
18 16 15 924 2
1 15 1 366 4
6 20 6 935 1
15 20 16 1427 1
9 2 2 1389 4
19 20 13 1620 4
13 16 7 1411 6
16 11 2 1351 6
