350
1 21 22 4699 7
39 46 10 7053 7
17 21 3 11641 6
37 39 33 3505 3
5 1 30 8992 3
5 13 48 1937 1
30 30 17 9417 7
1 40 28 5760 2
18 17 41 11720 5
21 11 15 9135 2
16 37 6 7418 2
27 29 29 2833 3
35 17 43 11148 2
26 2 29 1881 2
21 8 33 5899 3
34 42 30 9857 7
32 44 20 2989 8
33 12 22 7604 7
23 6 44 8961 2
4 8 8 11707 9
24 9 7 262 5
24 20 8 1753 7
33 41 43 5887 8
28 17 49 4531 6
23 10 26 5689 2
37 36 34 5710 9
41 49 29 4104 3
37 17 22 11702 3
20 30 33 4698 1
3 48 46 9548 5
11 21 11 3850 5
39 40 34 8871 2
30 8 13 3905 2
11 24 6 4477 5
4 42 20 986 2
38 19 19 5108 2
21 44 19 8763 6
30 1 3 1786 6
46 25 26 12603 4
28 17 22 2032 1
6 26 31 7541 3
41 36 30 6971 9
41 32 10 8405 5
45 36 22 113 9
41 49 48 9008 1
7 26 13 1132 6
14 20 13 5594 6
39 29 31 42 5
14 48 12 6495 9
17 20 16 3850 1
9 7 10 7062 1
5 39 41 2128 6
9 4 9 11277 8
41 11 41 5034 9
17 41 32 2685 7
4 26 29 7094 7
47 27 46 5357 7
44 34 40 8240 4
16 5 28 7005 9
12 25 38 325 6
26 37 34 3973 7
39 44 7 10992 3
15 44 40 8689 8
6 6 6 10706 1
6 46 34 4434 2
15 48 24 4100 5
40 4 9 1825 7
38 40 40 975 5
18 12 27 295 2
32 34 43 2144 1
37 49 23 6715 4
26 48 12 12046 8
48 28 5 8634 4
28 32 2 10707 3
4 35 45 12773 8
19 23 47 10497 7
4 43 10 12387 5
6 46 46 992 5
44 35 43 7323 1
32 8 36 7556 2
32 8 38 1812 2
13 46 19 5005 1
40 49 18 4630 2
8 22 29 5164 2
42 46 31 2141 1
43 13 20 1393 8
28 23 11 8838 9
29 22 5 7727 3
48 19 31 3765 2
2 22 48 9618 4
4 5 19 5873 1
35 36 42 3408 2
9 33 36 7601 6
48 32 31 6190 1
31 30 22 444 2
14 27 11 5617 5
38 39 14 5391 6
27 36 27 1929 2
3 19 25 1290 8
7 36 10 5078 3
22 6 3 7986 9
24 40 36 8570 8
28 34 25 12182 4
15 41 6 2574 8
23 3 13 210 6
47 35 10 3307 7
17 6 21 2047 4
49 17 42 2068 8
28 46 12 2055 7
42 24 7 6938 7
16 49 3 9652 8
37 47 25 8945 5
12 42 45 4940 7
23 37 37 963 3
14 7 40 388 1
15 45 22 12246 8
49 10 17 957 7
6 42 6 4171 2
18 9 22 7290 6
12 16 42 443 1
39 43 40 9279 8
11 20 17 11536 1
11 31 24 6650 9
33 33 10 9160 1
4 6 6 10116 9
24 46 27 6415 5
35 33 27 8652 5
11 38 9 6158 5
14 45 2 12025 7
11 29 47 3093 3
33 5 34 935 8
13 3 2 6600 1
27 38 34 1252 7
9 7 35 7459 5
27 18 31 9876 2
23 7 12 8765 8
36 2 11 6466 1
17 15 27 4370 3
15 42 15 3114 7
4 44 9 7170 1
43 38 43 7897 1
21 4 23 11867 8
10 48 5 10788 1
10 49 22 1897 4
16 48 38 3078 4
2 7 43 1779 7
12 46 21 7519 6
38 33 49 1953 7
16 39 7 3756 2
43 4 49 9319 3
5 7 46 11713 7
23 32 12 806 5
22 22 1 6823 1
36 30 42 6450 6
3 34 11 1512 4
22 6 40 4500 2
39 14 11 6923 2
49 16 36 6244 2
13 32 48 8312 8
10 15 49 10352 6
13 46 16 8765 9
29 7 20 7796 8
5 39 16 8347 1
29 27 3 1847 9
9 4 28 8426 4
8 3 21 12854 8
41 34 19 101 8
25 1 9 438 4
40 18 30 9872 5
11 11 12 4466 7
14 8 8 7603 5
43 29 25 11914 6
39 21 7 11907 2
47 16 27 3031 3
25 22 11 10756 9
3 44 4 11812 9
8 14 26 5849 9
8 15 42 1890 4
8 1 11 4352 3
20 36 13 9231 9
46 13 46 4814 1
11 44 41 4081 7
44 14 39 11638 7
28 19 32 972 3
14 7 37 4307 2
21 29 5 2049 2
45 6 19 5220 7
5 16 28 9122 5
38 37 37 1360 5
44 37 26 9622 9
43 38 38 11772 7
2 23 10 4208 3
17 19 4 5576 7
33 13 20 2538 1
48 2 30 11825 5
48 34 42 11943 6
18 10 23 1271 8
35 48 47 9649 3
21 26 27 12083 3
42 11 29 1551 6
27 37 4 5816 8
22 10 32 6569 5
19 8 42 9335 2
41 37 45 12128 9
41 28 34 8846 6
33 24 48 44 9
29 48 10 9779 9
35 13 44 9385 1
29 29 32 6438 6
37 22 46 177 6
33 22 45 1482 6
44 7 28 4274 2
1 36 39 12917 2
22 32 24 8553 9
42 28 36 2621 9
42 20 46 2992 2
45 45 17 7801 4
9 30 11 7985 1
43 26 12 2597 4
13 3 22 4292 2
37 32 4 5084 3
40 21 43 2400 6
28 23 45 10840 7
48 44 4 8011 7
35 3 40 6012 2
28 10 39 4754 8
38 15 36 723 3
28 40 7 6623 7
42 34 46 8350 7
33 47 9 7897 8
20 24 46 849 8
29 45 39 4886 7
12 11 4 11329 1
1 44 16 4034 7
41 21 13 10965 7
32 23 2 6172 8
46 6 46 10708 3
7 6 22 3201 9
35 47 41 8752 8
2 38 47 5631 9
41 10 27 255 6
34 12 44 5147 8
15 24 5 7647 9
15 8 47 9447 8
17 44 23 9427 5
6 26 47 3864 9
7 14 8 2616 3
18 4 17 11929 3
44 26 20 11011 1
2 30 19 7088 9
39 6 15 1189 9
30 39 28 9291 1
26 32 16 6648 3
7 17 30 6668 6
11 11 31 4620 8
8 16 41 9028 3
35 22 32 1528 8
5 25 12 3675 3
48 31 35 1733 1
49 30 23 8604 6
2 46 35 11766 7
37 48 11 480 3
45 39 22 7708 7
16 4 40 7694 1
11 36 34 6541 3
34 13 15 3870 8
23 23 24 2464 5
39 3 40 4151 8
30 9 21 9591 6
42 48 26 4093 4
23 43 15 4266 2
22 42 9 9976 8
38 31 19 9675 8
4 9 35 10337 8
23 32 27 3951 9
40 17 11 2613 9
7 47 42 4216 9
20 14 45 179 8
12 39 33 289 2
35 1 30 6831 4
44 30 28 12075 1
46 46 27 563 8
22 10 11 10215 4
19 27 16 3787 5
40 11 33 4208 9
47 35 27 10514 4
47 32 6 12222 3
1 39 9 10577 8
4 47 40 7607 2
8 13 31 909 6
20 23 4 3707 9
39 9 36 9630 1
34 28 42 10195 7
8 46 38 2494 9
31 9 40 10664 3
22 31 48 5291 3
37 15 47 7301 6
22 9 33 958 4
36 43 15 12176 8
18 19 20 4429 7
45 34 33 1717 2
43 1 18 5041 5
46 19 46 11423 5
15 19 16 12860 2
12 4 39 2418 4
25 15 33 10145 2
19 39 12 6850 7
20 7 5 2956 4
29 34 11 12128 4
1 24 22 11397 8
27 47 43 8590 8
26 47 43 3213 2
2 1 42 8578 3
18 27 40 11641 2
40 33 36 3233 1
35 24 6 318 8
18 18 13 7691 6
47 34 49 8913 2
18 28 15 1620 8
21 27 19 3458 4
42 5 2 10358 8
17 16 25 12590 5
17 6 23 11543 8
21 7 49 11025 1
27 30 40 6291 6
40 47 12 1064 9
10 24 41 874 6
19 31 49 8806 8
20 35 12 7743 8
8 3 33 8339 3
3 42 49 1391 9
24 38 36 516 5
38 14 47 8255 5
4 25 39 7950 2
2 44 2 11992 1
17 48 37 11411 7
36 39 26 3186 3
37 7 20 5296 7
44 41 41 2081 8
31 9 1 9362 4
41 17 40 4253 5
21 39 28 99 5
24 38 48 8832 8
11 3 36 5754 4
37 17 41 4683 4
35 10 21 293 2
42 47 7 5708 7
1 1 13 1160 2
33 6 15 2084 1
46 18 4 11343 1