200
1 34 11 5058 6
41 45 24 3595 6
19 44 13 5690 4
24 21 21 584 2
21 7 9 3347 9
27 16 47 6726 6
18 32 39 1128 6
40 22 27 5323 9
25 18 34 2615 7
33 4 3 4556 7
43 34 42 5598 8
2 35 27 6012 6
34 49 12 792 7
20 27 8 582 2
20 16 26 1966 1
4 5 26 6709 5
21 23 45 556 2
12 13 31 6286 1
4 39 8 4948 3
17 31 8 3853 6
36 2 5 4656 2
17 13 41 1591 9
18 24 7 3495 3
17 42 40 6551 5
43 8 11 4291 7
20 29 41 536 2
22 45 7 796 9
24 8 27 6107 8
44 36 7 4599 9
24 42 26 3040 6
15 9 3 2359 3
5 45 49 5628 7
34 40 23 6923 6
7 3 11 5704 4
35 16 39 2907 6
33 36 2 4922 4
34 11 2 4156 6
30 5 18 4320 6
10 10 27 4876 1
37 35 27 5032 5
25 6 12 7296 5
15 28 36 3733 9
25 34 40 6056 6
2 15 7 4937 4
45 41 28 1503 8
46 31 10 2764 6
16 39 48 6054 3
47 42 15 1844 5
18 23 22 4190 5
17 29 40 7188 1
16 35 41 3343 9
23 39 15 170 9
12 3 21 6144 6
4 36 17 4012 2
20 4 41 5296 2
29 15 33 1866 8
21 7 32 2004 8
31 41 7 5070 3
30 24 39 3765 6
17 15 23 5355 5
48 46 18 7209 5
2 31 16 212 1
7 9 46 1150 8
26 17 37 757 8
32 14 45 1166 5
35 44 2 6911 3
16 12 43 5025 5
12 14 14 5301 9
3 31 29 2476 6
2 6 20 5428 3
25 27 1 222 8
22 38 29 353 4
11 4 13 7077 5
28 24 49 1637 1
15 29 7 5539 6
48 19 17 2638 5
2 36 31 6499 9
45 46 2 1760 1
49 5 44 58 4
34 7 32 6203 7
19 31 33 2879 3
46 4 35 3233 6
9 46 48 5705 2
29 31 11 3927 3
7 24 6 2553 5
21 49 3 1025 7
10 43 10 2033 7
32 9 19 1584 3
19 15 14 3694 7
27 17 3 2203 3
4 1 12 5547 6
12 3 45 3574 5
16 21 28 7212 2
33 4 36 770 5
12 42 27 5379 1
23 36 32 2326 7
5 20 21 1293 1
43 46 23 6278 9
3 23 42 2812 4
22 37 34 3321 5
43 20 18 3756 3
14 18 36 7078 7
35 43 1 7123 2
2 34 32 7090 5
30 9 31 1871 5
6 18 13 2568 3
5 39 30 2766 4
31 11 22 4546 6
28 29 36 3926 9
47 7 47 6443 8
22 24 3 5285 6
39 21 6 5901 9
4 41 9 3440 1
11 11 14 4154 9
26 47 44 3714 3
2 18 47 4406 1
23 34 11 2973 5
18 3 30 302 8
11 10 40 1789 1
6 37 22 2302 2
20 14 21 5342 8
26 5 27 6247 7
20 13 40 5623 7
10 27 1 690 2
8 20 21 5800 7
11 29 19 1196 3
13 14 12 381 8
28 46 10 3417 8
41 14 22 3711 8
12 34 16 5545 1
4 14 20 240 6
45 48 24 4272 7
31 2 33 986 9
48 5 43 4117 3
46 35 30 5774 5
15 4 49 1684 5
25 48 7 1365 2
6 7 46 1378 3
9 5 26 3279 1
42 11 26 79 1
19 24 26 3601 3
29 10 41 2151 9
28 29 17 4882 4
8 7 32 4522 6
41 40 20 3173 5
13 1 10 2940 7
28 15 40 5443 2
5 46 28 2510 9
32 44 38 5184 4
36 34 22 1594 9
36 37 23 5060 2
2 10 17 243 2
47 44 3 4212 7
30 16 5 427 3
16 38 37 5966 6
37 46 4 4350 6
35 37 11 4754 5
19 2 40 1152 1
8 42 30 2277 8
47 9 17 4114 7
12 31 35 5711 5
12 26 49 4535 7
2 35 34 1353 6
26 35 48 4801 4
11 35 13 3830 1
14 43 7 2540 3
38 27 40 466 2
9 11 32 6557 4
20 41 44 2271 5
27 24 33 4891 3
8 3 34 1245 8
44 45 10 1906 8
49 7 25 98 5
18 42 32 4893 7
27 12 10 3555 1
1 30 22 3511 8
19 39 8 1185 6
29 11 14 6854 5
20 21 29 6052 8
6 9 46 1069 5
2 30 39 4647 5
31 8 48 3864 4
3 39 16 2641 6
8 9 43 624 5
42 39 2 566 2
44 18 26 1680 6
31 25 11 5809 6
29 21 18 2924 2
45 13 19 1500 4
18 36 25 3066 6
37 31 48 5676 4
10 19 13 2215 1
33 47 42 1587 9
47 18 47 2145 7
11 45 17 3742 2
44 16 45 5114 3
26 36 9 6954 5
2 4 19 4581 8
22 9 18 4290 9
12 9 41 3306 1