250
25 49 14 7973 3
43 39 45 5726 3
43 35 13 8075 9
31 6 43 590 9
33 28 47 2652 7
37 29 31 967 1
41 26 11 502 9
45 40 39 8993 3
47 7 15 4632 1
17 17 26 6659 6
42 46 17 112 8
7 29 17 2566 6
1 15 41 3465 5
22 34 48 1778 1
33 27 5 7556 2
42 3 48 7539 6
29 48 29 4653 6
22 35 19 4439 7
12 5 12 8734 6
20 44 45 3797 3
35 43 22 3928 3
36 42 24 7887 1
18 10 39 8850 8
8 46 36 4353 7
26 3 37 705 2
18 37 30 9134 7
2 26 41 2795 8
37 43 28 1530 6
26 17 6 4918 9
20 29 18 8603 2
19 27 29 608 5
5 10 11 3285 8
19 22 37 7513 6
32 12 35 4248 1
30 31 36 5337 2
48 41 3 8328 3
48 39 18 4891 3
3 18 47 1077 4
4 17 14 1629 6
42 3 32 6741 1
17 41 10 4963 9
1 6 17 674 4
27 25 14 1097 4
41 46 8 5950 4
20 1 47 3491 7
5 13 6 6468 5
23 40 26 5460 4
6 23 45 2068 6
47 34 47 2349 2
4 25 21 5785 6
15 36 5 9032 7
36 5 2 1025 1
49 40 42 111 6
15 23 8 9008 2
19 31 47 484 2
1 31 40 4341 5
33 23 23 1577 7
13 17 10 3174 2
9 31 9 1154 9
31 37 12 8816 5
11 41 35 7892 4
5 17 9 9132 6
3 34 34 5058 5
21 6 19 5721 9
11 24 38 5200 7
13 33 24 6427 2
20 33 44 5344 1
48 4 35 1255 8
17 27 15 506 1
31 13 7 6414 2
34 45 43 3843 3
18 30 45 7231 5
20 28 12 6375 1
19 34 49 6312 4
36 21 21 3121 6
2 48 13 7542 3
37 30 48 8745 8
1 26 31 7948 3
43 36 9 8997 7
22 43 9 7451 3
48 45 38 5148 7
20 27 48 3327 4
15 48 24 7410 1
39 4 39 7202 2
30 36 15 1009 2
15 11 17 85 2
39 36 19 5283 1
35 4 14 3417 9
3 34 22 2498 9
48 27 24 1361 9
24 18 18 9014 8
13 30 44 3207 2
10 22 32 5142 1
23 30 46 4384 2
48 13 16 853 3
21 38 46 8145 3
44 36 36 6194 5
19 11 34 6870 9
15 10 19 1787 7
3 41 8 4342 1
18 5 21 1718 8
19 23 24 5603 5
14 9 15 4815 3
17 18 49 3261 9
24 38 19 4654 3
32 38 39 4973 5
33 36 17 6540 7
26 48 48 236 8
25 22 28 2392 2
43 9 12 2903 1
31 3 7 6170 4
10 35 36 1827 7
20 19 38 9113 6
46 23 3 5731 9
21 32 4 5951 7
2 43 7 3073 3
25 8 2 1037 1
4 26 16 60 7
30 7 36 6854 6
15 32 8 4113 9
45 14 21 7011 2
49 14 30 5595 4
27 14 29 304 3
19 47 44 8237 2
13 11 31 2258 6
28 6 28 7734 7
1 36 49 6541 8
12 45 34 5240 5
17 22 46 7069 8
9 20 7 1056 4
11 1 28 4162 9
43 46 43 2354 4
18 45 21 1271 3
3 29 24 7620 9
1 38 23 6326 1
37 39 21 5401 4
21 35 45 6390 4
27 36 35 3390 8
38 47 30 1509 5
12 4 9 2937 6
15 11 40 3161 7
46 36 7 3495 2
8 6 43 7087 8
48 49 24 2817 8
36 25 25 3107 1
27 41 37 8988 8
45 45 37 971 6
17 13 31 8690 9
22 2 21 4020 4
43 20 48 653 1
43 15 43 7582 9
21 26 47 8639 8
33 10 7 75 7
26 13 31 9098 1
3 6 12 7960 7
49 7 48 7767 9
4 47 9 4320 5
4 14 15 8815 7
3 48 46 3954 6
36 1 7 339 3
19 44 49 6939 9
7 13 19 984 4
31 9 20 4902 3
11 26 27 1959 7
20 2 42 4398 6
33 14 21 1180 7
5 15 19 1958 4
11 7 6 5509 3
5 26 1 5879 3
16 20 13 423 4
46 2 13 87 2
26 31 18 989 1
6 22 47 8417 3
11 12 46 8153 2
38 7 36 3142 2
35 8 49 379 8
2 40 28 1550 8
49 37 49 8980 4
49 8 42 4177 1
41 42 16 626 4
33 29 15 1437 7
3 5 32 9022 1
38 35 38 5492 2
40 14 12 4327 2
38 20 22 6195 4
14 1 13 2012 9
13 35 31 79 3
23 33 4 2891 9
14 45 19 5776 3
39 12 42 1777 3
46 40 28 3414 9
24 19 47 8406 1
42 32 15 5092 2
39 48 25 453 6
30 17 18 7778 4
42 7 22 2264 4
42 37 44 8208 5
37 29 40 6430 4
43 47 16 2120 5
4 6 29 1445 8
44 36 21 7419 1
32 7 47 2719 7
47 41 49 3470 1
18 11 32 1130 6
36 7 46 1275 8
38 18 6 2685 5
34 31 10 2923 5
29 40 15 6633 8
37 15 4 2553 8
9 16 28 2703 6
18 5 48 2501 2
2 28 43 4493 3
27 17 22 2153 8
14 18 22 2160 7
46 27 7 2036 2
2 11 34 4301 9
21 37 26 3429 4
46 18 27 5029 3
1 20 31 6780 7
27 9 14 9002 8
11 24 2 4185 7
8 36 25 8196 2
22 44 10 7154 9
18 14 8 1388 6
16 21 43 2157 8
1 24 8 650 6
25 35 3 1019 7
43 18 46 6694 4
17 21 20 5814 5
1 7 15 1995 6
23 17 47 2348 6
15 7 12 3741 4
37 7 41 5793 3
40 22 18 2592 7
13 30 34 1296 4
43 30 48 509 8
49 37 10 2751 6
36 30 2 2111 8
1 19 7 6709 1
14 35 21 1357 4
27 31 47 7670 1
2 8 23 2225 9
14 20 17 1425 7
1 20 42 1509 8
33 21 43 6724 4
24 14 12 5868 4
3 29 4 5532 6
25 37 9 6276 8
2 15 17 4639 6
46 36 49 4179 6