450
1 1 2 172 5
4 10 8 669 4
8 5 10 721 5
1 10 10 1146 4
4 2 2 95 1
3 7 7 1287 4
9 8 2 982 2
6 2 6 1112 3
2 7 8 539 2
4 7 5 196 1
6 8 7 933 3
10 10 6 465 5
8 4 10 510 5
7 3 7 1163 1
5 10 10 172 1
3 5 4 790 4
7 8 5 793 3
5 3 5 1126 1
4 3 9 96 4
1 1 2 1117 2
7 5 9 303 4
3 3 5 447 3
2 2 4 163 4
8 5 9 1240 4
9 5 1 739 4
5 9 4 1182 4
6 6 5 572 4
1 10 4 1096 4
9 7 7 900 1
2 1 8 1053 4
7 8 5 323 5
5 2 4 1053 3
10 9 5 1238 2
1 9 8 521 5
5 8 3 560 4
5 10 6 622 2
9 10 8 624 5
2 10 9 57 3
7 9 4 1182 2
1 6 8 487 4
2 3 2 278 5
5 4 1 1313 3
2 2 7 459 5
2 7 8 504 5
3 9 8 502 3
4 10 3 181 2
9 1 3 851 3
5 9 3 645 3
7 2 1 287 2
2 5 6 833 1
10 5 1 1178 5
3 8 10 114 2
6 8 4 511 4
3 4 2 83 2
8 4 8 265 4
5 10 7 986 4
9 9 3 321 1
7 4 6 1337 1
9 4 3 708 1
6 5 2 1169 3
7 2 5 152 5
5 4 5 255 1
5 1 7 626 3
3 3 1 517 3
10 10 4 1021 1
10 6 8 1088 4
8 5 2 321 5
10 3 2 856 1
7 4 2 943 2
6 10 1 795 2
4 10 3 150 5
5 10 1 801 5
9 1 7 1329 3
1 1 3 251 3
10 3 1 98 3
4 2 7 694 3
4 9 2 1077 5
10 6 7 306 3
1 3 4 971 5
5 3 1 1031 1
8 5 10 1028 5
9 10 6 707 3
1 8 5 701 5
3 9 7 458 5
10 4 1 1174 2
8 8 1 73 5
1 3 7 325 5
8 9 9 1100 3
2 2 8 1305 5
4 2 8 578 1
8 6 2 104 1
4 8 3 443 2
1 3 8 1081 4
6 9 3 170 3
2 4 1 650 5
9 6 10 1342 1
5 1 10 1214 5
10 2 3 659 5
9 7 7 798 4
1 7 5 1248 1
10 2 10 1330 4
9 6 1 541 2
8 8 8 687 3
3 7 6 407 4
5 1 3 611 5
7 10 10 127 3
4 8 3 1229 3
8 4 4 996 3
1 9 3 760 3
7 5 2 553 2
8 2 6 108 5
10 9 2 1009 3
8 1 1 629 3
6 10 5 497 1
7 6 8 460 5
8 7 2 120 4
3 9 8 651 1
9 3 5 672 2
9 4 1 1282 5
1 5 6 996 1
10 7 4 524 3
2 6 6 260 1
8 9 3 1090 3
7 10 1 481 5
10 1 9 1025 5
9 6 10 36 2
7 8 1 1153 3
5 9 1 1088 5
4 10 3 332 3
8 8 5 694 5
3 9 10 1010 1
10 9 7 933 5
10 4 8 838 1
8 3 7 1023 2
2 6 2 117 4
7 7 2 1001 3
2 3 6 361 1
3 6 6 1227 2
10 6 7 711 5
4 6 10 684 1
10 5 5 1243 1
9 8 3 1291 3
7 8 3 383 1
1 8 6 722 4
5 6 5 106 5
10 4 3 1215 5
8 7 10 626 3
7 8 9 331 1
3 2 3 57 4
10 9 10 1066 4
4 9 6 747 4
6 2 4 1269 1
10 2 4 742 4
8 9 5 1118 4
9 7 2 1212 5
1 8 5 723 3
4 8 5 109 1
5 4 9 527 5
10 3 9 592 3
1 6 7 335 1
6 4 8 534 5
9 3 5 152 5
2 2 8 601 2
4 4 2 1277 2
7 1 3 1288 5
1 1 4 91 3
4 4 7 605 2
7 6 7 570 2
4 4 6 126 4
6 10 5 1249 1
3 1 2 719 2
2 4 7 882 5
1 5 5 1022 5
5 5 5 1305 1
1 7 5 80 3
1 7 8 1122 3
1 6 10 1054 4
4 7 1 1316 4
7 2 9 751 1
3 1 4 1200 3
10 5 10 812 5
8 5 5 1057 4
9 10 5 1160 4
2 9 4 972 1
6 1 4 1166 3
4 10 8 881 4
10 5 2 780 2
7 3 3 988 4
6 1 2 334 2
8 7 8 190 4
3 9 10 295 1
8 5 2 281 2
7 9 1 95 5
1 4 4 388 4
10 1 7 253 2
4 7 3 931 2
4 1 10 323 3
6 6 8 484 3
1 2 8 248 1
9 8 1 1008 1
1 7 8 1294 4
9 10 1 982 2
9 4 1 1067 2
3 5 4 88 2
4 5 3 988 5
1 7 9 862 2
6 5 9 1322 5
8 7 9 924 5
9 10 1 1250 5
3 5 2 123 2
10 9 3 87 5
3 4 9 757 2
1 2 9 255 4
3 4 1 347 1
9 6 8 490 2
2 7 7 1272 2
9 4 6 1301 5
10 7 7 1317 1
1 6 3 1219 5
9 4 3 254 1
6 2 2 900 2
7 7 9 976 4
9 3 2 994 5
9 7 2 1005 4
1 9 1 834 1
9 6 2 426 3
3 10 3 1271 3
10 3 3 960 5
4 6 4 143 1
2 2 10 667 2
9 9 3 769 1
5 8 6 1205 4
8 8 5 69 2
3 3 6 1326 4
1 5 7 512 4
8 6 1 1225 2
2 5 3 1101 3
4 10 4 626 1
9 6 8 111 3
3 2 2 824 5
9 8 9 719 5
9 6 2 781 2
5 8 2 237 4
6 9 1 1305 2
2 10 1 1005 5
2 7 1 720 4
5 7 8 850 4
3 10 10 884 3
2 8 10 1128 1
1 7 10 58 3
3 4 8 151 2
8 3 7 890 3
2 2 3 1078 1
8 7 2 1346 2
7 3 5 493 5
2 5 3 997 5
4 3 10 814 5
3 2 1 217 4
4 1 1 856 5
10 5 6 1277 3
3 5 7 247 1
6 5 9 1084 2
5 1 1 444 4
6 7 2 1248 1
3 9 5 1167 1
3 3 10 669 1
3 9 3 291 3
9 4 1 1097 1
5 8 5 585 1
2 7 1 969 5
6 3 7 936 2
6 8 10 51 2
10 6 6 599 4
8 5 9 1036 2
3 4 1 84 5
9 9 3 102 1
1 3 10 208 3
9 6 4 972 4
10 6 3 1218 1
8 10 10 1113 3
3 6 10 429 2
10 7 6 796 3
6 4 10 574 1
8 1 8 908 3
2 4 8 1073 3
2 8 3 1281 3
10 7 3 1039 2
1 4 5 1161 2
8 10 3 1291 4
4 9 3 724 5
7 3 9 319 2
5 2 2 1315 1
3 9 6 589 5
8 2 7 848 5
1 2 8 1251 3
10 5 9 570 2
2 1 7 156 4
5 1 7 261 4
3 8 5 191 5
3 10 10 1077 5
5 3 9 1197 4
10 4 3 900 4
10 7 4 861 3
10 6 2 379 5
6 5 3 463 3
1 2 4 412 2
6 1 5 627 4
1 7 1 183 4
8 3 6 1054 3
1 8 7 855 3
2 2 8 34 5
10 6 1 492 1
4 7 1 526 3
6 8 6 258 1
1 1 9 1179 3
1 8 4 173 4
8 2 10 298 1
7 6 9 321 3
5 5 7 1166 4
6 1 10 262 5
2 10 1 587 1
3 2 4 1214 2
1 2 1 738 5
8 7 10 346 3
5 2 4 227 5
8 9 1 675 2
8 4 7 535 1
7 7 1 1171 2
7 6 4 95 1
2 7 3 373 5
4 7 2 630 1
1 5 2 146 2
9 6 2 408 3
6 2 5 205 3
3 7 4 1023 2
9 4 2 31 5
2 3 4 505 2
4 7 4 705 3
10 1 6 1146 5
2 8 5 1265 4
1 4 1 183 2
1 3 8 101 4
3 10 1 655 4
6 7 7 568 1
2 10 4 1343 2
8 10 3 43 2
3 5 4 118 2
6 3 1 694 5
3 9 2 582 4
9 8 4 428 1
10 5 3 569 5
3 8 1 611 3
8 9 10 765 3
6 2 8 588 2
8 10 8 528 1
3 10 6 694 4
9 4 6 1330 2
1 9 7 255 1
7 6 9 1137 3
1 1 10 754 3
9 2 2 881 4
10 6 6 38 1
6 6 9 49 1
5 5 8 819 2
1 4 8 366 5
4 3 7 231 1
8 5 6 1187 4
9 7 2 1302 5
1 1 2 972 1
3 1 10 1020 5
9 2 6 799 3
10 6 8 1259 2
6 3 6 282 2
7 5 9 232 3
7 4 3 928 3
9 9 1 570 4
10 7 2 314 5
2 3 8 134 5
6 7 6 884 5
10 1 7 931 1
9 3 9 597 1
8 5 4 282 2
4 2 2 171 2
6 8 10 745 4
3 9 4 42 1
7 9 7 907 3
2 10 2 1176 3
6 8 2 649 2
1 5 8 174 2
3 6 10 541 3
9 2 2 670 2
10 3 6 1083 2
1 9 10 488 4
10 7 6 855 3
4 9 3 1222 3
5 4 2 1052 2
2 10 5 346 3
6 9 10 388 1
3 6 1 300 4
4 9 2 841 5
6 6 7 71 1
3 7 4 1212 4
1 10 2 736 1
4 1 5 784 5
2 2 9 1237 3
4 8 10 1074 4
6 2 2 1198 1
5 9 2 1341 4
8 3 2 1046 1
1 10 8 1191 5
9 6 10 400 1
10 1 7 396 3
5 9 1 1086 1
2 8 5 146 1
9 8 4 687 3
5 5 1 638 4
3 2 7 263 3
2 1 4 1008 5
4 2 6 811 4
4 10 9 963 3
6 9 3 546 1
1 1 3 242 2
1 10 1 96 4
5 2 2 825 2
8 4 6 165 5
5 2 2 1124 5
4 1 5 350 2
3 1 2 925 2
4 5 2 814 2
9 8 3 316 1
3 2 8 488 2
6 4 3 1118 1
6 8 2 1032 4
6 5 2 656 3
1 5 2 699 3
4 1 1 595 5
1 6 6 673 3
8 5 2 1312 4
6 2 3 340 1
10 1 8 615 1
4 1 2 567 2
5 3 5 463 4
5 8 7 70 1
5 2 3 138 2
9 10 5 1005 4
5 2 3 1304 3
7 1 9 1051 1
3 8 6 120 2
9 4 9 1059 3
7 7 1 763 1