500
11 6 12 1495 6
4 5 3 267 2
15 8 15 1640 8
13 3 8 1896 4
12 14 12 3217 9
1 4 8 3726 8
6 7 10 1028 3
6 10 9 3967 2
3 14 7 823 9
5 8 4 2950 6
5 13 12 1601 6
15 4 2 54 6
13 15 6 2994 1
14 2 9 3210 2
12 15 12 1928 5
5 13 14 107 9
8 5 1 3524 9
5 9 6 2810 6
11 11 1 1331 5
4 6 10 885 2
12 8 4 2724 9
15 5 3 3940 2
7 3 13 3827 9
10 1 2 1256 6
9 5 14 3477 10
13 13 6 18 2
5 11 6 3630 3
13 12 12 2050 10
8 7 10 2591 8
10 11 10 1525 10
13 10 7 1821 6
11 4 7 3335 3
13 15 15 2291 7
7 10 9 3029 10
13 8 3 2438 4
7 13 15 3065 7
13 10 4 1939 5
2 14 6 3445 8
4 11 13 2087 7
1 6 13 2297 4
13 2 10 2742 10
3 6 6 875 1
3 5 9 2811 8
6 6 15 687 8
7 6 9 1169 10
4 7 12 408 6
7 4 5 538 2
2 8 3 3248 3
13 2 2 2300 6
8 12 10 615 7
5 1 7 2875 3
15 5 15 2913 3
9 5 4 237 3
8 13 10 2380 9
4 1 11 3491 1
8 4 15 775 5
14 7 14 3405 8
15 13 7 795 5
8 14 5 1528 5
13 1 4 91 3
1 4 12 799 7
15 7 1 223 4
6 7 15 449 1
10 15 11 2424 1
11 4 10 2151 2
12 1 6 2372 7
13 1 15 1453 5
9 4 8 3880 4
4 15 10 22 2
11 2 12 3186 3
6 3 3 2209 5
11 6 11 229 1
2 1 11 3476 9
13 9 4 2736 6
14 6 15 3194 10
11 13 7 3452 1
9 6 12 1477 1
11 14 2 753 8
8 4 10 620 1
11 8 3 3093 4
1 3 15 848 10
9 13 10 3540 3
14 3 5 2483 5
15 13 7 1994 8
10 6 11 218 9
12 13 7 1103 7
5 7 11 768 5
2 10 13 1078 8
8 8 13 2335 7
6 2 2 757 9
12 4 1 2091 2
13 3 8 82 5
10 3 13 3417 9
14 10 1 1693 9
1 9 4 3606 2
14 13 5 2168 7
9 6 2 2501 2
1 12 7 2018 4
1 1 3 2414 10
2 10 5 3822 2
12 5 1 1871 3
1 9 11 3139 3
10 14 6 2671 9
4 6 11 280 7
1 13 8 3153 9
3 9 10 3439 9
3 11 11 1446 1
3 11 15 2590 3
1 2 1 3030 9
10 4 1 2397 5
4 9 13 869 9
8 11 8 656 9
14 9 8 3965 8
10 7 8 2962 10
6 5 14 953 7
4 14 9 2995 8
14 7 6 3812 1
14 14 2 119 3
6 8 11 2161 4
7 10 7 1120 5
8 15 1 232 6
6 11 11 969 5
12 6 12 2704 1
4 11 7 544 10
5 9 14 2250 4
10 15 2 1025 6
2 7 14 301 4
9 12 2 3404 10
12 9 10 3399 7
2 1 6 2456 3
14 4 3 3056 3
13 4 14 3292 1
1 1 13 2225 2
11 12 13 165 9
7 1 10 2998 9
5 7 12 887 2
4 10 2 2025 10
9 15 6 3178 4
10 9 8 1651 7
12 9 2 3479 6
3 6 10 3960 5
11 14 1 1067 10
10 5 1 534 5
9 13 3 546 6
10 2 4 3684 3
6 15 7 2906 8
11 12 7 200 6
10 12 10 626 4
8 1 3 1917 10
3 1 1 215 8
1 7 11 945 6
1 13 10 426 5
3 2 1 2564 7
13 13 6 3341 9
8 10 9 1587 6
8 14 5 2394 5
11 12 7 1462 6
1 9 2 3510 1
4 12 5 1781 10
14 11 7 3504 7
7 13 3 2039 9
13 1 1 1341 5
1 3 3 2212 2
14 11 2 1461 2
15 8 14 1329 1
6 9 6 1754 10
2 4 2 229 6
5 13 13 3179 1
6 7 9 2686 9
9 1 14 1635 9
15 10 2 2832 8
7 11 15 651 10
8 14 1 1131 9
14 4 6 1363 6
12 3 15 3163 10
12 2 5 3179 10
3 9 2 1634 7
10 9 2 3670 10
11 11 5 1648 2
9 4 3 2284 5
6 12 1 1523 3
11 6 15 2460 5
3 4 11 80 4
8 13 14 3792 6
11 1 14 1325 4
9 15 1 222 2
15 8 9 778 8
3 15 15 349 4
2 9 2 1769 8
6 13 4 699 4
10 15 12 1820 5
13 3 12 2869 2
7 10 6 2511 7
10 2 2 1969 1
6 12 7 3113 6
1 7 12 3690 8
1 13 12 351 10
2 3 11 1868 1
2 14 5 1549 2
10 1 14 973 2
1 2 13 2431 3
8 9 7 3090 10
6 10 14 3570 7
12 9 15 3697 9
5 13 13 3317 1
4 9 14 3962 10
7 6 13 3700 3
10 15 1 2353 2
9 15 8 281 2
3 10 13 2808 7
14 7 7 656 9
13 1 14 2970 3
14 5 2 3847 4
15 11 3 3835 10
14 10 15 3930 7
4 3 10 474 1
2 14 1 1929 10
6 2 4 1055 5
14 9 1 3826 7
3 4 12 3426 3
8 13 9 2797 1
4 13 11 3602 2
9 2 10 733 1
9 12 1 2136 5
3 10 9 3165 5
3 12 8 2910 1
9 12 4 2961 5
10 6 2 3594 3
3 7 13 2421 7
7 7 6 293 7
12 2 11 487 5
12 12 2 2661 10
14 11 3 3586 10
12 5 7 2541 2
8 3 8 3185 4
11 9 9 2337 4
14 15 7 3417 3
6 8 8 1930 6
9 3 1 2245 3
5 11 5 301 9
5 11 10 1457 2
1 9 9 740 3
6 13 5 2470 6
10 14 14 104 3
7 7 6 1741 10
11 12 3 167 5
2 4 2 844 7
10 9 15 3448 4
15 13 13 3315 10
9 1 7 3666 9
9 15 4 1937 1
4 15 13 657 10
13 2 10 1835 3
15 9 14 3233 9
6 3 13 242 3
14 7 5 3046 7
5 9 9 3269 7
13 14 15 1783 2
1 12 12 3053 7
6 2 12 525 7
1 15 4 86 4
7 14 4 491 4
4 7 2 583 4
8 14 10 666 6
2 12 8 1072 10
10 12 13 3125 7
12 13 14 3313 4
6 15 13 3533 10
3 2 8 1239 5
1 2 1 657 9
15 6 3 2228 10
3 4 3 292 9
13 4 12 762 8
4 9 4 3362 8
7 8 6 609 10
1 14 13 1952 10
12 12 3 3652 4
3 9 10 1592 3
11 6 14 3364 4
13 3 6 82 8
12 11 15 267 2
6 2 4 3143 6
8 8 3 1938 8
10 15 4 1618 9
3 7 3 1167 10
14 9 9 849 7
6 1 9 3489 2
7 9 11 3422 5
9 2 10 76 1
12 1 2 1274 4
1 8 11 3219 6
1 11 7 2326 7
5 8 13 3378 4
15 14 14 940 9
2 7 7 2032 5
6 14 7 217 8
11 13 10 2932 2
11 4 9 172 9
2 10 14 2200 9
12 3 15 939 9
1 12 4 3567 6
1 6 4 2230 5
10 8 5 3333 6
12 15 12 3973 4
2 11 10 527 9
2 12 14 568 4
10 3 8 3074 1
11 7 9 3433 4
8 3 4 2671 7
15 13 15 1678 8
4 4 11 152 1
7 13 6 1657 7
3 4 8 3218 7
12 3 8 2719 8
2 3 7 3576 4
8 5 15 857 6
11 3 9 123 1
14 5 13 219 3
8 8 12 3226 8
7 8 5 2983 7
10 9 4 2646 9
7 14 15 3619 8
5 7 14 1417 2
12 15 11 3141 8
4 11 7 2164 7
10 6 6 534 7
8 11 2 3034 2
12 3 10 358 6
15 8 4 94 2
1 13 11 956 5
9 1 1 2528 1
12 10 7 781 6
12 7 13 3999 4
1 7 13 97 7
12 9 8 719 1
9 10 3 2356 6
7 9 2 2249 10
1 3 2 1361 4
3 1 14 3260 4
13 11 10 747 7
11 9 3 47 9
12 5 13 1267 10
14 14 3 3103 7
4 15 7 3414 2
8 4 5 441 6
11 11 2 1110 8
3 15 7 769 10
8 9 14 2719 5
8 12 1 3449 8
4 11 5 769 6
6 5 8 277 2
4 4 6 614 9
15 6 6 2624 7
15 7 3 3313 6
8 9 6 2945 3
14 14 13 3958 3
5 4 8 2407 10
7 14 12 3215 6
2 15 3 1342 10
14 8 7 3110 9
8 2 5 1546 5
1 5 10 3821 6
2 9 14 2426 5
6 7 13 3293 4
6 4 9 2870 6
13 3 2 869 1
1 15 12 2035 1
1 2 8 2207 4
2 3 11 1784 10
14 14 10 1549 8
3 10 6 698 4
9 4 10 257 4
15 14 4 3491 10
9 2 8 2788 3
6 15 10 2049 10
14 10 3 3312 1
8 4 3 2729 10
4 3 12 1189 9
12 10 5 3765 10
2 7 12 3567 1
1 14 3 1880 1
3 10 6 2281 3
4 12 3 3152 10
15 9 7 3471 4
8 5 7 2792 2
14 15 2 2195 7
10 13 14 2882 8
9 5 6 484 3
2 2 4 2415 3
14 15 6 2242 9
11 6 2 3613 4
15 13 4 1404 10
10 6 2 3186 4
11 1 10 2672 8
7 6 10 860 4
5 6 7 3764 10
4 8 10 1188 10
6 2 13 2416 2
4 15 8 3527 6
15 14 11 2986 6
14 15 1 1623 5
10 9 10 2151 3
2 5 8 1778 2
8 4 3 1234 2
2 5 4 1704 1
15 15 12 1691 3
15 11 14 1670 1
9 3 14 335 7
12 11 6 313 5
11 10 12 1410 4
8 10 4 1689 6
6 4 8 2551 1
8 10 11 1039 1
6 3 8 1389 6
9 6 7 305 7
14 4 15 518 5
3 6 10 2909 4
5 5 15 2710 2
3 3 4 1225 2
8 8 1 3606 10
6 9 4 2035 9
2 3 9 548 6
14 7 4 1216 4
12 4 15 379 10
15 5 12 3933 3
5 14 6 2163 7
7 6 5 1106 6
11 12 4 3175 10
3 7 15 683 9
8 12 9 2440 10
5 3 11 3136 3
4 15 9 3932 5
5 15 8 878 1
9 8 3 502 8
13 3 4 2107 5
8 15 10 520 3
4 11 13 224 8
2 15 12 931 9
7 11 15 2093 1
8 8 13 490 10
9 15 12 3799 5
3 6 3 2537 4
4 14 3 2933 10
3 6 6 1689 5
10 2 4 3564 2
3 9 10 2190 8
8 5 7 2017 8
4 4 2 637 7
6 6 11 1941 2
13 1 13 3963 5
5 15 8 575 10
13 11 10 91 8
14 4 10 1392 9
13 9 15 910 6
5 11 1 2640 1
10 10 7 3968 2
8 12 14 1721 3
12 9 4 489 7
15 12 4 2458 10
13 14 15 3421 7
2 1 3 3396 8
9 2 8 1911 3
8 2 11 758 7
5 12 11 2961 2
8 3 11 3047 8
1 6 6 1441 7
7 14 12 3109 2
3 4 7 816 5
8 10 8 2376 1
11 12 3 2300 6
10 9 13 140 10
6 8 3 3698 2
7 8 15 3388 8
3 4 1 808 8
11 6 1 1320 4
6 14 6 1815 2
5 12 6 2327 1
9 13 13 2840 6
4 3 1 673 5
14 14 12 624 10
2 5 13 3012 3
7 7 14 2539 9
13 9 12 1496 1
6 5 4 2756 1
5 4 3 877 1
4 13 13 3832 5
2 6 10 933 2
8 10 10 1909 10
15 10 15 2542 9
14 10 6 3796 3
11 4 15 749 9
5 8 3 1676 3
15 12 11 2204 8
3 8 4 2904 9
11 7 6 3818 4
1 13 9 3249 1
2 7 7 3791 5
5 6 9 802 4
2 13 8 3114 8
6 1 12 3322 5
