50
2 8 11 504 9
8 15 9 504 4
9 7 12 238 3
8 8 8 252 7
12 3 13 220 7
2 1 3 817 6
2 14 11 48 5
9 8 5 352 4
2 14 4 1050 1
5 12 2 126 2
10 8 10 612 5
8 15 5 819 5
11 13 10 189 3
10 1 10 363 6
10 6 11 304 9
7 6 12 840 7
5 12 3 320 7
4 1 7 399 8
1 3 4 35 7
6 7 13 260 1
2 1 4 799 6
9 3 14 144 2
12 8 10 150 1
1 12 1 175 2
7 13 15 19 10
13 4 6 98 8
14 3 13 240 3
12 7 1 198 9
1 5 6 230 10
8 3 5 416 3
12 5 9 520 6
7 14 7 460 7
9 7 11 209 9
4 4 8 192 4
14 1 3 980 3
13 2 12 836 10
13 4 4 54 5
9 7 2 105 7
2 9 2 49 4
8 2 7 525 7
3 7 11 816 1
2 14 10 651 1
12 6 14 153 2
15 2 5 315 5
2 15 3 540 3
10 5 15 333 1
12 5 12 247 6
15 6 11 287 9
12 8 3 18 5
10 11 4 435 9