250
3 1 1 510 3
8 5 5 232 5
10 2 1 303 5
4 4 8 254 1
7 4 8 61 5
8 10 3 714 4
9 9 1 458 1
6 4 8 725 2
9 7 9 392 3
9 8 4 374 1
1 2 9 273 4
10 2 9 522 4
10 3 7 171 2
9 9 2 296 5
6 1 7 589 3
7 2 6 257 3
1 10 4 97 5
3 3 8 668 4
10 3 4 461 3
9 10 8 629 4
6 6 4 682 3
5 2 6 666 2
5 8 3 490 3
4 5 1 687 1
1 3 9 192 3
7 5 1 503 5
4 2 9 241 5
8 7 8 143 1
5 8 1 373 4
3 10 9 158 4
4 10 2 427 4
3 9 4 681 2
9 9 9 602 3
9 10 4 408 1
1 4 3 500 5
2 1 3 427 1
2 9 9 741 2
6 3 10 465 2
7 3 6 78 5
7 10 8 274 5
8 9 9 234 3
9 4 8 74 3
4 8 10 136 3
3 7 2 322 3
9 9 1 118 5
5 6 3 94 4
8 5 4 370 1
10 10 9 322 3
1 7 2 273 3
4 1 4 186 3
10 9 4 124 2
10 7 1 331 5
5 10 4 268 2
6 9 2 246 1
2 8 4 118 4
2 10 8 642 3
3 6 1 364 4
2 3 7 212 2
3 8 5 243 4
6 8 1 251 4
3 9 1 554 3
5 7 8 463 1
9 6 5 390 1
1 5 8 431 4
4 8 1 740 4
10 1 9 499 1
7 2 1 212 5
8 4 1 55 2
8 9 1 458 2
9 1 7 212 5
1 4 5 638 1
7 2 5 694 5
9 6 4 55 1
7 9 10 222 4
4 6 10 257 2
3 6 3 702 3
9 7 1 262 3
10 10 10 325 5
2 3 1 240 1
5 3 7 183 1
9 4 7 79 3
7 5 5 212 4
10 2 10 39 1
7 1 5 301 5
1 9 5 285 3
9 4 2 378 2
6 6 3 702 1
1 3 1 435 1
1 6 4 680 1
10 4 5 267 3
6 6 4 596 2
9 7 1 210 1
9 4 4 424 1
4 6 6 680 5
6 8 8 658 4
2 6 2 681 3
4 8 7 97 4
3 4 1 462 2
1 2 4 39 1
10 1 2 330 3
1 3 7 619 3
6 10 7 408 2
6 2 1 402 4
10 7 5 250 1
7 9 9 69 3
2 8 10 383 4
8 1 10 79 3
1 5 6 247 1
2 2 7 728 4
4 4 9 351 1
1 10 4 247 1
4 10 10 170 4
6 4 10 278 3
7 4 4 528 4
2 7 7 75 4
4 4 1 238 3
9 4 2 480 4
4 5 5 714 5
4 7 2 219 5
7 7 9 447 1
4 2 1 510 4
9 5 6 569 3
7 3 3 541 2
4 3 1 521 4
1 1 5 419 3
5 3 8 367 4
7 4 9 406 2
5 1 8 675 2
5 6 9 561 2
5 1 2 424 3
7 3 5 740 5
4 7 3 455 3
10 1 8 662 1
2 3 9 466 3
8 8 9 445 1
7 1 8 219 2
5 1 3 93 4
2 3 1 640 2
1 5 6 624 3
8 3 6 338 2
7 4 5 623 1
5 3 10 141 3
1 8 8 281 3
3 4 7 86 1
8 2 1 207 4
7 7 3 406 4
5 8 9 247 5
10 8 8 639 2
6 9 10 91 2
5 6 9 623 2
2 1 8 720 5
4 10 9 406 2
9 4 3 439 2
1 10 5 32 5
3 2 3 164 5
4 5 5 375 2
6 9 6 402 2
2 5 6 325 2
3 9 7 149 5
3 7 10 637 2
8 9 5 262 3
6 5 2 543 1
4 7 7 691 2
1 8 1 285 2
7 2 6 294 3
7 9 6 458 5
4 7 2 245 3
10 2 7 546 2
2 6 10 380 1
3 2 5 492 5
2 3 1 373 2
7 7 1 351 5
4 5 7 242 5
6 10 8 591 5
8 9 1 236 2
5 6 7 648 1
2 5 10 331 2
10 5 7 50 5
9 7 10 105 4
2 8 6 616 1
1 6 8 595 1
3 3 1 34 2
8 2 7 89 2
6 5 7 509 2
8 6 6 529 5
8 4 4 227 2
1 4 5 679 2
2 1 9 300 2
8 1 6 124 4
9 8 9 517 3
2 6 8 160 2
6 3 1 153 1
10 9 3 78 4
7 4 7 693 1
2 7 5 274 5
10 10 10 40 3
4 2 7 477 5
7 2 7 295 2
7 9 6 736 3
2 4 3 595 5
8 4 4 92 5
2 6 9 726 5
10 6 6 272 5
3 3 5 134 5
10 6 10 730 2
5 2 2 333 5
6 4 5 608 4
8 5 2 297 2
6 4 7 184 1
3 4 5 121 3
1 2 4 561 1
8 7 10 671 4
3 7 4 254 4
9 10 6 59 4
10 4 5 197 5
8 8 10 590 4
10 7 8 31 2
8 5 8 660 5
4 10 8 45 5
4 2 3 369 2
10 4 3 314 4
5 6 10 449 1
6 9 6 527 5
2 6 4 405 4
1 4 9 461 4
2 9 10 155 3
9 10 5 372 3
8 1 2 567 3
6 5 4 204 5
3 4 4 141 2
4 5 4 78 5
3 2 6 196 2
6 1 8 703 5
2 3 4 396 2
3 4 5 459 5
9 9 1 249 5
10 1 9 576 5
6 7 4 302 2
9 5 3 370 2
10 2 7 404 2
7 9 9 679 5
5 4 8 712 3
9 1 6 308 2
10 7 4 342 2
4 8 4 392 1
7 9 9 130 2
5 6 4 89 5
10 5 2 115 5
1 4 7 318 5
3 2 1 526 1