100
5 15 9 221 8
8 13 5 609 8
3 13 2 287 8
9 10 5 1456 10
14 6 7 468 10
5 5 15 1649 8
9 2 7 784 3
3 5 10 98 1
12 9 11 803 4
9 10 4 255 10
12 12 9 825 10
9 10 12 968 6
1 1 7 464 3
12 2 10 920 6
1 3 11 884 3
7 7 7 88 3
7 11 14 364 9
15 7 12 480 5
15 3 12 1785 5
13 3 9 1287 4
8 12 13 259 1
1 4 10 630 10
2 3 13 1080 6
14 12 12 80 9
3 2 6 247 8
4 8 11 276 7
14 1 14 57 8
4 14 6 996 10
8 2 8 1140 2
8 12 9 264 4
4 15 4 187 8
4 7 6 2200 6
8 13 7 988 10
6 4 10 180 9
7 14 15 1239 8
7 3 5 560 6
14 15 6 1890 2
12 2 7 1280 5
9 5 15 804 9
13 15 5 1320 9
2 3 15 1953 4
6 14 13 765 3
6 6 9 1377 4
6 8 7 589 9
11 13 3 1222 3
4 10 1 42 4
5 14 1 286 9
11 7 13 1078 8
10 15 11 1160 4
12 13 12 1300 10
12 5 14 975 10
2 3 1 817 10
15 6 12 330 4
13 14 2 150 5
13 5 11 102 3
10 13 6 224 2
3 7 8 204 1
5 5 4 1440 4
11 1 12 682 7
4 15 6 1288 3
10 12 11 418 5
6 15 14 238 5
6 4 13 1157 7
5 4 7 220 5
10 4 6 420 4
3 6 6 840 2
4 4 3 440 6
13 14 5 528 5
15 9 11 860 5
5 6 12 12 9
10 12 14 1200 5
14 13 9 1482 1
13 2 15 351 10
11 5 9 552 4
4 12 12 63 1
4 13 3 792 1
11 5 15 45 5
13 7 3 275 7
3 14 15 126 8
2 9 1 600 10
2 12 14 336 8
13 13 2 666 6
4 7 8 396 5
11 5 6 672 3
11 14 9 1106 6
6 7 6 684 8
14 11 2 1584 9
4 7 13 765 1
15 5 1 441 5
4 1 8 494 10
13 2 14 1680 10
6 2 10 901 9
11 6 6 588 8
11 3 11 912 7
10 14 5 987 4
7 1 3 1491 6
3 4 8 427 4
6 3 5 336 1
12 14 11 1558 3
1 14 6 128 8