50
14 14 8 141 2
15 11 9 175 1
9 14 4 242 4
12 1 14 380 10
8 1 14 262 6
14 13 8 176 9
12 5 7 278 4
11 14 9 383 1
7 5 10 143 2
12 15 7 157 3
3 11 10 143 8
6 4 3 198 3
1 15 3 351 5
13 3 2 27 5
10 13 2 354 5
11 5 8 80 1
13 14 6 299 4
12 2 8 48 1
11 13 14 35 9
7 6 6 385 1
3 9 4 68 4
4 5 2 298 6
12 15 1 17 8
11 11 6 123 3
5 8 10 169 2
10 6 10 314 10
3 10 3 379 6
4 1 9 85 1
12 6 3 181 10
14 11 15 56 9
15 7 3 71 1
1 6 12 104 1
10 9 13 81 6
4 7 7 167 3
7 14 7 199 5
9 2 12 332 5
4 8 1 226 4
4 12 1 140 6
1 4 11 191 9
13 8 4 367 7
13 4 8 255 8
10 6 1 354 10
6 9 4 41 9
5 12 8 361 3
7 13 11 199 2
14 7 13 190 10
11 9 14 256 5
5 9 9 277 3
14 9 8 28 10
13 8 15 309 4
