350
5 2 7 946 2
9 17 13 1290 8
6 4 16 594 2
10 4 11 1057 6
17 14 3 296 10
5 4 16 381 6
3 5 10 938 7
10 17 6 304 6
7 15 16 1022 6
6 7 11 848 4
13 7 16 1283 10
11 20 9 241 10
12 19 19 895 1
14 16 19 603 3
15 9 20 464 4
15 11 3 714 10
16 2 2 1484 4
7 16 10 764 8
3 8 4 1167 4
9 8 19 719 1
20 18 14 939 2
2 17 1 1060 1
16 10 6 1013 4
11 7 12 714 8
18 6 14 1278 5
14 19 4 340 3
1 20 1 85 6
16 11 16 1519 7
14 15 4 1168 4
9 16 13 432 6
16 14 7 886 2
11 13 5 918 3
1 20 20 1234 9
5 3 12 1389 8
2 20 1 1204 4
6 14 9 32 1
10 9 16 98 5
6 1 9 149 2
17 2 5 470 5
15 12 13 927 4
8 13 16 91 10
19 18 5 145 2
6 14 5 525 10
14 10 4 1323 1
4 13 15 1020 3
7 12 16 981 5
13 6 12 876 1
18 8 8 771 2
5 20 1 694 4
7 19 7 1598 4
17 6 5 1062 6
2 11 10 189 10
10 11 18 1007 4
18 10 15 783 3
2 10 2 632 8
14 20 15 689 1
14 1 11 548 8
13 15 9 1227 4
4 14 15 993 10
11 14 16 242 2
7 17 15 1086 5
20 15 12 160 9
15 12 3 1130 1
16 17 14 692 7
19 7 19 272 3
11 11 13 668 2
17 19 14 1206 10
2 5 11 499 8
19 9 16 360 1
15 10 12 791 2
2 5 10 876 1
8 20 7 35 10
8 17 9 1303 8
2 19 9 266 3
1 5 7 1225 7
11 8 18 361 7
4 15 1 453 9
8 8 20 361 6
7 4 14 401 1
15 8 8 452 5
7 14 20 1389 1
14 3 20 1585 1
19 10 19 81 5
16 8 5 1012 5
20 12 4 397 2
1 5 11 587 3
18 16 14 65 4
6 19 1 894 5
11 5 9 303 1
13 5 4 1161 2
13 4 4 381 8
17 9 13 133 7
19 3 17 1045 9
6 1 19 897 10
8 3 3 43 9
2 6 2 550 2
3 12 14 183 3
12 20 17 424 1
15 12 17 127 10
10 4 4 964 2
17 8 11 266 4
2 6 16 1515 1
15 1 4 1128 6
10 9 10 356 1
9 10 14 796 5
5 13 9 1564 3
8 12 20 578 9
6 5 1 1094 6
14 19 17 757 10
19 4 11 1020 3
17 4 12 1132 9
1 11 19 754 3
7 1 2 612 9
3 16 9 1403 10
8 17 10 1158 7
19 9 17 78 9
7 4 17 746 6
16 13 6 943 7
18 13 4 559 2
15 18 8 444 5
10 6 5 955 10
11 13 7 281 4
20 4 4 534 10
17 1 17 639 3
12 20 12 799 8
5 16 2 584 1
16 10 16 557 4
13 6 8 926 10
6 11 13 260 4
3 16 16 483 3
7 16 1 571 3
13 2 12 1744 9
4 12 18 241 8
7 13 1 236 9
12 16 10 379 7
6 3 19 285 3
12 1 1 1124 8
7 4 1 535 6
7 4 7 420 8
12 4 2 810 6
14 1 8 78 5
16 20 12 947 2
7 2 6 1285 4
6 9 14 741 5
6 8 8 257 4
12 4 20 1211 5
11 20 18 602 3
8 20 10 1569 5
12 8 15 188 10
4 8 16 44 7
3 3 10 182 6
11 7 7 275 8
9 1 19 1400 1
2 4 5 126 3
10 7 12 1038 3
11 20 5 90 1
9 15 17 1311 6
5 16 1 926 7
7 18 13 876 1
2 13 17 1284 7
16 6 1 32 4
12 12 9 1032 9
3 8 1 472 1
7 9 9 1536 3
19 8 15 934 5
15 10 12 716 10
11 18 4 543 7
9 1 2 200 10
2 4 2 115 7
1 6 13 808 1
11 13 11 634 7
6 15 10 490 10
8 6 14 400 5
19 19 1 192 3
6 9 14 1237 9
16 13 2 928 3
15 19 10 1104 3
5 1 13 581 7
14 12 19 220 2
10 16 12 1170 5
4 15 20 114 4
3 4 6 657 5
14 12 6 1375 8
7 16 2 1288 10
19 5 1 429 10
18 16 8 133 1
11 13 6 177 4
8 7 10 741 3
9 3 5 812 9
12 20 7 319 9
16 5 7 465 5
11 4 20 1507 5
2 17 19 844 5
11 15 15 352 2
5 17 11 103 9
18 14 5 1401 9
12 4 13 850 9
2 1 7 961 1
18 17 1 202 9
11 16 3 158 4
17 4 3 997 1
9 12 17 467 9
1 14 4 467 8
20 1 17 1434 3
2 12 13 537 5
7 18 14 1155 2
4 7 4 401 1
13 12 4 796 8
3 15 11 817 8
4 19 8 367 4
4 10 19 806 6
5 18 16 1189 10
16 7 2 403 10
11 8 10 822 3
2 2 12 932 2
6 9 2 460 9
8 9 5 1077 10
20 1 14 181 1
16 11 1 950 10
1 12 11 244 6
8 10 19 1080 6
7 15 11 919 7
2 12 4 1142 1
3 1 16 312 10
17 18 3 555 5
17 5 6 944 9
9 19 18 1061 2
13 18 9 198 2
2 11 3 1293 6
2 8 16 1011 6
2 20 6 417 8
18 4 13 593 9
1 4 8 701 8
11 20 6 1032 3
17 9 20 1734 9
4 17 14 559 9
15 9 10 558 4
15 1 13 423 3
10 10 8 224 1
3 20 20 185 7
10 17 9 1029 9
12 7 19 432 2
6 13 8 188 6
5 4 3 496 9
11 9 10 1193 7
15 10 11 699 2
16 8 19 1506 6
1 1 11 822 9
17 9 15 304 10
13 12 2 328 9
3 18 6 975 6
6 18 12 51 10
12 20 5 1373 1
1 18 20 809 3
11 2 7 1513 4
4 19 9 774 2
4 12 3 1082 6
15 6 12 581 1
12 11 8 293 5
11 12 17 672 1
6 12 16 1141 6
17 1 8 1112 9
12 17 16 1298 2
5 9 14 1116 9
10 7 12 328 5
20 19 17 1165 5
5 8 4 900 2
7 16 5 155 3
5 2 18 983 4
12 12 6 710 6
1 14 4 59 5
10 5 18 307 10
5 15 14 404 8
16 18 15 1386 10
2 15 8 725 1
7 4 18 355 2
19 9 20 1368 5
19 16 3 1230 5
6 1 9 853 1
7 2 11 821 10
20 7 7 1390 8
19 6 9 767 8
8 6 2 406 1
16 10 18 835 3
15 19 1 605 8
17 18 7 620 9
17 5 4 1328 8
4 10 1 490 4
6 2 4 212 1
19 10 1 621 10
18 8 7 61 5
16 11 8 1216 9
14 13 5 66 3
15 2 11 432 1
1 1 5 1089 3
10 17 8 460 7
20 1 3 886 8
6 17 9 445 10
10 19 1 1666 5
6 16 20 622 2
3 9 8 781 8
1 2 20 1021 9
15 4 7 977 3
16 11 13 1625 5
1 17 9 659 7
9 19 18 1068 10
16 8 4 588 4
13 14 5 244 4
10 10 19 416 4
5 17 6 131 1
13 9 5 1126 1
5 4 3 471 6
19 5 10 304 4
3 4 10 634 9
16 4 20 1105 3
3 13 3 883 10
14 5 2 220 9
9 18 1 755 3
2 9 5 453 6
7 3 16 1313 7
15 20 13 1135 8
12 18 1 113 1
20 12 17 617 3
18 16 13 299 4
5 7 12 90 6
19 17 3 1130 8
13 12 4 478 8
15 6 18 495 9
5 9 11 950 3
20 18 15 599 7
10 5 11 662 7
12 8 14 1158 10
15 4 2 269 1
4 15 6 768 6
20 11 19 1744 1
13 6 10 1388 9
10 5 16 254 1
17 6 4 528 2
15 18 15 912 8
17 13 3 541 10
1 12 4 865 1
2 2 5 269 3
9 8 8 235 10
3 11 4 516 6
20 15 5 724 9
11 18 13 611 1
1 16 10 1158 10
8 2 6 1256 8
18 9 12 789 5
6 13 7 91 10
