450
13 11 2 1477 7
8 7 7 2986 8
6 3 3 3337 6
7 11 13 716 7
10 8 6 2339 6
2 9 2 2929 10
6 1 4 2939 8
3 10 13 1291 4
8 2 7 1611 2
4 7 8 520 5
9 11 11 3077 5
15 15 2 2272 3
8 13 15 1220 7
5 13 12 1525 2
10 2 4 3234 1
12 6 10 1411 5
6 2 10 3238 10
7 15 15 376 7
9 11 1 2938 1
6 11 10 1594 2
3 10 2 1223 2
4 13 12 1355 10
10 14 8 380 1
7 2 15 891 6
14 3 1 2407 5
5 10 5 822 6
2 13 5 1247 10
12 12 13 787 1
3 11 12 2843 4
2 4 8 496 3
14 5 1 815 1
3 5 12 452 1
2 14 13 771 6
14 2 2 1109 9
11 5 9 1038 4
4 2 12 677 9
13 10 1 2819 5
11 1 8 3015 9
14 6 7 140 10
1 12 14 2749 5
15 4 3 1724 8
1 2 2 3187 2
7 15 1 3330 1
3 14 4 790 5
13 7 5 1550 5
2 7 4 590 3
5 3 6 2173 9
15 7 10 1207 2
5 13 7 47 1
6 5 12 2851 5
15 9 5 3521 8
9 7 14 867 7
9 11 12 1401 10
3 3 11 1281 7
6 1 5 2610 2
3 11 1 2518 9
8 7 4 1730 8
7 14 12 3382 2
1 9 2 1017 4
9 3 5 2359 3
5 6 5 74 10
14 3 13 3190 2
11 15 2 3333 3
3 1 6 3275 10
15 8 6 2895 1
10 6 12 1487 7
2 6 2 917 3
13 10 7 1380 3
13 10 5 1950 10
4 10 3 2433 2
9 9 4 2455 4
1 4 4 2728 3
10 11 4 1323 2
6 3 1 493 6
11 12 7 314 3
15 13 3 999 2
6 8 9 800 7
15 12 6 3160 6
6 15 1 436 1
14 12 4 2953 4
10 11 9 1454 3
5 1 7 937 1
5 15 4 1342 9
6 5 4 2436 4
5 11 10 3568 2
10 8 11 1292 7
2 8 4 991 3
15 6 6 1324 4
1 10 1 20 7
12 11 6 2300 4
6 2 15 553 3
1 3 12 703 4
5 12 14 2097 9
11 14 1 2242 9
15 9 13 1959 4
1 8 12 1905 3
7 11 14 282 8
15 6 11 1222 10
2 15 7 144 4
7 4 9 1136 7
12 5 13 3408 10
8 7 10 806 3
12 3 10 1686 1
9 15 15 1121 2
9 2 8 2394 6
14 2 3 1187 2
1 7 2 2709 10
15 7 3 1438 2
7 6 10 592 2
5 4 11 1439 9
4 7 10 1258 9
11 13 9 1768 1
9 2 5 1162 2
4 14 15 1219 3
13 13 8 1388 9
1 4 4 3185 4
4 7 2 157 5
5 1 5 1983 4
5 3 7 2474 8
3 5 11 400 2
10 2 9 795 3
15 2 3 743 9
12 7 10 2004 3
3 6 8 472 2
12 6 8 2811 6
11 1 9 3419 9
6 7 5 2397 6
4 8 13 253 3
12 14 14 930 9
1 15 12 429 9
15 8 13 842 9
6 14 10 3388 9
6 15 13 845 7
10 15 9 2240 6
3 11 7 3048 6
2 10 7 3378 8
14 7 9 3446 9
4 10 11 3355 3
1 15 6 1958 5
9 14 11 635 2
14 4 6 380 3
12 15 1 354 2
1 12 8 1546 10
4 7 4 351 8
2 10 14 2042 6
3 10 13 1903 9
11 14 11 3058 6
11 12 11 2370 3
13 7 1 2943 5
9 13 1 262 2
13 10 3 2484 3
15 2 13 262 5
7 1 7 2898 10
8 10 1 3236 7
7 10 12 1551 10
3 14 1 2463 7
9 7 2 2820 4
7 3 7 1845 8
2 2 10 1125 9
8 11 15 1922 8
2 9 13 238 9
15 14 12 1209 4
11 13 15 92 9
6 7 13 2755 3
8 10 1 3177 7
14 5 15 2519 5
7 3 13 1396 2
10 5 1 1899 6
15 12 15 489 5
7 13 6 838 5
14 5 1 3044 7
7 5 6 3312 2
3 4 11 1815 2
8 8 6 2655 3
6 4 7 1736 5
5 3 9 2444 8
10 2 14 1561 4
6 5 8 3393 9
4 12 3 470 3
8 6 2 81 7
11 1 12 888 9
3 14 13 2149 5
9 5 9 2161 10
14 13 3 3258 1
5 9 13 2100 7
12 5 7 2074 10
13 1 5 76 5
9 10 4 1757 7
5 13 8 1450 10
12 1 3 2563 2
9 10 10 885 10
14 4 9 2492 7
9 6 10 1942 2
8 8 12 2594 4
5 5 4 3332 5
2 11 3 3190 2
15 5 9 2762 2
5 3 8 810 5
2 2 1 2290 3
11 2 13 1447 9
6 2 11 654 7
11 8 15 1731 3
3 11 10 518 3
8 1 8 1701 10
6 4 5 2278 6
3 7 9 3490 9
4 5 4 1991 7
3 14 1 3297 5
8 2 14 1510 2
2 6 6 1896 4
2 2 5 3499 5
8 12 1 2798 6
13 11 11 3280 7
14 2 15 3029 8
4 9 15 2456 3
8 15 2 1592 2
6 8 4 2885 7
3 12 1 2589 10
2 5 4 3265 4
6 14 1 2546 10
4 13 3 2591 7
13 3 14 365 2
14 2 3 375 9
10 2 6 3091 7
2 13 8 3568 10
2 9 2 1462 5
6 13 13 15 10
13 6 5 2352 4
5 15 7 2771 8
13 4 13 648 1
1 15 3 1418 2
13 11 4 61 2
14 3 15 546 3
14 14 6 1543 8
15 4 15 1943 5
13 8 3 671 1
13 13 13 1416 4
12 8 14 3334 4
1 8 5 1826 6
2 14 10 3460 8
10 12 10 750 6
8 1 11 1831 5
3 2 5 2404 3
7 10 10 3008 7
6 1 12 2074 7
15 13 6 1205 1
12 8 4 1654 2
9 15 3 443 8
5 6 10 1315 7
15 14 14 1658 7
13 2 5 2205 6
15 7 4 1089 8
15 14 13 3098 10
12 10 2 2424 3
5 8 11 556 8
5 2 11 1587 9
4 14 5 2538 9
3 7 14 1545 8
11 5 13 969 5
14 1 14 987 10
11 1 3 698 5
5 5 6 1824 4
10 4 14 836 10
6 9 9 1483 8
2 15 11 2170 3
6 4 15 390 8
15 10 3 1619 1
1 15 13 213 9
12 3 3 2959 1
6 9 12 2224 4
3 10 3 377 1
11 15 12 136 1
3 7 12 3137 10
7 6 7 2521 3
15 9 12 2621 5
2 15 5 3549 7
5 4 15 3187 10
4 11 9 669 6
2 10 11 3208 5
2 11 8 2876 4
12 9 3 2458 1
7 5 13 3563 7
7 7 12 2479 6
10 5 14 455 2
10 5 10 2370 10
5 14 14 388 8
9 6 2 1567 7
13 3 9 134 8
5 8 15 1872 4
15 15 12 719 5
13 13 1 577 8
14 10 3 858 2
11 11 6 2983 8
6 12 11 1420 3
1 4 3 2718 5
4 13 1 1914 9
6 10 4 1132 7
6 9 4 3562 1
9 14 1 2146 7
10 10 15 241 8
2 7 15 1704 1
5 3 9 3562 4
9 10 6 1696 9
15 8 4 2344 6
12 1 14 2551 10
9 11 1 2604 7
5 15 9 3148 6
12 3 9 1100 8
8 3 9 2782 7
12 15 1 2409 8
11 3 8 1817 7
5 8 5 3498 2
1 10 4 2397 9
1 11 2 3184 3
7 6 5 2819 2
2 3 13 1309 10
3 13 4 2592 1
5 9 1 2227 5
2 6 2 2165 10
15 14 14 1548 6
6 15 1 3004 6
7 4 2 2651 4
2 14 1 3009 5
8 1 6 3231 9
12 2 4 2370 10
13 15 11 1990 1
10 12 5 1521 10
15 14 3 784 7
15 4 9 2993 7
11 1 4 3013 7
2 14 2 810 3
3 5 11 1043 5
10 13 3 38 10
1 15 9 2049 6
6 12 10 362 2
12 3 5 845 6
15 1 12 1054 5
1 1 11 2061 2
15 12 7 1707 6
11 6 9 1130 4
5 3 10 3244 8
9 9 10 1542 3
8 2 9 2458 10
11 11 15 3436 6
15 6 12 373 9
8 6 14 3509 4
11 13 9 132 6
11 8 6 3452 5
8 10 2 2617 9
1 4 3 2877 9
8 6 11 21 8
13 7 10 3203 2
13 11 6 1854 2
14 14 1 3411 6
12 4 5 470 9
4 3 3 202 8
9 9 4 3346 3
6 8 5 3535 6
6 5 9 1141 7
5 11 15 1671 7
14 10 9 2655 10
9 2 14 322 2
8 12 2 1287 1
15 11 8 2394 7
6 13 14 3568 5
8 11 15 346 5
4 3 6 1272 6
12 14 2 446 4
15 15 9 2578 10
11 4 7 2723 2
15 10 2 1003 8
13 15 8 1997 4
9 5 12 2829 2
10 8 12 1121 5
8 2 4 1688 3
12 8 2 1521 3
3 14 15 678 6
12 4 3 2261 4
3 15 13 381 2
5 6 10 1082 9
14 3 13 377 3
14 3 12 2168 4
12 13 9 1513 9
2 12 7 262 2
13 8 8 2410 1
4 5 8 1495 1
2 10 4 2966 10
15 10 3 1068 5
13 14 8 1892 4
12 7 1 152 10
9 2 12 1251 5
10 14 13 2184 9
12 10 13 2301 3
3 8 11 2077 10
7 2 2 119 9
8 14 9 1694 5
3 8 8 2954 2
1 8 7 860 6
11 7 6 1084 7
9 1 2 1596 3
11 10 5 2107 4
5 6 13 1259 2
9 3 1 3181 10
12 3 6 3372 10
14 8 5 2201 8
2 4 4 201 2
6 8 8 2488 7
8 3 5 3423 10
9 9 5 2993 5
12 2 5 3084 8
6 10 10 1186 8
9 6 9 2405 2
12 1 12 1151 9
4 7 10 1512 7
12 14 1 3458 2
10 12 7 547 10
1 13 9 1294 7
9 9 4 2122 9
10 11 3 3027 2
6 9 2 2987 1
12 2 12 60 7
4 4 14 450 9
2 5 5 1766 2
5 14 11 3107 6
6 3 7 153 9
4 4 1 635 9
11 13 10 2994 4
1 14 7 1109 1
9 13 13 3185 9
4 13 2 1729 1
3 3 8 3254 2
7 13 2 1242 9
9 15 13 2683 3
9 12 7 3082 7
3 7 7 1869 4
7 1 2 1411 5
7 8 10 3102 6
2 11 10 2572 5
7 13 3 2170 3
13 10 10 904 10
2 7 12 1080 2
12 9 10 1900 9
7 1 9 357 9
13 1 9 3122 1
6 15 15 2835 6
14 3 8 2699 3
12 10 5 3053 3
11 2 8 472 3
12 14 4 2653 2
8 7 4 658 7
