400
10 3 9 110 5
14 7 2 189 1
8 14 11 1600 2
7 12 12 4199 4
1 9 2 1921 6
9 9 14 4816 7
15 8 14 5872 10
7 15 5 4905 5
4 10 15 4743 3
15 8 13 6084 6
5 4 2 6660 3
6 14 2 2928 10
12 13 10 2212 2
10 7 10 6822 4
13 7 9 1176 3
13 13 12 2752 8
9 4 3 6272 9
13 13 9 1554 9
2 14 13 5632 3
2 9 7 7644 7
8 15 12 384 6
6 10 3 6732 6
8 4 7 792 10
7 4 14 1848 5
9 15 15 3612 9
5 5 10 1595 8
15 9 5 3515 5
10 2 14 1207 7
12 8 12 4284 4
12 6 13 1168 3
12 14 15 1513 1
7 4 5 3245 8
9 15 11 3870 8
12 8 7 984 6
13 5 13 4216 7
5 15 9 3536 6
3 9 11 4997 4
12 6 12 4147 3
11 10 6 5240 9
1 15 7 3213 9
4 9 1 3420 8
13 1 10 410 3
14 5 12 2360 9
11 11 2 2628 1
2 7 2 1377 2
9 13 4 5729 10
7 14 14 833 8
8 1 11 56 2
3 14 12 6194 4
2 4 9 3712 8
13 8 13 1918 8
15 12 14 903 5
10 15 1 4155 5
1 8 3 2170 6
2 12 4 1328 7
9 8 4 306 7
8 14 10 2774 6
9 9 12 1106 9
12 15 4 880 10
13 15 6 2200 9
7 12 2 1350 3
11 14 5 4680 9
8 9 3 832 1
2 9 4 1141 8
6 6 11 7060 3
14 7 4 969 9
6 7 3 2070 7
9 13 5 2222 4
10 6 15 4488 10
6 2 3 3906 5
3 7 15 4336 7
2 3 13 3510 3
8 2 3 2527 1
11 9 2 2259 7
2 10 11 2648 3
1 2 8 63 4
11 1 8 3621 1
11 10 15 2079 4
5 2 8 1341 7
8 10 14 1287 2
9 9 2 4396 6
13 15 15 4826 5
4 13 6 2691 9
8 11 4 4264 6
10 2 14 988 1
9 12 14 5865 8
6 5 11 3531 10
14 6 5 950 4
2 12 11 2068 4
10 11 7 3501 7
13 8 13 1260 10
6 10 4 5152 5
12 12 12 1178 1
15 8 11 7334 9
12 9 1 1957 3
9 15 7 5328 7
5 3 6 1568 4
9 11 4 2870 4
13 9 9 3471 10
12 3 1 2492 1
1 2 13 7880 1
3 5 10 3116 6
14 6 10 6018 1
14 15 14 5500 6
13 7 7 3520 7
2 12 12 5860 4
15 8 2 1139 9
5 14 1 960 5
1 14 12 5890 7
12 10 7 660 1
12 3 7 187 6
15 9 5 2604 4
6 5 15 370 4
2 3 14 4848 3
8 6 12 1179 3
13 10 10 2635 10
2 4 8 946 7
14 4 9 6640 1
5 7 9 1976 5
11 10 3 2310 6
6 12 7 4344 5
15 11 9 5985 2
12 3 2 2120 3
2 15 14 4225 6
7 10 2 360 2
14 15 15 2072 1
5 3 6 5194 6
8 8 2 2472 4
15 9 13 5700 7
5 1 8 361 1
6 13 5 2680 4
4 1 2 5880 8
10 11 13 243 3
2 1 2 1836 2
3 7 9 2611 8
8 7 8 1116 10
12 12 7 2652 4
11 14 15 5148 7
9 6 12 280 8
2 11 1 1212 1
14 15 7 2002 10
8 4 4 3590 9
9 14 14 54 6
5 3 6 1520 7
4 4 4 819 10
11 5 1 336 4
10 8 5 5445 5
11 1 14 2431 6
5 14 6 2625 9
15 9 11 1848 7
5 9 10 3003 3
3 5 1 780 8
6 9 15 300 6
9 11 2 4883 4
7 10 8 2043 3
13 13 13 4964 5
14 6 4 1088 1
9 10 3 4875 5
3 10 9 5434 3
4 6 14 3576 1
8 13 1 2244 1
11 15 2 5928 4
15 7 14 170 3
9 7 14 273 2
13 12 3 1600 9
8 12 2 162 4
14 8 6 1430 7
14 6 6 1988 6
6 2 9 6300 10
13 11 5 6180 4
9 2 3 5852 2
7 2 2 4380 8
9 12 9 600 4
3 10 1 4320 6
10 3 14 5092 2
2 7 5 1308 9
4 6 15 936 8
5 12 3 2520 1
15 2 7 522 8
6 14 6 1496 9
6 3 12 5775 9
9 9 6 1026 4
11 2 1 1518 6
12 5 8 6216 6
12 3 3 2064 5
7 1 15 2214 6
15 7 8 4615 1
14 8 1 1940 7
11 14 6 3400 6
10 9 15 550 2
7 8 10 609 1
12 2 2 2090 8
15 7 10 2892 1
1 1 5 15 2
11 2 5 3666 3
14 4 11 1656 4
3 15 13 1131 4
3 2 9 1827 5
10 12 2 4840 10
15 11 5 216 2
3 13 7 72 9
2 14 2 8337 1
3 12 14 2816 2
6 8 7 2715 6
6 9 10 1430 7
4 5 12 2840 2
4 13 11 891 2
9 7 8 5148 6
6 5 12 2985 7
13 10 2 3486 7
13 10 11 3050 2
13 15 1 1233 2
7 4 4 5678 3
15 5 6 6384 6
7 6 12 330 3
1 11 14 2224 1
7 2 1 416 7
1 6 6 1782 6
12 4 2 1343 8
12 6 1 3168 7
13 6 10 490 1
8 12 2 4202 10
14 11 9 3180 3
4 3 8 3330 6
15 2 6 3885 5
11 10 9 5593 5
15 3 6 966 4
10 13 7 4116 8
7 13 1 4704 7
10 7 3 494 2
10 7 13 6780 5
14 3 13 5760 10
2 10 11 6365 9
14 4 7 6494 6
14 7 3 3094 8
14 7 5 1748 2
6 10 1 1760 3
6 4 4 5220 3
4 7 14 2443 1
4 6 15 1728 8
14 12 11 5200 6
12 8 3 3114 10
8 8 7 525 7
14 12 3 2394 6
10 5 7 1832 4
2 5 1 1670 5
1 15 8 4656 9
4 2 7 3430 1
5 12 7 738 1
6 15 10 2196 9
15 5 11 44 4
13 6 3 1498 9
1 5 4 5100 6
15 15 9 2700 4
4 1 10 1342 5
3 1 2 8043 1
15 8 3 2430 2
1 4 15 5568 1
13 11 9 3171 5
14 10 12 6042 8
6 15 5 2124 9
9 8 12 1826 8
13 9 10 7161 6
14 11 2 208 2
12 2 12 1860 10
9 12 8 1485 1
2 4 7 2873 1
6 3 10 4560 5
11 1 1 6720 5
6 5 6 2034 4
10 3 15 3580 1
6 9 10 2640 2
8 12 10 2310 2
14 3 9 4422 7
10 14 2 4680 10
6 8 6 6342 10
9 12 7 640 6
14 5 11 2632 7
3 14 11 374 8
4 15 9 1760 1
10 12 11 472 2
10 3 10 2743 5
15 13 9 2254 8
13 7 2 1056 8
5 14 2 592 5
9 3 14 3828 8
11 8 15 4323 3
14 4 2 2376 6
2 6 9 2394 2
9 5 15 572 5
4 1 10 1815 4
12 14 7 2796 1
13 3 9 756 1
4 15 4 2504 2
14 5 10 371 7
1 1 2 1617 3
9 4 1 7164 2
13 15 3 3525 6
9 10 9 2436 3
15 7 6 2641 1
11 3 8 1820 5
13 13 1 1561 3
15 1 11 6528 2
3 4 2 4956 1
7 12 7 3372 1
8 15 10 3458 4
5 3 7 3377 2
9 2 6 2464 9
1 14 14 4811 6
15 6 12 420 4
4 9 15 3990 5
5 4 13 3600 2
11 2 12 294 3
12 9 11 1802 6
1 11 7 1800 4
6 10 13 1701 6
12 7 13 5220 6
5 7 3 3640 7
5 7 13 4268 9
10 10 14 3960 5
6 4 11 40 7
8 2 4 5520 2
10 12 15 483 10
9 12 11 3096 7
11 1 9 2058 1
5 12 5 2250 9
8 12 12 2898 10
8 9 8 4536 5
4 11 4 3470 8
3 3 15 4032 6
9 13 6 3159 8
1 10 8 8295 1
5 9 6 1980 4
2 11 8 5060 1
7 15 3 2760 3
15 8 3 602 8
11 2 9 3546 10
5 12 13 7350 8
12 8 1 3060 6
2 2 7 24 7
7 3 7 1904 7
7 11 3 1540 7
7 3 12 2120 10
9 10 12 1638 7
6 12 2 6409 10
15 10 11 5780 7
14 5 14 720 9
3 5 13 2208 2
2 12 12 3560 7
14 1 6 8052 2
2 3 9 3424 9
12 15 3 5187 1
4 7 5 3421 7
3 9 15 6768 3
7 10 8 2540 1
5 15 13 3888 10
15 12 4 248 2
7 1 9 98 9
13 14 1 3150 9
12 4 14 1692 9
9 9 12 867 4
9 6 7 799 8
5 7 1 1470 7
13 15 6 420 3
1 8 3 2665 2
12 6 12 4503 6
14 3 14 6657 4
6 9 4 1375 4
9 1 7 3667 10
3 4 14 1001 6
4 3 1 2506 7
3 11 10 3429 6
8 15 3 5175 1
14 4 15 1952 4
14 10 3 945 8
6 10 12 1331 3
7 4 10 1326 5
14 11 2 2198 3
8 3 11 240 8
8 1 11 648 6
13 1 10 4578 1
8 1 1 2888 5
6 3 12 4896 6
11 15 12 1911 10
9 12 15 1152 9
10 7 1 3078 4
15 13 6 2952 9
2 4 4 5670 6
8 12 14 5649 8
9 5 15 2205 5
6 13 11 4284 2
11 6 12 4780 10
2 11 10 2576 4
13 12 5 680 3
3 2 3 1520 2
2 3 7 4704 9
5 9 4 1092 5
13 9 10 3806 8
2 1 4 2808 10
13 4 14 6111 8