50
49 48 14 430 6
47 27 26 1162 7
7 40 4 322 5
34 42 27 1590 3
46 44 1 605 6
40 12 4 1195 7
28 36 1 1758 1
36 48 19 743 9
36 38 11 1738 6
47 35 29 1628 6
27 43 41 1524 9
6 25 21 818 3
30 39 17 954 3
28 23 16 1459 1
36 38 5 50 6
2 20 14 1831 4
24 20 48 1396 7
16 36 46 1072 9
8 13 14 1086 5
8 2 35 453 1
43 21 46 1093 2
11 5 7 1673 9
18 29 15 1229 9
35 11 13 571 2
17 21 32 1271 6
2 47 30 1619 6
17 28 11 262 3
8 16 35 1481 7
3 24 1 1072 7
45 18 16 1628 3
38 15 25 1090 3
17 46 29 1520 2
40 44 14 1635 1
41 5 48 110 4
34 3 31 1275 8
35 25 15 95 3
27 17 31 1557 6
46 11 8 318 8
24 11 37 963 1
42 7 23 851 5
32 45 20 1672 6
49 19 11 501 4
26 5 8 1619 7
10 26 9 1464 4
1 31 39 354 6
9 29 3 637 8
4 14 23 1617 1
2 17 7 953 1
49 28 3 1775 6
17 34 23 1201 5