500
3 9 13 5198 8
46 35 29 1860 8
43 10 17 6644 4
2 38 41 11464 7
24 24 6 3785 9
20 39 38 10702 1
12 21 28 9772 8
17 8 30 760 4
38 36 20 10942 5
38 28 20 12480 4
44 2 33 6786 4
12 48 42 11490 7
29 9 16 10689 1
45 33 17 483 8
36 17 23 1409 1
7 31 12 12235 1
41 2 14 14575 7
39 38 36 2335 6
13 21 28 17565 7
47 12 38 15193 6
7 28 11 3706 5
22 11 21 14184 8
48 16 24 4746 5
45 8 39 17841 4
17 16 17 1084 4
23 28 33 18361 4
15 43 11 8163 9
34 37 36 7521 2
41 33 10 9790 8
8 35 20 17260 4
17 26 26 15327 3
14 43 31 10867 1
7 27 42 6264 6
6 21 32 3267 2
9 13 30 4889 2
33 26 17 2870 6
30 18 9 3603 5
6 27 31 227 9
32 39 47 16474 4
48 24 12 2542 4
31 22 6 6760 9
23 44 47 3529 9
29 13 34 11071 7
36 15 28 15511 8
30 40 3 1444 2
39 24 15 12923 9
14 32 32 14340 3
28 46 19 8520 9
20 7 41 7513 1
27 35 16 8337 7
14 39 24 2065 6
31 34 15 15577 4
18 23 8 13662 3
7 25 24 10066 2
2 8 40 4281 5
18 49 10 12596 5
29 32 48 11793 1
27 18 49 8820 2
37 48 43 14095 6
44 11 9 4911 6
33 40 42 17251 2
21 45 14 6537 2
13 18 6 9281 1
42 41 19 3026 2
42 14 18 10372 9
18 34 2 12922 5
15 15 21 11142 7
28 20 12 13598 2
2 19 29 8816 6
42 14 49 2042 9
35 4 19 2212 6
1 3 6 4795 2
39 41 21 13114 3
45 14 20 6641 6
49 8 19 12647 6
35 12 22 15230 6
29 17 1 639 6
41 30 14 16985 5
29 1 5 10378 9
7 35 42 9450 1
7 11 2 10706 2
14 8 29 14197 8
35 9 18 12635 5
13 37 2 15311 8
36 1 41 12895 2
10 5 19 3036 9
11 17 47 16402 4
11 25 9 15338 8
37 26 39 11498 2
45 14 29 18345 1
22 21 7 16012 6
39 42 13 9830 6
6 9 14 6691 3
9 41 6 1448 2
47 20 44 14098 3
34 43 43 13925 3
31 15 1 17288 8
19 4 32 11788 9
3 49 41 6406 8
20 22 23 17566 2
12 2 19 13013 9
38 17 9 14467 8
9 40 45 15459 7
28 1 41 4211 6
34 29 32 3489 3
28 11 35 11953 1
49 6 7 9073 9
47 40 3 15935 3
47 7 5 703 2
2 46 10 1796 8
30 9 23 8951 9
40 23 42 15614 6
14 12 14 1170 4
5 6 46 17362 1
23 21 20 18412 3
40 31 37 7599 2
22 13 42 9828 6
43 2 14 15649 7
44 13 1 2217 2
32 22 39 15321 2
18 19 11 16317 5
19 3 20 15899 4
44 1 21 6296 6
48 35 47 7424 4
17 1 9 14225 3
38 14 5 8978 8
33 42 36 16124 7
25 25 30 1794 3
20 35 38 6394 2
24 25 26 2300 7
37 15 18 16704 7
21 34 30 2686 3
45 36 9 17176 9
44 33 47 4759 7
2 49 20 4292 1
31 38 27 15486 3
16 9 9 17757 5
19 44 19 16608 4
27 36 48 16881 4
21 1 41 2811 8
46 16 39 15922 5
2 11 24 75 4
39 41 14 5879 8
47 46 35 14367 7
44 33 18 4809 6
45 40 21 18097 2
30 40 29 14438 4
37 10 37 18261 5
39 42 1 18109 2
36 24 49 3169 5
4 29 26 14013 2
44 35 4 15690 9
6 9 33 12339 1
47 24 38 1839 3
29 25 41 9589 2
23 5 7 18436 7
2 42 12 15570 5
49 18 4 4393 5
3 12 11 17840 4
43 3 2 7199 6
41 17 9 14565 1
38 22 15 14462 1
26 27 19 2086 6
36 38 12 601 9
39 19 40 770 6
24 47 2 14475 6
29 28 25 1369 4
27 25 32 7514 4
4 25 30 13093 4
6 20 31 11894 2
42 38 9 8496 7
28 4 34 346 5
43 23 43 5566 3
26 2 9 1111 4
33 25 20 11045 7
48 37 6 2681 2
22 3 25 2133 3
35 19 31 14391 9
17 22 4 12773 5
35 19 1 4888 5
9 16 43 4949 1
47 46 6 4884 1
24 6 35 7004 5
35 4 5 15544 5
10 33 13 3869 1
32 13 14 6425 9
7 23 12 6914 3
20 5 49 5917 9
44 40 29 16601 9
21 5 15 13016 7
37 7 49 12588 9
20 5 36 15117 7
1 41 33 6991 3
42 36 15 2547 8
39 26 27 3046 4
29 8 48 16587 7
2 4 36 3097 2
14 2 35 11896 1
28 48 1 11575 7
21 37 28 908 1
48 37 36 8497 7
1 41 42 15575 2
26 19 48 17725 4
39 5 12 13011 8
40 36 41 10284 1
39 2 16 8629 9
19 9 47 2088 8
30 35 39 4441 6
21 25 2 7546 6
25 44 28 11798 7
46 16 13 11629 7
9 2 34 3693 3
24 45 17 7758 3
48 35 18 18142 1
20 41 1 10525 1
19 1 47 5443 3
17 25 34 7614 9
9 26 13 7947 9
49 5 20 530 5
20 17 26 18247 4
16 33 14 15786 8
15 14 24 13606 8
19 12 38 10540 6
26 11 47 14376 2
3 14 15 10984 5
18 22 6 11346 3
2 3 42 18185 1
26 45 12 18381 8
17 28 34 8209 7
31 9 18 1862 6
41 15 49 16467 2
6 40 3 14966 7
4 8 24 4019 9
25 14 28 1540 3
20 44 31 3165 6
47 36 5 10152 4
20 7 30 1788 8
14 26 10 3270 9
32 11 42 14816 8
23 11 1 11152 6
9 48 44 3610 6
11 44 22 9209 9
36 34 27 11591 2
20 24 15 11040 8
17 4 42 8426 4
31 12 42 15194 5
38 47 38 10039 7
4 17 1 6386 7
29 4 4 11215 5
27 42 29 10628 3
19 5 24 10246 4
42 20 22 9974 6
44 7 34 6885 1
13 14 12 5032 3
7 41 47 13340 8
20 47 28 11834 6
28 35 41 6514 6
17 26 34 15207 9
43 17 49 7476 3
48 1 26 13608 4
30 23 49 7789 6
38 43 27 10355 4
41 48 44 13183 8
15 17 37 15292 2
13 37 22 484 9
37 29 48 754 9
24 9 8 11326 2
6 17 11 10353 6
9 40 29 6524 9
46 29 18 15916 5
40 31 27 1401 6
13 45 11 8803 9
22 39 16 11297 4
4 48 41 423 9
23 35 31 16069 8
48 7 25 4269 7
47 6 21 782 3
1 10 1 14754 5
16 26 9 11498 9
33 20 15 6159 7
21 21 17 17351 3
20 39 44 6801 9
35 8 15 13184 8
49 5 41 18478 6
10 47 32 4086 8
25 48 23 14263 8
43 49 37 10886 1
43 26 46 7499 5
17 49 34 15457 8
44 42 23 17499 7
31 24 9 7181 1
43 2 10 6002 4
48 5 12 8943 1
45 43 43 16718 8
1 17 18 14433 5
39 7 1 11139 2
35 9 49 12231 9
10 7 37 410 7
34 45 38 8224 2
13 14 2 4584 1
20 36 38 2807 3
38 23 26 12022 7
2 23 26 14467 1
5 19 34 102 2
15 46 43 7916 9
46 13 4 17061 4
42 40 11 8977 5
23 7 44 10597 2
14 2 32 18234 8
47 38 22 7072 6
19 23 12 6815 3
13 46 11 7161 6
1 46 19 6868 3
29 45 32 13188 6
13 40 38 14404 6
36 15 19 14180 6
1 36 20 8950 3
36 20 25 1805 4
11 21 39 13287 4
13 2 41 4847 5
12 36 40 6015 8
1 41 42 8456 6
38 28 20 7509 8
2 28 10 3355 7
8 15 48 18432 2
8 21 24 3860 8
44 30 26 15296 7
25 11 36 9877 7
27 4 40 3458 2
39 44 28 181 3
6 2 2 8550 8
14 6 8 5559 9
45 36 5 16523 5
5 27 38 5041 3
24 11 33 11414 4
12 24 4 15380 8
2 6 23 7841 6
25 27 39 12769 7
37 49 49 14434 9
17 31 7 16003 7
2 11 39 1221 7
20 35 27 6969 3
6 23 10 4537 9
40 40 48 15945 9
38 41 36 13190 3
27 16 25 15462 8
37 43 21 10009 6
5 3 38 17127 8
27 43 27 10894 6
22 19 27 1462 9
36 2 1 13084 1
27 12 26 6106 8
23 20 31 12476 7
20 40 13 15083 5
38 30 39 9546 1
14 46 12 1209 6
37 12 47 9774 7
49 30 46 6125 3
19 48 8 3831 7
37 13 39 4093 6
34 17 27 3502 2
45 1 32 12985 1
23 4 17 16037 6
9 1 37 2180 5
47 10 42 5524 6
29 43 5 5576 1
23 12 31 13802 3
7 4 31 14033 3
27 13 17 4552 2
34 48 40 9505 6
30 39 6 18459 6
23 2 44 15166 1
4 38 1 11640 7
47 17 44 10720 9
29 8 46 2101 2
26 19 37 8881 7
38 17 2 16002 1
32 26 32 15285 1
5 8 39 9771 5
7 25 12 4431 4
20 23 9 2240 6
40 7 48 1991 2
48 49 8 10614 6
36 24 24 16810 6
43 49 11 14053 7
18 4 42 13356 7
18 35 16 4088 8
35 42 47 13507 5
48 10 25 3332 9
7 32 30 202 9
7 13 46 7329 4
46 44 1 15059 3
23 5 17 1060 3
40 24 46 3870 8
8 44 25 9048 3
39 23 12 15595 3
35 36 13 13285 7
7 10 39 1403 9
12 26 4 11294 8
29 48 8 5159 4
35 39 48 5911 8
7 3 44 13940 1
1 28 4 2533 8
5 41 6 280 2
25 36 15 15716 2
33 26 30 4412 6
23 14 30 6106 8
33 35 7 4527 3
23 39 10 2751 2
37 15 45 7292 7
15 1 38 1848 3
12 45 34 12356 6
19 21 15 17890 5
27 21 15 10604 8
19 26 33 1754 3
37 14 23 12612 3
15 9 32 3057 5
35 44 48 15198 6
17 26 9 1998 3
13 33 21 1334 1
45 8 48 8785 7
18 26 31 9393 9
31 24 47 17762 6
14 45 16 301 5
14 38 13 16379 8
31 15 15 10269 4
49 5 16 6520 8
33 32 28 16032 3
44 40 26 2270 8
8 25 31 5183 3
25 18 32 4571 1
13 30 49 5956 3
21 39 35 16625 4
31 41 21 3564 4
42 24 11 3791 7
22 6 1 926 5
1 11 38 16089 4
47 45 5 5495 4
37 39 10 12455 8
7 5 23 5098 7
40 8 33 808 5
9 28 45 17648 8
25 25 10 12046 2
23 9 40 568 8
7 15 49 2597 5
15 32 31 13950 8
35 44 19 17118 8
4 42 16 12788 4
9 27 11 2157 6
29 5 36 2041 7
43 39 8 4288 8
24 3 11 8331 4
49 30 43 4879 7
29 18 1 11954 2
45 29 2 10352 2
39 15 37 2378 5
16 14 49 10062 7
26 13 48 5806 5
27 19 41 16984 9
8 48 17 8760 8
34 33 8 9148 9
36 6 29 10848 5
37 23 12 5961 1
27 6 40 14497 7
41 24 28 4723 7
14 17 4 4748 8
13 16 37 13526 6
48 18 3 5737 5
36 46 9 14885 8
9 45 26 9595 9
11 21 16 17453 6
41 9 26 7710 8
19 26 15 18237 3
15 10 28 7532 3
37 32 36 7211 9
49 24 30 14299 1
10 28 40 11888 9
40 9 31 10877 9
7 21 1 6582 6
24 26 7 14119 7
23 23 3 9531 4
20 3 20 3165 9
42 24 36 13219 5
43 1 7 13631 1
14 39 29 2977 1
4 18 19 1885 8
12 44 48 7131 3
8 8 48 17226 2
10 47 8 4243 5
22 42 4 13314 5
16 1 32 18300 3
37 9 46 3338 5
22 38 22 1709 5
18 49 3 8084 5
34 27 40 9401 7
38 11 35 17424 3
21 28 43 5994 4
19 8 15 8086 2
22 42 17 8542 2
48 3 16 9639 2