400
5 12 7 2735 1
4 9 13 1421 7
5 11 12 3122 5
13 13 13 2004 8
5 5 4 2103 6
11 6 5 1273 2
13 10 7 2848 2
1 5 4 18 5
15 12 12 2813 5
15 1 7 2190 8
2 12 13 2521 8
14 5 11 1075 9
10 7 10 673 10
10 14 1 59 7
4 7 15 3181 9
7 2 9 2955 5
12 6 5 748 3
3 13 8 3179 10
6 1 7 2842 6
8 9 12 1532 8
1 2 2 1028 10
9 4 15 1162 1
1 5 15 2278 8
9 10 8 435 3
2 15 5 2753 10
5 5 14 1202 1
9 9 4 526 3
4 9 1 2579 8
5 15 11 923 2
2 5 9 2362 9
10 9 7 3015 4
6 15 9 1299 7
14 3 1 325 10
8 4 3 384 4
1 15 10 1209 1
14 14 6 1382 2
5 7 1 685 10
10 12 10 3159 6
6 13 14 2231 10
14 1 14 2200 6
15 10 14 2720 9
7 15 7 2888 10
6 6 12 187 9
6 2 8 2806 7
3 14 7 817 8
9 13 8 990 1
4 10 9 2010 7
14 11 5 2328 7
4 9 3 3188 8
6 15 5 1340 8
2 2 9 3113 3
5 6 3 1257 7
5 3 1 1018 5
15 9 5 3138 8
5 12 8 1317 8
10 2 3 2319 10
15 4 3 2960 2
10 11 11 1027 7
4 8 6 2254 3
9 15 9 1335 10
6 15 2 1182 10
14 7 9 2832 10
8 6 7 545 9
5 2 4 1856 4
5 1 10 740 3
7 12 9 1660 2
8 12 3 3186 4
15 15 3 1433 7
10 8 15 2259 8
6 1 5 316 2
4 12 4 1539 10
4 10 13 2858 2
12 14 13 1752 1
1 6 11 2629 8
15 3 4 332 10
9 15 8 1459 1
3 6 7 373 9
9 15 5 2644 8
7 3 7 1329 1
4 10 9 1929 4
6 10 13 3199 9
8 3 13 1619 10
13 5 4 3073 10
1 8 10 174 7
8 8 13 280 10
13 12 8 312 7
9 7 4 643 7
2 8 3 2564 1
13 11 4 93 9
5 3 2 429 1
8 3 9 609 10
15 10 7 1849 9
9 12 2 739 3
7 12 3 839 9
6 13 6 1800 7
6 13 14 1344 3
10 4 15 2549 2
2 12 9 1683 5
6 14 9 3151 3
4 7 10 419 6
5 14 11 420 2
13 1 12 351 4
12 10 9 2677 4
10 8 3 146 6
11 8 13 2003 9
10 3 5 751 10
6 4 6 41 5
3 3 6 2685 8
8 13 12 2948 4
11 4 3 1856 4
9 7 4 34 8
7 8 15 3169 10
3 6 12 2772 4
8 11 3 2173 7
11 12 2 2712 10
13 14 2 2942 9
11 5 14 3084 1
5 1 5 1904 4
3 15 9 1504 5
3 3 4 1262 1
1 6 9 997 6
8 9 13 2568 6
12 2 12 192 5
7 12 8 1622 8
13 10 11 2950 5
1 2 1 2443 3
7 4 10 2700 3
4 14 15 2268 9
9 7 14 1267 7
4 14 7 935 6
12 3 4 1258 2
6 2 4 548 6
14 8 4 2666 7
1 2 9 814 10
13 2 7 1791 8
2 5 2 1650 10
7 6 11 2230 8
14 15 15 3028 8
7 12 6 3031 10
9 15 13 2979 2
11 2 13 212 5
3 12 13 2548 6
9 8 10 1981 1
1 4 15 162 6
12 1 15 2795 9
12 12 4 609 7
1 15 8 2920 1
3 11 1 2852 2
5 9 2 2005 9
11 1 9 2939 4
14 9 10 1754 9
14 14 7 78 2
11 14 12 1379 6
14 8 6 279 1
7 4 2 2499 2
9 6 13 2626 6
6 15 14 912 10
9 6 9 2155 2
14 3 6 1263 10
3 9 10 1357 7
12 2 5 2573 9
5 8 10 2044 3
10 15 9 1208 9
5 5 6 1941 3
3 11 5 1411 5
3 5 3 2941 2
10 15 6 835 10
9 3 10 1325 6
2 12 10 420 3
14 13 8 1311 5
2 6 2 2705 2
8 9 10 3098 5
6 13 8 501 5
2 12 3 1393 2
15 13 9 92 7
10 5 2 728 5
10 2 8 2554 8
1 15 13 2155 1
9 2 14 702 4
7 15 15 619 1
2 3 10 2859 2
10 1 6 1162 4
1 11 6 946 9
15 7 15 844 2
7 2 9 3146 7
14 9 4 2934 2
9 6 13 1541 6
2 8 11 1096 1
9 15 1 173 3
2 2 9 3192 4
10 9 7 2722 1
11 10 4 1511 2
6 7 1 851 1
10 15 14 239 10
10 2 9 2613 4
2 4 3 713 8
5 11 7 2030 1
5 13 12 1824 3
9 9 4 415 2
4 6 3 592 1
4 2 3 2047 2
3 5 5 64 7
15 1 6 1170 5
9 14 11 2377 5
8 3 7 696 7
15 8 11 1228 10
11 14 5 1672 9
1 14 3 2291 9
7 15 5 1571 5
8 6 4 337 2
11 3 10 1867 9
5 13 5 2716 3
11 15 11 1534 2
1 15 15 1554 3
7 1 4 937 6
5 1 4 750 10
13 9 14 2155 4
14 13 14 767 8
6 2 11 1976 1
2 2 12 1182 3
3 13 15 1480 8
15 12 13 1802 9
2 11 3 1207 10
2 8 1 652 10
3 8 14 3071 4
9 10 7 2873 8
7 3 1 2524 2
11 13 2 1971 7
5 11 12 1131 10
6 1 14 1310 2
7 11 12 89 4
1 14 6 3125 6
7 12 13 3014 1
2 13 10 2032 1
15 11 11 22 6
5 9 2 421 5
4 14 12 1391 6
11 10 6 1891 7
12 3 12 2121 4
10 3 15 2430 8
8 6 6 915 4
4 14 7 421 10
15 1 12 2764 10
11 8 7 794 6
4 12 6 480 7
14 1 12 3154 8
13 9 13 1107 3
2 9 7 1380 2
9 5 14 1468 1
5 4 2 427 1
11 15 2 1399 1
14 1 1 2230 5
10 2 5 1098 3
2 2 4 2060 5
1 5 3 2315 3
11 2 2 221 9
2 8 14 1957 3
8 14 11 2189 6
14 1 4 727 1
15 3 10 1388 2
4 7 1 670 4
11 15 5 3012 6
5 3 2 2165 8
11 1 4 2111 8
12 2 15 3100 8
12 2 14 2193 1
12 11 3 283 5
9 13 15 846 8
10 8 14 2833 6
11 14 10 3069 10
8 13 4 1024 5
13 9 11 1476 5
3 9 10 1303 1
10 6 10 2792 1
1 1 7 2536 3
12 1 8 1866 8
11 4 15 1640 7
1 9 8 3042 3
5 7 14 1264 4
15 5 5 1591 8
6 2 4 1987 1
2 4 14 2899 9
1 2 5 959 9
5 9 12 3156 7
5 2 3 1497 10
6 10 10 467 8
14 13 6 133 6
7 15 2 2923 6
15 3 13 2477 10
5 6 14 637 6
1 15 15 2815 10
15 3 9 164 1
13 7 8 2637 7
6 6 5 1098 6
5 7 15 2518 10
15 1 15 814 6
11 11 7 596 3
6 15 4 2468 5
13 6 15 450 1
7 4 10 2177 10
14 8 2 1167 1
13 5 12 1691 3
12 3 6 1378 3
9 11 4 2585 8
15 6 8 1767 4
11 1 10 1716 7
8 9 11 758 4
2 5 8 2718 6
7 1 6 2390 9
4 14 11 2849 4
2 2 7 2617 10
5 11 12 2028 9
12 5 14 2833 4
4 5 7 135 7
1 5 13 2921 10
3 10 8 2486 8
10 5 3 141 1
2 7 14 1666 4
3 3 13 2356 1
7 15 15 2645 9
8 4 2 991 7
8 9 13 2396 8
5 14 2 1775 8
10 10 6 1552 9
2 15 12 509 2
14 1 3 1912 3
11 9 2 1750 9
6 10 4 2901 7
7 11 15 1885 5
8 7 7 668 4
15 13 9 1758 8
1 14 2 2207 7
1 3 11 2789 10
2 2 2 1413 6
12 3 14 1299 5
13 12 1 332 1
10 13 5 2952 8
13 1 3 35 1
1 14 15 95 6
1 11 7 760 6
13 7 6 905 7
5 15 12 1426 10
7 12 7 1196 2
12 11 3 2933 6
1 10 4 2825 8
9 7 8 2845 3
9 6 4 1570 1
13 5 5 2970 10
2 6 11 2754 9
13 7 14 2189 4
13 3 10 1047 6
5 3 12 2422 3
13 14 5 2616 6
14 13 11 141 1
2 6 13 494 2
10 10 1 1667 3
7 5 8 1342 7
8 10 7 3000 5
7 15 10 1160 6
6 1 7 2858 2
12 6 2 683 1
8 12 3 1966 4
15 9 4 1764 5
7 1 15 291 1
15 7 5 2049 5
10 5 12 575 6
4 13 4 796 6
13 13 1 2161 7
10 1 7 1517 3
5 12 2 3068 3
15 13 14 838 8
4 12 3 2688 8
14 9 7 1504 1
8 4 3 1826 5
7 6 13 2699 3
7 5 5 342 1
13 10 4 1188 4
7 10 6 1878 6
9 3 11 2984 3
14 4 5 335 6
15 7 13 718 5
8 5 9 1893 10
4 10 14 1721 5
1 6 8 2592 3
4 12 3 1014 7
6 13 8 1001 6
6 13 5 592 6
15 7 13 459 7
6 11 14 603 8
14 1 7 1770 8
9 8 3 2758 3
12 6 11 2573 9
13 3 1 2148 6
13 13 15 3170 6
2 7 3 1945 10
4 4 13 782 2
14 3 11 2828 10
5 4 3 501 8
9 6 10 993 7
7 4 4 2883 6
