300
9 3 7 639 1
7 7 10 158 3
9 1 7 528 3
1 7 2 586 1
1 8 4 83 1
5 1 2 473 2
2 5 9 171 4
9 2 8 790 5
3 4 7 246 5
1 1 2 866 1
3 2 2 327 2
1 9 6 224 5
4 2 7 783 2
9 8 4 866 4
3 7 6 799 1
1 8 8 103 4
2 7 10 344 4
3 10 3 378 4
3 9 8 333 2
3 10 2 441 5
6 7 1 43 2
8 5 9 434 4
2 9 3 610 2
2 1 10 613 1
6 10 7 112 3
7 3 2 459 5
4 10 5 561 4
6 7 2 457 4
10 6 9 278 1
6 5 1 652 1
3 7 1 430 5
5 9 9 757 1
2 7 10 243 1
2 7 5 517 2
4 8 10 899 5
3 8 4 50 2
6 8 4 373 5
6 6 10 438 5
5 2 6 539 5
10 1 7 553 1
3 3 6 74 1
5 10 2 194 1
8 3 5 594 3
6 10 4 498 2
6 9 5 94 4
2 10 10 875 4
2 4 8 84 4
5 5 2 83 3
1 3 9 795 1
8 3 7 287 1
1 2 10 789 2
3 8 3 663 4
9 7 8 406 4
4 7 1 360 2
4 9 6 439 5
2 3 10 896 1
5 4 1 433 4
9 10 2 618 5
9 6 2 666 2
7 2 6 558 3
5 6 4 653 4
9 9 3 622 1
5 6 5 867 5
5 7 4 579 3
2 4 3 334 5
4 4 8 351 4
8 3 1 361 2
1 1 7 825 4
4 4 2 353 1
5 4 8 241 1
2 9 5 649 4
8 4 8 624 1
3 8 1 162 3
4 2 5 598 5
1 1 8 850 2
2 3 3 176 3
6 4 8 421 1
1 1 4 896 2
6 1 7 445 4
10 6 10 304 4
1 3 6 181 3
7 1 1 740 3
3 9 10 340 1
7 2 10 51 1
8 5 1 752 5
7 5 8 77 1
4 9 4 713 4
5 8 4 810 5
3 7 1 505 3
9 6 2 48 2
1 8 3 777 5
10 5 6 225 1
7 2 9 374 3
4 10 10 644 4
1 7 7 822 1
1 8 9 461 1
1 5 10 725 3
9 1 7 894 1
10 5 5 430 1
5 8 2 430 5
5 3 9 574 2
4 5 1 705 3
10 7 1 878 3
6 9 1 536 5
4 5 4 834 2
3 7 7 451 3
2 7 1 587 3
4 6 2 212 4
3 5 7 613 4
1 2 6 618 4
10 1 4 746 5
6 8 6 835 2
7 7 1 162 2
4 10 8 285 3
3 5 4 723 2
5 2 5 188 2
6 3 4 200 4
7 4 2 87 5
8 1 3 147 2
4 1 3 526 4
2 4 8 456 5
2 3 9 330 4
1 3 7 453 3
5 8 9 358 1
7 10 8 325 2
2 3 5 645 5
9 4 5 241 2
4 10 2 36 1
5 9 6 884 2
10 7 9 522 5
8 4 3 306 3
8 4 8 353 3
9 7 9 737 3
6 10 8 798 2
2 5 8 783 4
5 8 9 532 1
3 7 4 343 2
10 6 4 783 5
2 2 4 228 4
9 3 8 213 2
1 9 1 609 2
4 8 7 520 4
4 1 8 806 5
9 5 10 484 2
8 10 6 749 2
2 9 6 442 3
10 8 1 400 2
7 2 8 290 1
2 10 6 836 3
9 10 2 380 5
1 1 4 827 4
1 1 8 758 2
2 2 6 114 5
5 7 1 805 4
2 7 6 42 1
5 1 6 299 2
6 10 5 46 2
10 2 2 352 2
3 9 2 324 1
2 8 9 200 1
1 4 2 862 1
6 9 9 652 4
4 1 7 174 5
8 6 6 65 3
7 3 9 408 2
1 9 10 581 3
6 3 2 799 3
7 6 5 563 2
9 6 1 380 3
3 9 1 96 3
8 7 6 345 5
4 9 8 424 3
7 2 6 868 3
10 1 3 399 2
10 9 9 249 2
5 9 10 798 2
9 7 4 796 3
2 6 8 529 2
9 6 9 188 1
4 4 3 134 5
9 9 3 739 2
1 7 1 187 5
9 6 1 682 1
10 7 7 208 1
4 2 9 577 1
9 7 7 812 1
2 4 9 129 2
2 3 3 664 2
3 4 3 285 5
2 7 8 842 3
5 5 5 669 1
10 6 2 254 3
7 8 5 621 2
9 10 10 158 3
7 9 6 789 2
7 7 10 297 2
4 2 9 775 4
4 2 3 87 5
3 8 9 285 5
4 7 1 225 3
8 1 8 543 2
6 7 4 277 4
7 1 9 847 5
8 2 10 688 3
1 3 8 157 2
4 2 5 293 3
2 5 5 881 3
7 10 2 403 4
10 6 5 365 5
5 5 4 774 4
9 7 6 685 1
3 1 7 606 5
3 10 10 437 1
2 10 10 194 1
1 4 4 105 1
5 4 8 520 3
3 8 2 214 2
4 2 3 220 4
10 10 10 563 5
1 6 5 296 5
4 1 8 111 5
6 5 7 429 4
6 4 8 181 3
8 6 7 473 2
4 5 1 504 4
7 7 7 89 5
6 2 4 576 5
10 7 2 776 2
6 9 7 135 5
2 8 3 712 2
3 1 3 335 4
9 9 3 854 3
2 6 7 566 3
10 8 7 789 1
9 5 1 479 1
7 10 2 425 1
2 9 3 788 1
1 3 5 317 2
4 5 4 156 1
3 9 4 302 4
10 6 3 534 4
7 7 1 322 2
2 6 9 742 5
4 9 10 423 1
10 8 6 269 4
4 8 8 875 4
7 3 7 277 3
8 3 5 56 3
9 9 4 459 5
7 7 6 762 5
2 6 7 339 1
3 2 2 552 2
3 9 9 732 3
1 8 6 102 4
4 10 7 900 5
2 7 3 314 1
5 1 10 825 3
1 3 9 776 4
4 8 8 627 2
7 8 8 198 4
10 8 5 519 5
8 2 2 627 4
4 6 4 32 2
6 4 9 776 5
8 10 1 273 1
4 7 1 759 4
3 2 1 580 4
6 7 7 577 2
1 9 10 364 5
2 5 6 675 2
5 10 6 447 3
10 10 8 718 4
2 3 4 402 4
8 5 7 862 2
7 8 5 812 2
5 4 9 629 4
6 5 9 880 5
7 5 1 600 5
9 7 9 757 5
7 5 3 724 5
2 3 4 855 1
1 1 4 453 2
10 10 9 147 1
3 3 8 746 5
1 7 6 696 5
8 3 2 550 5
6 1 5 372 3
6 7 5 848 3
1 3 3 235 2
10 10 3 764 1
2 5 3 61 5
7 2 2 468 3
3 8 4 35 5
7 10 7 221 3
5 3 4 482 1
10 1 1 71 3
3 5 7 47 4
7 4 10 878 5
8 3 9 489 1
1 7 2 691 1