200
11 20 12 243 3
2 13 18 763 2
3 19 8 712 4
5 8 3 406 1
12 14 9 478 3
13 17 8 557 1
17 1 10 738 2
16 2 17 542 8
4 7 16 511 10
19 14 2 131 10
3 7 19 108 2
4 19 11 469 4
9 19 6 645 1
15 1 11 189 3
8 17 13 668 7
9 9 18 212 1
7 7 13 821 4
1 2 9 791 1
13 1 3 546 10
14 14 18 145 5
4 4 2 94 8
15 19 1 203 10
12 14 12 229 5
4 18 19 308 9
7 2 15 542 3
13 8 16 83 4
6 6 13 780 7
19 3 19 54 10
12 12 14 86 6
19 18 4 758 7
1 2 13 285 3
2 14 14 680 7
14 2 9 622 7
20 5 16 46 8
17 13 6 539 2
20 14 8 64 8
6 13 15 457 3
9 6 7 149 10
6 20 15 454 5
16 5 8 330 10
6 6 2 469 9
18 18 6 581 3
6 17 10 514 9
3 3 11 202 7
15 3 9 503 1
17 20 6 666 1
13 10 3 519 5
2 20 5 162 1
11 14 5 752 3
13 18 13 425 9
11 11 8 229 7
6 1 1 141 3
17 7 6 299 9
10 4 10 254 9
6 20 19 479 6
11 5 9 124 9
18 11 3 106 8
15 11 13 412 5
9 12 2 165 6
19 4 17 748 9
12 8 8 184 6
8 12 16 482 9
1 20 14 498 9
7 10 13 876 8
12 15 17 224 1
18 14 19 285 4
14 13 16 379 8
10 16 1 594 4
6 19 14 884 1
1 13 17 471 3
5 16 12 591 7
17 8 6 661 9
14 5 17 558 9
12 18 8 430 2
4 2 1 539 4
5 8 19 448 9
1 10 17 157 8
7 2 14 265 6
6 13 20 342 1
18 8 3 117 3
7 17 10 445 8
17 10 3 394 10
6 18 16 506 5
2 7 15 592 6
16 6 20 806 2
9 9 11 369 7
2 12 5 885 8
14 20 1 149 1
7 4 9 47 6
1 18 3 420 5
5 2 7 718 4
6 2 11 255 2
8 7 3 456 3
6 6 19 751 10
7 20 3 322 4
9 8 17 424 9
9 17 13 664 8
13 14 4 549 1
14 1 18 317 4
6 9 12 689 7
1 3 16 467 3
11 8 8 784 9
11 19 14 224 7
5 17 15 651 6
10 8 12 175 5
10 18 17 249 3
17 14 17 55 7
17 20 19 655 9
20 16 10 227 10
9 15 3 90 6
8 2 17 634 9
15 5 17 261 10
15 14 4 594 6
18 4 15 773 4
10 16 20 523 6
12 13 15 112 5
2 7 13 253 10
16 8 10 581 6
9 7 15 130 1
14 11 17 486 7
3 8 8 556 3
4 8 16 837 2
18 11 12 438 9
17 10 4 279 7
18 20 7 520 10
8 8 11 685 7
5 6 18 74 3
15 6 18 515 3
10 13 4 310 5
19 7 13 702 5
3 16 5 484 7
4 1 12 130 2
8 19 15 692 7
8 4 12 710 5
3 16 20 594 4
8 16 4 351 2
6 14 9 214 1
19 1 8 668 5
14 15 17 314 5
19 7 4 485 2
19 17 13 72 1
16 13 6 727 9
16 11 3 409 7
16 10 4 139 3
13 20 2 422 3
10 19 18 677 9
14 8 16 709 9
15 7 3 412 3
4 16 13 358 8
4 1 12 17 9
10 1 20 196 3
13 14 17 231 3
17 9 13 714 8
3 5 3 710 1
17 19 7 232 8
12 16 2 593 8
17 4 17 337 10
16 7 20 445 8
6 7 1 596 6
1 12 16 872 2
4 16 19 731 6
2 7 5 624 9
9 16 12 323 9
4 15 2 422 9
2 17 14 486 2
6 1 5 170 1
15 8 15 290 3
14 9 20 312 1
7 12 18 452 3
9 1 5 659 9
19 17 10 276 1
7 13 16 385 1
19 16 12 270 1
16 4 1 257 8
13 2 8 32 8
1 11 1 57 5
20 3 13 585 9
20 18 17 119 5
3 11 11 601 9
19 20 19 588 10
3 7 14 263 1
15 1 20 620 9
10 5 1 390 1
11 8 15 410 3
11 19 16 797 3
1 15 18 158 5
10 9 8 163 6
4 2 9 602 4
1 11 9 163 8
8 2 12 315 4
17 19 13 117 8
6 6 9 585 5
2 5 8 541 3
3 16 10 213 1
5 18 11 534 6
6 2 11 545 1
9 18 16 63 1
20 15 11 352 9
9 4 15 932 1
10 17 11 67 3
