150
2 9 10 125 3
6 6 7 334 1
4 1 9 159 5
3 4 4 266 5
8 9 1 49 1
4 9 8 30 1
8 5 2 307 5
8 8 7 399 4
1 4 6 206 1
1 4 1 386 4
1 4 7 294 3
3 10 5 405 1
10 4 1 171 2
9 2 4 190 4
3 9 8 71 3
4 6 3 238 5
6 8 1 327 2
8 6 3 369 1
6 10 3 90 3
7 5 1 136 4
8 9 5 73 1
1 6 1 428 5
6 10 4 63 4
9 2 9 393 5
5 8 6 431 3
9 10 10 245 3
8 4 2 310 2
2 4 8 170 3
1 7 1 298 2
5 8 2 400 1
7 1 6 59 5
8 4 8 35 5
9 5 6 126 1
3 2 7 250 3
2 9 10 92 3
9 10 3 123 4
7 7 10 433 4
5 7 7 400 5
7 2 4 119 3
4 9 10 410 3
4 4 2 52 3
9 6 9 420 1
7 7 7 106 1
9 8 7 410 3
1 8 10 442 2
8 4 9 412 3
3 4 10 327 3
1 5 1 427 3
2 8 2 214 2
10 10 7 147 4
1 9 5 419 3
2 1 5 433 2
9 9 9 122 2
6 3 10 259 1
1 8 7 292 4
4 10 7 44 2
7 1 1 223 5
8 7 3 143 1
8 10 4 439 3
3 5 7 301 1
5 6 4 56 2
7 2 5 36 1
10 7 8 198 2
3 6 8 273 4
7 7 10 43 2
10 7 4 329 2
7 6 2 436 1
10 10 7 217 3
8 6 8 315 1
3 1 9 140 2
8 10 10 295 3
4 4 8 413 2
2 8 10 232 3
5 7 3 185 4
5 7 2 145 4
10 1 6 278 3
6 7 10 248 5
8 8 9 359 5
6 8 10 149 3
7 8 10 431 3
6 10 6 106 3
8 8 9 168 4
7 4 10 229 3
7 6 4 418 3
3 4 9 338 4
3 2 2 438 3
6 6 1 97 5
9 10 3 242 1
5 3 1 441 3
5 9 5 58 2
10 1 8 433 4
4 10 8 319 5
2 4 7 191 3
2 9 9 250 4
10 1 10 94 4
6 6 8 119 1
3 5 9 355 4
5 3 3 303 2
4 10 10 179 3
9 4 4 376 1
2 1 9 449 5
7 10 10 227 5
7 6 10 234 5
7 4 1 276 4
1 10 2 51 4
2 6 10 153 4
8 2 8 150 5
10 8 4 349 1
4 5 8 240 3
1 4 1 82 2
1 6 6 139 5
6 4 7 391 1
8 6 6 417 2
7 7 5 116 1
4 7 1 130 3
5 7 7 45 4
9 6 10 344 1
5 1 10 283 1
9 8 6 313 5
8 9 5 72 4
4 4 1 374 5
1 2 6 413 4
6 5 8 190 5
2 6 1 84 5
1 6 8 161 2
8 6 7 92 4
2 7 2 61 2
5 9 4 64 5
6 8 10 151 5
3 3 3 96 1
9 3 1 51 5
4 10 9 363 1
3 8 4 430 5
4 6 10 375 4
8 2 8 161 5
10 6 8 425 1
2 8 5 212 3
8 5 4 150 1
10 8 2 215 1
6 4 7 281 1
9 9 2 153 3
6 4 8 237 5
8 1 1 78 1
1 9 7 359 2
1 8 10 67 2
1 4 3 341 1
6 10 5 102 3
2 3 8 144 3
5 5 8 396 4
1 8 9 375 1