300
4 4 13 1540 7
10 8 13 864 9
4 10 11 2356 8
11 2 3 2244 9
10 7 11 688 5
10 9 4 1926 10
6 5 6 3834 6
1 5 14 376 1
7 1 2 1224 6
2 13 10 2109 5
8 2 11 2583 10
13 13 15 2086 10
11 11 14 2100 7
4 9 4 5282 9
14 4 11 1136 2
1 10 11 2196 8
8 13 13 360 5
9 2 15 3248 1
7 13 1 2220 6
1 4 2 1794 8
7 4 2 4913 6
1 12 9 4012 2
7 9 5 3234 7
11 15 11 945 5
11 13 6 3944 6
5 12 4 3468 2
12 5 3 3855 2
1 5 1 390 2
11 1 14 1140 7
12 3 6 1960 7
4 6 3 1485 2
7 3 11 276 10
8 15 8 4035 5
15 7 4 240 4
8 2 12 754 4
8 5 15 2064 4
12 2 12 1204 4
14 4 8 2700 3
1 15 10 1408 6
8 10 4 2223 1
10 14 3 483 9
1 8 14 4338 6
10 4 7 3640 6
1 13 2 875 10
13 2 14 2133 9
13 11 15 1500 10
14 9 9 2295 3
8 4 5 4140 8
5 12 8 2247 9
6 12 3 2900 8
8 7 3 4155 7
15 12 6 630 9
11 10 9 2730 10
2 11 9 2074 3
14 9 11 396 3
3 1 4 1275 7
7 7 11 3800 6
7 10 4 3872 5
4 11 3 1130 8
14 9 8 170 7
12 12 4 1190 5
13 13 1 4004 2
12 2 5 1209 1
9 15 11 3159 8
4 13 15 4020 6
2 7 13 4246 10
1 1 15 1673 6
3 2 13 5126 3
15 13 11 1488 10
11 15 14 2223 10
4 8 6 1744 1
11 9 14 1166 6
7 2 12 4161 2
6 10 10 1513 9
10 14 1 289 10
5 11 2 1232 5
8 15 14 2783 9
1 4 13 836 8
14 2 8 1386 9
12 2 9 210 6
3 7 3 1837 7
10 5 6 4199 8
11 4 3 1210 5
13 13 2 1176 9
11 7 14 3864 4
15 9 9 3570 3
6 15 1 171 4
7 2 9 608 5
2 6 1 4123 8
12 10 8 561 5
8 8 6 1029 5
8 15 7 3234 8
2 10 6 1096 1
13 6 7 2755 7
3 4 4 1570 3
12 11 2 1330 4
13 11 2 864 10
12 5 2 3280 7
10 8 9 1304 9
13 1 7 2254 4
5 10 14 946 2
3 10 5 117 4
8 7 8 1060 10
7 8 5 3783 7
6 9 4 1533 10
7 5 9 738 2
12 1 12 540 10
9 13 8 50 4
15 6 1 6174 8
10 14 9 4730 1
4 13 4 2002 5
15 2 9 2413 1
14 7 15 5038 10
8 3 6 1880 9
1 7 1 728 8
15 11 6 2856 9
5 14 7 2499 1
15 9 9 264 2
1 9 5 4275 9
15 10 13 671 3
7 12 7 672 3
3 6 1 2706 10
3 6 14 3145 5
1 10 11 1552 10
11 1 7 3564 3
6 14 12 5796 6
11 11 1 3430 1
12 15 6 4370 2
5 2 6 870 5
9 10 12 650 1
9 6 8 408 10
9 14 2 3180 1
8 1 10 1995 9
3 15 6 2529 5
1 12 13 2184 7
3 14 14 3380 9
11 14 8 3232 10
1 14 11 2548 4
15 11 13 640 5
5 11 7 2460 7
13 1 5 5292 8
8 6 11 168 6
11 8 1 2715 7
2 13 7 960 3
3 4 3 500 10
13 4 2 3402 6
6 15 15 1701 9
2 10 6 2596 10
8 9 10 224 10
2 4 10 3212 7
5 6 6 1170 3
2 14 11 3969 10
1 5 13 2830 3
13 7 5 3114 10
3 10 15 5500 2
15 10 5 1680 3
8 10 10 2227 10
11 6 7 4016 10
13 6 12 372 8
9 4 11 4014 3
11 12 13 3564 2
1 10 13 3500 2
5 4 5 615 7
9 2 15 2820 3
1 6 2 416 9
7 11 2 176 6
8 11 5 1248 10
15 15 11 3591 8
2 13 11 504 9
4 8 13 2674 8
13 1 1 3192 7
2 1 11 2448 5
2 10 7 1080 8
12 9 9 1057 10
12 4 15 2528 6
8 7 2 1484 7
8 1 11 2561 2
4 5 4 1841 9
8 15 15 5960 8
1 13 4 2352 10
4 6 15 3432 4
7 6 4 1400 6
5 10 14 840 10
5 10 13 966 6
3 14 12 26 7
7 8 14 3026 5
5 7 1 1870 2
1 5 8 973 6
12 10 8 1224 2
6 8 3 1404 3
5 11 14 2412 9
11 4 13 3706 10
8 2 13 1859 2
6 1 4 2160 3
9 15 7 54 9
6 5 14 2320 2
14 2 14 1610 3
4 3 11 2640 10
5 15 13 1316 1
8 2 8 1253 6
4 10 14 703 5
1 1 6 5742 1
10 12 11 2662 2
10 5 5 2232 1
8 4 8 580 7
11 15 11 1408 8
12 2 15 1897 4
2 5 3 1395 4
9 7 15 1036 4
14 1 15 3510 8
8 5 4 162 10
12 4 7 3540 8
8 7 7 1870 1
13 1 3 2556 10
9 9 6 2166 6
5 14 14 2301 10
2 7 14 1425 6
4 11 15 143 8
8 2 8 1778 10
13 12 3 4179 3
12 3 8 528 9
15 9 2 2211 7
8 12 14 112 7
11 3 1 938 2
15 2 9 88 4
4 2 7 1935 1
8 14 8 2937 7
11 6 9 1751 10
9 1 8 1092 3
2 10 5 105 6
3 10 13 2288 8
12 2 2 2385 8
14 11 5 2232 2
13 3 5 2121 10
9 5 7 665 7
14 14 3 3796 7
5 4 6 2736 9
15 11 7 2712 3
3 2 8 4620 7
12 9 6 1185 7
8 11 12 4828 8
2 12 6 1280 8
7 11 4 992 10
5 13 12 594 7
4 2 11 2660 6
4 10 1 3808 10
14 9 12 2192 3
6 2 11 2440 9
10 2 8 1740 3
6 1 15 1079 4
15 14 15 2656 7
7 13 1 2970 3
6 2 6 2100 6
12 12 14 1664 2
9 3 6 5083 8
11 15 3 4896 10
14 2 6 4560 9
8 13 5 3144 5
5 6 13 2299 4
11 11 10 990 2
7 1 13 4879 3
4 11 11 1560 2
1 10 2 490 9
6 4 5 3780 1
15 4 6 3080 3
3 12 9 767 3
8 11 1 12 3
6 10 10 572 4
5 3 3 644 6
6 12 5 2724 6
7 9 9 2400 3
12 15 8 1645 3
13 15 8 4032 9
7 14 12 140 3
3 2 12 4896 1
6 13 11 396 5
11 14 12 1442 10
6 6 5 2860 3
15 10 3 2110 9
2 13 14 896 10
3 9 14 950 6
7 2 7 1843 1
7 3 9 3237 5
10 11 5 4560 4
4 1 4 4440 6
9 14 1 2930 5
11 14 15 39 3
1 15 8 2907 4
13 12 10 945 8
15 5 15 1258 1
4 9 9 4104 6
4 1 4 4864 4
6 11 14 702 6
3 4 7 432 2
3 11 9 396 1
6 14 2 224 9
5 6 9 2660 3
11 14 14 5180 6
8 1 12 2538 6
5 6 7 2717 7