500
1 15 9 658 9
7 4 8 5740 10
13 6 1 6902 2
6 12 12 6340 7
5 4 12 10912 10
13 13 7 8484 8
13 5 7 5600 2
1 5 13 10017 5
15 6 15 5736 1
6 1 4 2816 7
2 1 5 810 6
2 15 3 8298 2
2 10 12 1159 5
2 8 5 2485 8
3 15 1 817 3
2 12 6 5328 2
2 6 5 8160 2
15 11 13 160 3
12 8 11 594 5
12 3 7 3653 1
6 6 10 2079 5
14 3 7 5922 1
15 11 6 3443 1
14 14 9 9933 8
15 7 15 342 3
2 12 13 1016 3
2 4 5 8106 10
15 1 9 1391 9
9 13 10 850 10
6 12 7 6111 4
4 6 10 3042 2
3 1 1 7917 2
4 14 8 2128 7
1 7 12 2783 3
5 8 9 4212 10
1 6 15 1000 7
3 10 4 1430 6
1 1 7 4785 2
11 13 11 5400 10
14 6 8 630 3
4 1 12 1716 10
14 10 8 5776 10
6 14 9 2590 5
13 15 1 10 5
4 2 14 1600 2
6 6 11 5600 10
10 9 4 2583 6
6 7 3 5652 8
10 12 14 4965 5
14 3 14 1841 9
12 14 10 4488 8
11 7 7 2960 5
14 1 7 4199 8
10 14 3 5844 2
11 13 7 275 6
9 12 5 7392 10
1 14 15 5805 8
5 11 14 5160 1
15 13 3 553 10
11 10 11 1921 2
2 8 4 3757 6
5 8 15 5814 3
13 4 6 5625 5
1 14 2 560 5
8 10 3 760 3
11 5 5 3859 9
10 6 14 1298 9
8 5 8 930 6
4 5 14 7524 3
1 14 10 938 5
13 9 15 518 6
6 7 8 858 4
8 1 12 4095 3
13 1 9 2055 10
6 9 10 1256 4
8 14 2 2296 9
13 15 14 4203 6
9 1 11 3296 2
3 11 4 7854 6
9 7 5 440 7
7 5 6 3497 4
8 10 9 48 4
8 7 10 6555 7
8 4 7 4389 9
4 7 1 3420 2
8 12 2 1720 6
1 4 7 2618 4
6 7 3 8420 8
13 2 10 910 6
4 8 12 3180 9
8 12 7 8946 9
15 2 8 6734 1
12 4 14 7296 10
7 8 11 8512 10
2 5 13 742 4
2 1 13 1566 10
5 5 7 440 3
3 3 7 2920 4
9 2 11 10956 6
5 7 7 3895 6
3 2 13 3150 7
4 15 14 4356 9
3 11 3 1144 3
11 13 4 5250 5
2 7 9 1947 4
3 1 14 4628 3
5 8 15 3514 8
15 12 5 8982 1
13 5 2 8496 5
5 3 14 477 2
10 5 6 6748 8
15 11 11 3500 3
14 10 5 1617 1
5 8 10 5239 6
14 15 9 3423 10
7 13 12 2030 10
15 6 13 3771 8
5 3 6 2484 6
15 5 14 5577 6
8 2 9 2079 2
9 14 9 5895 3
12 4 15 3220 5
2 15 7 1971 9
14 4 10 3003 6
13 6 3 1650 9
11 2 9 3640 2
10 8 9 3129 7
1 5 4 7640 10
15 2 14 3630 4
7 4 11 5152 4
15 8 2 320 7
4 2 15 5027 8
3 14 15 1180 6
1 4 1 8046 2
1 5 7 2943 4
14 15 1 3648 10
12 2 1 1176 9
1 12 9 352 8
12 6 1 10846 2
3 10 5 2160 8
14 11 4 5712 4
6 14 8 3111 8
9 13 3 1800 5
12 11 13 6613 10
2 15 1 8415 10
8 13 12 3440 4
4 3 12 4160 4
9 1 5 850 10
11 8 7 975 8
13 3 10 3318 7
10 13 2 3000 1
14 2 7 3208 1
10 9 14 1540 1
9 7 15 1035 5
2 6 4 1808 4
11 10 8 4374 10
4 9 8 5376 7
13 6 14 6363 5
10 2 4 2968 9
6 14 13 5837 4
8 15 9 4890 1
1 15 12 6384 8
1 13 2 450 1
7 15 12 7021 1
13 14 1 768 6
6 12 2 6441 2
9 2 1 3960 10
5 2 9 5796 5
7 10 1 3456 3
10 7 6 476 9
9 13 6 2200 2
8 4 15 6405 9
7 6 10 4680 6
8 12 8 6574 8
2 2 6 3015 1
1 8 5 6615 8
9 1 13 4736 9
10 3 7 4816 6
12 11 5 310 6
10 14 5 1586 5
1 12 1 2948 3
11 2 7 2040 3
8 4 10 945 7
2 7 9 3874 1
10 1 13 9177 7
14 5 12 4648 3
8 12 15 3700 4
9 5 2 28 4
9 9 10 760 6
6 1 1 2629 1
5 4 5 1935 10
1 3 7 6987 7
11 10 7 2715 6
3 1 15 1904 6
4 8 4 2925 9
1 12 10 10208 10
12 5 11 4097 2
15 7 4 5292 2
9 15 7 4600 3
2 5 15 5136 3
10 13 1 2304 3
4 5 4 4650 2
8 13 5 1504 3
15 4 4 1065 4
3 13 6 4977 3
11 11 5 6848 1
8 2 15 3080 2
5 1 5 4028 8
9 13 10 3744 1
13 7 5 1599 1
8 10 4 1876 8
1 4 1 5720 2
5 13 13 5838 3
4 14 10 8455 7
4 1 3 3720 9
11 7 7 5984 3
9 10 14 1791 6
3 3 6 3686 8
11 12 3 3237 6
11 15 6 2520 4
7 15 3 2637 6
7 15 12 3616 1
8 11 3 736 2
9 11 1 9548 10
8 2 8 4830 9
15 11 6 4108 2
10 11 6 9570 10
10 2 2 6930 6
15 15 2 7632 9
5 9 10 1995 6
15 2 10 3136 1
15 4 2 5328 1
6 10 12 2032 2
4 4 7 4437 1
15 12 12 5508 4
5 5 10 1568 9
10 1 3 9350 8
15 3 6 660 3
9 5 1 5520 3
9 14 7 76 3
8 7 1 7287 2
6 2 2 462 10
12 13 12 6570 9
3 3 14 7140 7
11 15 8 351 8
13 9 2 882 8
8 14 1 7665 6
15 10 6 4532 6
5 6 11 2662 9
1 14 8 5698 1
8 9 14 5324 7
13 14 1 1846 5
4 7 14 6477 5
13 14 5 2532 5
11 8 5 546 4
8 1 11 1632 10
9 1 7 2320 10
15 9 1 3173 5
6 7 8 5508 1
10 10 14 264 5
6 2 1 1425 7
12 8 1 3430 1
13 11 8 6354 6
7 11 6 846 5
15 8 8 1344 6
6 5 7 2244 3
2 2 7 4976 3
4 10 4 704 6
2 2 9 5980 10
1 3 11 3580 8
2 14 11 8040 1
3 13 9 4964 10
15 12 11 9580 6
15 13 14 272 2
8 1 3 2331 2
12 4 7 9080 8
3 4 3 8341 2
10 10 11 7056 6
6 10 14 2451 6
12 3 8 169 2
10 5 14 3920 1
7 12 2 2136 7
5 15 13 3621 5
4 2 8 7520 2
15 9 10 6188 8
2 11 5 6896 7
7 6 5 1855 3
4 15 2 4828 9
13 15 14 2436 4
15 14 3 2568 5
8 10 3 3281 6
7 12 5 7240 8
2 14 8 738 7
14 11 2 2848 10
6 9 7 7584 9
11 14 9 5346 3
1 13 4 6202 4
4 14 1 3072 3
8 3 4 1472 9
3 8 15 2478 6
1 2 6 1029 5
15 1 12 1254 10
11 6 12 10450 3
10 15 2 483 3
5 6 5 7980 4
5 11 10 5135 6
5 9 14 3014 2
6 15 9 4466 3
1 3 1 3780 4
3 9 6 1550 9
5 6 10 2919 4
7 9 10 8244 10
6 8 14 1010 9
10 15 2 3176 1
12 11 8 990 7
6 1 15 2552 10
11 7 14 7414 9
1 3 11 6928 4
10 10 1 5192 3
9 15 2 140 2
10 9 13 3720 4
15 1 8 3904 10
10 1 8 1890 3
8 6 8 2385 6
10 9 3 1280 8
4 12 8 3630 2
14 3 15 936 7
11 10 12 296 4
5 4 3 6790 10
7 3 5 57 10
15 6 10 2864 8
8 1 15 880 4
12 8 12 5126 3
3 2 1 7904 4
13 10 7 684 10
7 3 15 5130 10
3 7 15 2096 4
5 13 13 3751 2
13 7 1 1568 3
9 8 3 4935 6
5 13 5 4180 2
3 13 1 5263 8
2 9 2 6631 3
11 14 11 2800 3
15 9 12 1372 2
12 8 6 2398 4
11 11 2 1442 5
2 8 4 1813 2
12 12 6 2256 5
12 8 14 3042 4
5 2 7 1116 10
15 11 4 3348 4
4 11 13 1728 7
8 3 13 437 8
14 1 4 6511 9
3 4 1 1638 2
8 15 9 1528 8
14 4 15 1020 2
3 8 15 6100 2
12 11 5 2950 5
7 12 11 4320 8
10 14 2 5486 5
15 7 12 4849 3
9 10 15 189 9
10 13 2 2781 9
5 11 8 2780 9
11 2 5 1116 1
11 14 6 3234 9
4 14 13 1071 10
11 1 2 4368 5
2 6 5 5600 7
15 5 13 928 9
13 10 12 7362 1
15 2 10 5100 10
1 9 1 5863 4
14 1 3 1760 8
1 9 7 3472 7
8 14 3 3735 2
11 15 11 221 6
12 6 1 6300 8
10 7 14 7072 2
1 4 10 5320 5
10 1 6 3549 2
8 9 7 3636 6
9 14 3 4123 9
12 12 11 2330 6
4 1 1 1095 4
4 1 15 1561 9
12 12 5 56 8
5 15 9 1834 1
3 1 7 7372 7
13 13 6 1462 4
12 9 4 168 4
15 5 7 1870 10
11 13 6 3952 6
7 4 9 6804 8
9 15 15 6443 3
1 14 4 4332 2
5 1 15 2398 1
7 8 9 4095 4
13 5 8 2955 2
13 6 11 4624 5
8 11 14 4530 8
2 11 15 1998 5
10 4 14 5440 7
3 8 7 2265 3
1 1 2 2660 7
6 13 1 1411 2
11 11 9 8856 5
13 8 8 4620 1
3 2 11 1008 8
13 14 7 2484 4
13 1 10 4125 1
14 10 2 960 5
11 14 5 820 1
4 14 9 4910 2
15 2 11 4020 6
2 7 10 8607 4
8 8 14 5865 1
5 13 6 3154 8
3 8 11 5385 4
3 9 15 540 2
5 12 8 7038 2
14 8 8 3060 5
11 10 9 2925 10
15 8 4 1248 5
14 9 1 2520 6
9 10 15 1232 3
3 12 4 1932 5
3 1 1 4896 3
4 5 2 6447 9
5 15 5 2340 7
9 10 5 4014 8
1 12 10 4872 10
4 9 9 3704 1
13 7 1 88 10
1 10 1 612 4
3 2 5 1458 2
6 11 10 1630 6
6 5 10 4275 7
12 6 7 4935 4
12 15 9 2288 1
14 8 6 3430 10
11 11 5 84 5
12 2 2 65 6
7 6 12 836 3
15 7 6 7340 4
8 2 3 126 2
9 14 4 4592 5
10 4 2 7504 3
4 11 8 6588 3
15 1 5 588 4
2 12 3 6450 7
11 7 2 396 9
9 13 1 3432 2
8 2 11 5922 4
3 4 15 7144 5
14 6 2 9940 2
7 1 5 1691 9
15 14 13 1261 7
10 5 3 3168 3
2 14 14 4536 4
14 12 4 4620 10
9 13 1 378 1
8 3 6 405 3
6 14 8 3252 6
13 5 3 2748 1
2 2 12 7695 10
8 13 11 8398 1
7 15 1 4392 10
3 8 12 3460 7
9 10 15 3960 1
12 2 6 1968 10
7 14 8 3528 9
12 7 11 1968 2
11 9 10 3312 6
8 9 10 1836 5
9 11 5 5130 8
15 7 3 6380 8
15 4 9 5910 5
14 2 2 7960 5
5 11 13 1020 5
2 13 14 4914 7
15 3 2 4796 3
7 5 10 3855 8
7 15 13 3648 7
2 2 15 5966 4
13 9 12 357 4
12 2 6 2830 10
2 13 5 704 8
9 6 9 290 9
9 14 8 1001 4
11 5 15 165 9
14 3 11 1386 2
2 12 12 2002 1
10 15 15 1071 8
1 3 2 1512 6
7 10 13 3100 7
8 10 3 240 5
13 9 2 7348 5