300
11 14 6 1998 5
1 2 3 613 7
6 15 14 309 4
6 7 15 1716 1
6 12 15 711 7
2 6 9 948 7
13 2 9 942 5
3 3 13 1601 6
3 12 5 766 7
3 3 10 494 8
5 10 5 1869 2
6 12 8 194 10
7 13 12 1722 2
8 1 10 1733 8
8 1 1 759 6
3 15 12 2263 1
14 2 6 588 1
12 2 11 1337 7
11 8 7 23 6
9 9 11 848 6
8 11 3 1381 2
6 1 6 160 3
9 2 5 120 5
13 4 8 1484 6
13 15 7 1684 4
4 3 12 466 10
14 3 1 894 2
3 14 14 21 3
6 13 14 1669 3
4 1 10 940 5
2 11 4 2063 7
11 9 3 1165 4
10 13 7 604 9
6 8 7 813 4
9 14 10 2014 4
10 15 1 1704 4
3 5 13 1359 9
14 2 9 1850 6
6 12 7 71 3
12 1 6 1567 5
8 9 5 856 5
4 9 10 201 5
5 12 2 1282 7
13 15 13 1172 8
10 15 14 1782 4
5 6 6 312 9
10 14 12 2011 1
10 15 10 2031 2
7 11 6 998 4
7 12 9 50 10
5 5 2 1861 5
2 7 14 2003 10
1 8 13 344 3
13 1 5 1884 4
2 15 5 435 6
13 15 11 2042 9
3 2 13 851 3
14 14 1 238 8
1 15 12 1720 3
10 9 14 2115 10
10 3 1 1440 7
3 6 13 946 9
7 9 7 245 5
9 7 5 704 2
8 6 14 1887 2
11 3 10 1650 3
2 8 1 1115 4
14 8 6 1327 9
9 6 1 1589 2
4 13 8 1415 2
11 12 7 916 4
10 11 15 1454 1
9 11 15 1092 1
6 3 14 1385 8
4 2 11 20 8
12 8 2 2186 1
15 3 10 1710 5
2 1 9 578 7
2 8 12 483 5
15 6 5 759 7
11 10 8 974 7
12 3 5 489 7
5 7 3 2397 10
5 15 2 2353 9
5 10 1 2131 4
13 5 9 2392 2
2 2 14 2306 1
6 3 7 701 1
5 8 6 2182 2
6 7 5 707 6
11 1 13 923 6
2 14 12 2133 8
11 8 8 1302 2
2 9 2 2141 4
13 13 10 1741 6
3 11 7 1083 8
12 11 3 471 5
15 14 2 1316 7
1 14 2 955 5
8 6 15 1171 8
8 7 4 819 1
2 14 5 1230 4
7 11 7 1160 3
11 10 6 570 8
8 12 14 2074 5
4 14 9 933 2
1 9 11 1064 2
2 13 7 626 1
1 15 5 790 10
1 15 4 2375 9
2 4 3 2254 5
10 6 13 482 1
4 9 1 825 1
9 4 1 1429 9
1 13 9 1846 5
12 10 8 1264 2
2 6 6 1076 5
15 7 13 1656 5
13 11 13 130 1
15 2 5 2043 8
5 15 15 1037 7
4 14 11 596 6
4 15 11 703 9
1 11 13 931 7
9 6 10 667 6
1 5 3 1230 9
14 7 2 758 4
11 3 13 1899 8
5 4 9 1226 2
14 14 7 196 5
11 3 15 1915 8
13 9 6 1024 9
8 8 14 544 4
3 12 11 2340 4
15 8 3 1436 4
8 3 14 682 2
8 8 14 1627 8
8 3 1 1311 4
12 10 2 2189 6
11 1 13 1030 2
4 4 8 96 6
11 9 10 302 6
6 15 12 1989 1
3 10 15 403 6
13 11 15 210 10
12 11 2 1403 4
12 3 3 622 9
8 15 5 931 5
8 14 3 1523 5
2 5 10 306 5
1 9 13 2039 2
7 4 8 641 4
11 2 7 1482 6
9 7 8 757 10
6 4 7 1605 1
6 3 11 1935 2
7 7 15 735 9
2 10 8 1892 2
10 12 14 2250 10
6 10 5 2352 1
13 6 11 285 1
8 5 9 1660 10
2 2 7 107 3
4 10 1 365 7
9 8 1 1691 5
11 7 13 636 1
5 4 5 193 6
9 9 14 1517 2
8 11 15 315 6
14 14 8 1113 4
1 14 7 1133 6
7 8 11 816 8
10 12 4 374 8
14 7 8 1416 3
8 14 5 2213 3
12 11 11 1279 6
15 14 3 1229 8
7 2 10 2208 4
11 2 5 1682 3
13 5 14 2177 7
4 11 1 1465 5
6 7 14 64 2
5 14 15 110 9
1 11 11 2070 7
6 7 4 560 7
13 8 2 294 8
12 10 4 1716 6
11 6 14 1494 1
7 14 5 1055 10
13 3 10 352 6
7 1 6 1385 3
5 9 3 45 4
14 3 8 940 6
4 1 4 2364 4
14 1 15 1138 3
15 6 1 1644 2
3 1 9 1259 9
12 13 11 2393 9
3 13 13 2261 3
4 6 1 2199 5
4 12 15 2037 3
9 3 1 398 1
5 9 14 969 8
5 10 13 1810 3
14 11 4 1919 10
15 3 3 1507 6
11 5 10 2196 8
4 9 7 1033 8
14 3 9 335 9
13 10 3 1118 3
1 11 4 1830 9
5 3 5 1199 4
3 6 12 546 2
13 7 12 1018 2
10 10 5 2339 8
7 14 1 2096 9
10 1 6 190 8
12 10 15 1188 1
12 2 4 366 8
10 8 1 953 5
2 13 6 95 4
6 6 4 1767 6
11 6 12 651 3
12 14 1 507 10
14 6 2 2169 4
6 5 13 1552 10
1 11 8 459 3
10 15 6 815 2
4 9 1 854 7
6 2 10 277 6
9 15 13 1607 5
3 7 6 2354 6
3 5 7 124 6
6 9 1 2000 10
12 14 7 324 2
13 10 9 1663 5
7 15 3 1210 4
2 8 7 957 6
13 7 15 2033 3
5 2 7 1539 6
1 15 14 2228 5
2 4 10 1364 3
2 7 12 1499 5
8 8 5 2348 5
1 11 3 896 2
13 14 6 2221 5
15 3 11 677 1
11 3 12 2301 3
15 13 12 807 4
4 3 6 2194 3
3 3 1 513 1
15 12 7 1779 5
5 15 2 1169 3
9 12 4 2282 7
2 10 3 1455 3
11 1 13 1030 1
5 9 7 1753 1
2 11 3 2053 9
2 9 2 1090 7
6 8 2 1364 9
4 5 8 2060 5
12 9 5 1975 5
7 13 8 2271 2
7 1 13 912 3
5 8 9 2147 6
9 12 15 222 7
1 1 7 1855 5
9 3 8 371 8
3 1 2 575 1
6 7 8 527 9
9 10 8 1436 1
6 9 15 2150 9
12 13 10 152 2
7 13 13 513 10
13 15 1 19 4
7 4 6 337 8
14 10 10 910 7
9 15 6 609 10
8 11 15 1426 6
12 3 12 1817 3
15 11 15 1296 5
5 15 2 2000 5
9 10 13 849 3
11 5 14 1541 6
1 3 4 1903 2
3 7 2 1841 10
12 5 12 1780 1
8 3 5 1808 1
1 15 7 2313 6
7 9 12 829 3
2 3 12 1915 4
1 10 2 322 6
14 14 6 199 1
11 1 8 1836 2
9 8 8 1088 8
9 12 4 1247 6
14 2 8 220 6
9 11 15 338 6
12 7 4 1220 1
7 11 7 1914 2
