200
5 5 3 4032 1
4 15 5 2002 9
15 2 13 720 5
15 3 4 396 9
11 13 4 968 6
6 10 2 609 9
4 7 1 3402 1
4 11 8 952 7
14 5 14 3276 2
3 2 12 1952 9
10 11 7 2192 2
14 6 15 1020 10
7 14 5 315 5
15 14 9 1672 1
1 11 5 2674 7
14 10 2 585 9
13 6 4 2112 4
3 6 13 824 7
7 15 3 304 8
14 13 13 3040 5
14 11 7 2980 1
9 14 11 864 4
8 11 15 779 4
10 3 11 780 10
4 4 11 1218 7
3 5 5 1060 4
11 5 4 1080 3
11 8 4 1089 9
8 9 1 1780 7
15 9 5 1476 10
14 7 7 611 5
9 10 13 1332 1
12 13 15 2704 3
9 7 12 981 1
10 10 13 336 5
9 9 3 56 5
1 9 1 1208 7
9 4 15 3570 1
8 7 9 240 4
9 14 5 1500 6
12 8 13 2565 8
2 7 2 732 4
10 12 8 1947 10
2 7 14 152 1
2 12 1 242 6
10 14 13 360 2
2 13 12 1309 5
2 11 14 3781 4
6 12 10 1026 4
3 11 8 1062 5
2 14 10 3168 7
14 2 6 442 6
6 8 15 2988 5
13 9 13 686 2
12 9 13 1112 8
10 14 2 1343 7
15 1 8 975 8
8 15 7 465 8
8 6 6 640 6
6 1 11 1820 1
13 9 9 1254 1
9 3 6 2080 3
6 12 9 2992 2
14 12 13 1245 9
10 5 5 504 9
10 14 12 1628 3
14 14 9 3152 5
15 4 12 98 9
4 11 4 3024 10
11 5 5 1544 1
11 8 7 506 7
14 6 15 2175 10
14 7 6 2222 5
11 15 3 2037 5
14 3 9 1001 7
6 14 1 1290 3
13 1 2 912 5
15 8 3 85 2
9 9 3 1152 4
11 8 6 1278 10
6 8 12 3990 5
3 9 11 702 1
5 13 2 1776 6
12 11 3 2948 3
5 8 12 1260 7
9 7 10 1810 4
5 9 4 2171 10
9 11 12 400 5
11 8 4 473 1
9 5 4 1284 1
11 8 9 3401 1
7 11 15 924 8
3 11 1 1246 5
13 1 13 1320 5
4 12 13 4095 6
4 9 4 44 2
12 6 11 114 3
15 9 11 1071 9
9 15 12 689 5
11 5 9 152 10
3 2 8 104 7
13 3 13 1860 5
11 2 15 2703 9
15 1 1 1480 2
11 5 10 1000 4
2 15 8 666 9
8 15 5 2106 10
8 4 7 1932 3
6 12 5 2432 1
4 3 9 2100 10
6 11 8 1330 6
13 2 15 1340 1
15 6 11 1440 2
3 15 12 1462 9
4 12 14 2200 7
4 8 1 1640 1
5 10 8 16 5
1 11 3 2562 5
1 12 9 784 5
5 3 11 385 10
13 11 7 2640 8
12 14 4 3686 2
14 5 13 2310 4
14 7 4 1840 9
1 9 5 1560 3
2 6 4 784 9
2 6 7 992 1
10 10 3 468 1
4 9 7 730 7
1 8 11 1134 1
14 3 11 867 1
8 3 15 1848 1
12 8 3 176 8
1 14 13 3784 6
9 7 11 2548 10
15 13 4 1120 3
7 15 15 2170 5
4 12 11 290 3
9 14 12 1770 1
10 10 1 3024 8
9 8 3 510 4
10 3 5 1224 6
10 7 11 570 5
11 4 6 1764 10
3 3 9 1023 6
13 8 13 805 5
9 4 8 1890 5
4 5 3 432 4
6 10 8 2088 6
11 1 12 168 6
4 13 4 3002 8
3 15 9 840 8
14 13 14 580 8
13 6 12 280 8
1 3 3 1755 8
2 6 13 1562 2
4 13 8 8 6
3 9 8 286 4
2 6 11 1232 6
8 2 9 3384 5
2 11 15 768 5
11 8 3 2771 1
13 13 8 1017 1
13 4 10 1323 4
5 5 4 2275 9
11 1 1 656 10
10 2 1 238 7
11 7 5 1785 4
12 12 15 180 7
11 15 3 576 7
15 2 1 245 9
1 15 15 1524 1
12 15 14 66 3
13 14 6 1410 9
15 1 13 2400 4
1 2 5 2024 10
7 11 8 2512 10
7 1 7 1384 9
9 13 9 1965 3
5 15 15 1000 9
6 7 10 1547 6
4 15 1 1400 5
11 1 5 1360 1
7 4 5 345 8
14 15 10 3213 3
7 3 4 198 2
15 14 6 600 1
10 8 3 1242 4
14 13 2 190 3
15 8 7 1440 5
11 2 3 1314 2
7 7 10 608 10
6 1 11 950 4
11 2 6 2700 5
12 14 15 2604 8
10 3 11 99 3
7 15 5 760 7
14 8 2 966 9
14 10 3 658 3
8 11 5 968 4