200
3 3 9 556 1
9 6 6 134 5
4 2 7 245 5
5 3 2 438 5
8 9 5 462 1
6 5 4 357 5
9 3 3 146 5
4 3 1 371 5
2 2 9 272 5
3 8 6 359 4
8 6 5 30 2
4 8 2 176 4
7 8 9 373 3
5 6 10 440 1
5 1 6 390 4
5 4 8 327 5
3 10 2 200 5
10 5 4 162 5
3 4 5 489 3
4 3 2 170 5
9 5 1 286 3
10 5 7 351 3
6 2 2 266 4
6 5 9 465 5
3 5 1 551 1
8 2 4 431 1
4 4 10 474 3
1 2 1 313 1
10 7 6 255 2
5 9 10 493 5
6 4 9 433 5
1 4 2 167 1
1 9 1 84 2
3 10 8 36 4
1 8 3 155 5
3 6 5 591 1
1 8 2 59 3
7 9 8 525 2
5 4 8 298 3
4 8 9 65 2
10 7 6 76 4
8 8 8 93 5
2 3 4 344 3
2 6 10 201 2
3 3 1 205 1
9 9 5 564 3
8 10 4 521 1
2 10 8 449 3
5 3 3 478 5
1 3 10 445 3
2 1 9 326 4
7 5 3 56 5
9 3 7 316 3
1 9 1 60 5
10 4 4 364 4
6 9 1 197 1
2 4 3 512 1
8 3 7 391 2
2 2 9 144 5
6 1 8 157 5
4 10 9 35 2
5 4 1 574 2
7 4 9 409 2
4 8 6 503 5
7 2 10 268 3
3 8 10 122 4
10 9 7 469 3
6 1 10 408 1
4 10 5 137 1
7 10 10 102 4
9 3 2 389 3
4 2 9 475 1
8 5 9 192 3
1 3 6 497 4
5 7 9 316 5
3 2 10 210 5
9 2 6 214 4
2 10 8 54 4
5 3 8 502 4
9 5 7 222 4
5 10 1 552 5
8 3 3 340 2
2 8 7 480 2
5 9 8 497 1
10 3 9 593 5
8 9 10 217 5
10 1 5 320 2
9 2 6 432 4
8 1 4 37 2
5 8 8 479 5
10 1 7 105 4
9 3 3 577 2
9 3 7 225 2
1 9 5 307 2
1 7 10 326 3
9 7 7 88 4
2 3 3 518 3
10 1 5 384 1
5 4 7 106 1
5 3 8 86 4
9 7 10 152 2
6 1 5 490 2
7 8 1 469 3
9 9 10 342 4
5 2 9 375 2
4 7 7 501 2
3 4 4 58 5
7 4 8 393 1
1 8 4 134 4
1 7 6 432 4
9 2 10 102 2
3 4 9 81 1
7 6 5 192 1
3 8 6 208 1
3 4 5 580 3
5 8 7 252 1
5 8 7 50 3
2 5 7 77 5
5 7 3 165 3
4 2 1 454 3
5 1 5 512 4
8 4 5 222 4
10 10 7 330 3
5 10 4 234 3
10 7 6 100 3
4 9 6 35 4
5 9 7 49 5
1 9 9 516 3
2 10 6 178 3
8 7 5 434 3
9 9 1 344 5
6 9 10 291 2
7 6 4 453 1
2 9 1 546 3
10 1 9 366 1
7 1 9 497 2
9 9 2 393 2
4 10 9 392 2
2 4 2 357 5
1 9 6 216 1
9 5 5 281 1
4 10 8 339 1
1 1 8 317 5
8 4 9 507 4
1 1 7 453 4
3 9 9 97 2
8 10 5 462 5
4 2 10 332 1
2 3 5 587 1
2 2 8 129 3
10 9 10 480 3
9 4 5 125 3
7 5 4 350 4
2 9 3 246 1
7 2 5 463 1
1 10 2 302 1
7 9 8 212 4
10 7 3 116 3
4 6 1 422 3
9 1 4 161 5
4 1 1 100 2
9 1 6 544 4
8 10 7 338 3
2 6 8 365 5
5 2 5 31 5
9 1 7 453 2
4 5 5 394 3
9 2 3 480 4
1 6 1 101 5
3 3 5 62 1
1 5 9 104 2
8 8 1 240 1
7 5 10 144 4
1 7 2 220 4
8 10 2 574 4
10 8 4 495 2
7 9 5 451 2
2 8 7 55 5
5 5 5 482 3
5 5 7 187 1
6 6 2 517 3
2 1 5 115 1
3 6 2 576 3
4 9 1 192 2
5 1 10 206 2
4 5 7 485 2
4 6 2 198 3
3 10 4 239 2
2 4 3 124 2
6 4 10 136 2
4 1 10 162 5
2 7 5 420 2
10 4 5 589 3
7 4 4 566 4
4 7 1 200 2
4 7 8 542 2
5 9 3 287 2
10 7 2 396 3
4 3 5 158 5
4 10 7 356 5