50
5 6 3 109 2
1 2 9 117 4
4 4 8 89 1
7 4 10 145 2
1 6 8 146 3
4 8 1 57 1
2 5 8 79 3
9 2 10 50 4
7 8 4 114 5
5 8 5 69 1
4 1 4 102 3
8 2 10 136 3
5 5 6 81 1
6 6 5 58 2
2 4 2 148 3
6 5 3 95 1
7 1 2 40 4
5 10 6 47 5
9 7 7 66 1
4 6 9 91 2
8 9 9 70 2
5 4 4 148 5
10 7 5 124 3
6 10 10 95 3
9 8 3 82 4
8 2 10 70 3
4 9 1 44 5
3 2 10 82 2
4 10 7 86 5
2 3 8 123 3
7 2 1 82 4
1 7 1 142 1
4 4 2 53 3
6 9 3 70 5
3 5 5 72 4
8 3 2 133 2
7 7 10 131 3
7 6 2 79 4
4 8 9 125 1
1 1 2 66 1
2 9 8 117 3
4 3 3 110 3
9 5 8 58 1
4 4 1 30 2
2 5 1 63 4
9 8 4 102 2
10 6 5 137 4
7 10 2 84 3
2 9 8 92 2
7 6 4 61 2