300
3 9 3 1305 3
4 20 15 809 2
7 19 15 603 7
10 9 5 925 3
12 12 10 415 4
17 5 6 1270 5
18 5 1 251 3
14 5 11 950 2
7 18 20 118 8
16 16 13 581 10
16 1 14 499 3
19 15 2 856 5
3 18 1 232 8
19 6 8 713 8
19 1 7 83 5
17 3 20 209 7
10 12 1 1100 1
5 17 11 1014 3
11 19 1 548 1
3 1 1 682 10
11 19 6 128 6
16 6 6 330 2
2 5 12 222 9
4 7 18 155 4
8 7 19 944 6
1 17 17 1471 4
20 13 2 382 10
6 15 5 29 2
4 7 14 798 3
15 16 5 606 3
4 19 13 294 8
1 3 19 333 10
3 19 1 846 5
17 11 17 427 8
17 16 4 704 10
8 20 9 1186 6
17 8 9 591 4
16 11 12 1258 8
19 7 13 278 3
18 18 13 319 4
13 8 13 758 9
16 16 3 1148 8
1 1 15 371 9
8 17 3 595 3
6 16 18 678 6
10 14 1 774 4
20 13 11 134 4
14 11 4 832 4
18 8 4 1075 5
11 14 2 662 6
13 5 10 434 9
10 5 5 147 4
13 16 8 515 4
11 18 1 960 8
9 12 9 962 1
10 7 16 33 9
13 19 18 1397 4
8 11 18 278 3
1 15 12 230 4
11 14 7 1149 9
15 20 13 406 10
17 3 6 784 2
7 7 2 380 4
5 3 4 992 10
14 8 7 539 8
20 6 12 435 7
8 7 8 81 4
13 5 17 733 1
13 12 6 314 3
20 9 20 266 7
14 20 14 1242 4
6 7 14 422 7
20 13 7 836 5
18 16 10 78 1
2 18 5 712 3
12 11 1 997 9
8 6 3 908 6
3 6 11 1136 7
6 9 1 162 8
12 1 2 59 5
1 1 2 896 2
15 2 18 140 10
7 9 10 897 9
13 19 1 848 6
16 10 13 291 5
11 17 14 343 6
18 16 10 550 4
12 6 10 71 1
17 11 8 848 3
19 8 19 450 9
17 14 5 49 3
3 16 4 474 4
17 14 7 885 5
20 11 3 251 10
8 5 6 1103 7
5 4 3 438 3
6 20 4 470 3
2 12 7 179 2
17 8 12 378 8
20 14 8 942 2
7 12 5 39 6
11 4 17 870 5
16 1 2 319 10
17 13 2 793 5
20 15 18 1187 7
15 13 16 795 9
4 14 13 621 4
6 19 14 820 10
8 13 10 598 3
7 16 8 793 6
8 15 13 170 4
3 12 7 688 1
20 19 1 1224 5
16 17 10 266 7
17 5 12 1088 9
13 10 4 546 5
4 3 1 454 4
7 17 14 348 2
12 18 3 943 9
8 4 16 764 7
5 13 20 447 2
4 2 16 451 7
5 3 20 618 4
19 3 20 180 6
20 4 17 216 3
15 20 1 511 3
4 11 4 1004 6
13 11 7 967 8
4 11 13 547 9
18 14 19 289 3
3 6 8 232 1
11 8 13 789 6
9 19 20 1331 5
18 2 19 815 1
6 10 14 936 4
20 6 15 906 7
11 2 6 96 6
15 8 14 1261 1
7 7 13 418 6
18 20 9 408 4
5 6 17 289 10
16 18 3 720 10
8 3 12 652 7
11 7 7 651 9
7 5 1 1022 9
4 3 9 1239 3
12 20 2 653 4
1 4 1 952 4
18 6 13 672 4
20 12 18 695 7
10 20 18 444 4
8 11 2 450 6
5 8 12 337 8
15 5 6 515 8
10 16 5 902 7
3 5 16 391 1
8 9 4 1289 9
4 15 6 31 2
7 1 13 336 2
3 6 20 822 6
10 14 2 719 2
4 20 16 920 10
4 4 10 998 3
8 14 12 281 9
8 11 2 703 8
18 19 6 449 2
6 19 2 965 5
18 7 16 135 2
2 15 15 345 7
18 20 15 172 3
15 6 2 63 3
12 14 2 910 6
2 12 6 925 3
12 18 3 815 10
19 18 5 617 6
3 14 9 154 5
20 12 8 337 8
4 1 6 728 5
1 9 18 40 1
20 20 13 1330 9
4 5 10 354 7
7 6 12 196 4
14 1 20 735 6
7 4 8 984 7
20 9 14 779 9
6 19 1 1314 10
7 11 12 816 6
2 3 3 728 5
16 3 4 849 3
10 5 7 506 3
11 17 8 801 7
9 18 18 380 1
9 19 6 934 9
10 16 1 55 2
13 9 5 905 6
17 14 10 778 8
2 14 15 436 3
3 13 16 225 2
17 8 13 467 3
20 13 8 544 10
15 20 9 287 9
4 14 1 406 2
1 5 5 295 9
14 18 6 1317 7
7 20 9 146 8
4 2 9 1302 6
16 7 1 45 8
7 18 6 981 9
15 10 11 729 9
8 8 6 960 1
4 18 9 885 1
14 16 2 652 10
12 4 6 231 4
3 18 16 512 6
6 8 15 450 10
9 15 4 993 6
9 13 7 99 7
11 17 1 353 4
3 11 8 730 2
17 5 20 741 1
8 19 7 989 3
1 20 15 708 1
4 4 17 889 9
10 5 4 234 6
12 15 13 716 6
4 8 3 743 9
5 5 15 1174 9
17 4 10 868 1
20 12 17 107 3
3 14 18 528 4
2 17 17 509 1
4 20 5 1099 3
8 20 16 1225 6
3 18 1 312 5
9 18 11 1429 4
11 2 8 66 2
5 8 12 925 9
20 2 12 424 8
14 5 7 819 6
7 19 16 1053 2
10 5 2 1054 5
12 18 15 724 10
3 1 16 989 3
14 14 18 150 1
19 15 8 1262 5
5 18 18 906 6
14 19 6 268 2
4 3 15 454 5
18 10 3 107 8
3 20 15 133 1
17 20 8 181 3
15 13 15 668 9
1 16 12 216 10
12 3 1 1253 4
4 19 12 1380 6
14 12 5 957 10
18 8 18 514 3
19 9 15 1108 9
1 1 10 181 4
11 13 20 299 6
15 16 4 576 10
10 19 16 799 7
1 11 11 1057 9
14 5 10 153 7
14 8 20 1068 8
20 5 3 219 8
8 19 9 1122 4
18 16 6 948 9
11 19 4 218 1
3 6 5 56 8
17 1 2 752 2
9 8 11 1372 6
4 3 1 1116 3
7 15 4 491 9
20 14 3 479 4
16 13 9 647 6
6 19 20 870 2
20 1 12 166 2
4 12 14 88 5
20 9 3 190 2
20 1 19 633 3
16 11 9 931 5
5 2 7 844 9
10 16 7 841 2
5 8 4 477 10
1 17 5 408 10
1 19 20 501 10
3 20 19 682 1
11 9 12 347 9
3 10 8 226 7
2 2 7 611 6
3 7 19 1127 5
6 12 17 470 6
6 3 8 739 2
17 20 10 419 9
17 20 14 480 9
12 20 13 1126 1
10 15 4 1066 1
18 20 4 626 4
19 20 9 1344 3
