250
1 8 8 144 2
1 3 2 1062 1
9 7 8 336 5
4 7 9 1368 1
9 6 6 910 2
3 5 2 615 2
1 2 2 33 2
6 9 4 245 3
5 4 8 1181 2
7 1 4 553 1
2 8 6 788 5
3 8 9 1036 5
5 4 10 1420 1
8 3 3 735 1
5 9 8 814 5
8 2 1 860 1
1 7 2 780 1
4 2 10 418 1
1 3 9 1299 3
6 10 1 1133 2
5 5 9 1155 4
9 3 1 758 5
6 10 5 1375 3
6 9 6 243 5
7 3 5 25 5
3 4 5 705 3
2 10 7 1319 2
2 9 8 702 3
2 9 4 679 2
7 10 5 172 1
8 6 7 222 4
9 2 1 298 4
4 6 9 790 5
9 2 5 1400 1
2 2 8 1218 1
7 6 6 1427 4
8 5 4 0 2
9 4 10 233 3
8 2 10 1068 2
1 10 5 69 4
1 8 5 1272 3
9 7 5 415 2
6 3 10 1027 2
3 6 5 679 5
8 8 7 563 4
4 2 8 560 4
9 10 3 1396 3
10 7 1 1185 4
9 1 4 363 2
4 9 3 943 2
3 5 3 281 1
1 1 7 238 4
7 4 7 435 1
9 7 10 433 2
5 6 9 922 5
4 9 3 239 2
4 7 5 499 1
5 4 9 749 3
10 1 8 223 3
10 7 8 1023 4
1 10 10 195 2
10 10 8 1010 4
5 5 4 944 2
4 8 4 499 1
7 5 8 1393 1
2 6 4 1423 1
10 4 10 86 4
1 10 4 675 1
1 3 1 626 3
10 4 9 1137 3
9 7 5 1143 4
2 5 10 675 3
6 3 1 796 3
9 3 4 53 2
3 8 5 1238 5
3 7 2 1286 4
10 2 3 164 4
5 9 4 584 2
6 4 10 209 4
9 9 10 1146 5
3 2 4 67 3
1 9 6 941 2
8 3 9 448 1
8 1 8 295 5
1 7 3 1386 2
5 4 3 709 5
8 2 9 988 4
2 1 9 258 2
3 6 1 664 1
3 5 7 349 4
6 7 4 716 3
4 9 10 969 1
1 7 4 1016 1
4 9 3 149 4
9 8 5 266 5
4 1 1 730 1
2 7 9 411 1
5 7 3 302 5
6 9 3 889 3
3 3 1 571 5
8 7 7 91 1
6 10 3 1360 2
7 5 2 336 1
4 3 6 1234 2
3 1 3 611 4
9 9 10 365 4
5 1 2 287 3
8 8 4 423 5
8 5 10 1039 5
8 7 8 1006 3
6 6 2 1425 4
5 9 10 515 5
10 1 5 79 3
2 1 10 87 1
3 7 4 979 3
3 7 9 367 4
9 2 3 1224 4
2 5 6 959 4
9 5 6 1118 4
2 6 9 383 1
10 9 5 762 5
9 5 4 1079 1
5 9 10 483 1
6 7 5 881 4
10 2 6 960 4
10 8 1 1237 4
1 5 5 145 1
8 3 8 627 2
2 9 8 661 2
2 7 1 1107 4
10 1 7 1015 2
5 10 9 1330 5
7 10 1 562 4
10 1 8 232 1
9 7 10 323 5
4 7 4 1222 3
4 2 2 623 5
2 9 1 1154 3
2 5 4 1025 4
4 7 8 1174 3
2 3 6 1218 4
8 6 5 796 1
4 5 7 1102 3
3 10 10 1138 2
4 4 3 861 1
7 10 6 124 4
10 4 1 816 4
3 5 8 1131 3
3 6 9 710 2
3 9 4 1107 2
8 7 6 969 4
6 6 5 337 3
1 6 8 984 2
3 7 5 1400 4
9 4 9 626 5
1 5 7 908 5
5 1 10 46 3
3 5 6 171 5
4 6 2 794 4
6 1 9 1165 3
4 6 2 767 1
5 6 9 860 2
6 1 4 80 3
9 2 2 267 2
10 4 8 1121 3
8 8 2 1340 3
4 4 1 984 2
1 9 4 539 2
4 10 4 1253 1
8 8 4 496 4
10 9 7 88 4
3 3 10 1117 3
5 1 1 1122 5
8 2 7 1346 2
5 3 4 691 3
1 1 2 1210 5
2 7 1 1420 2
10 7 4 652 2
6 9 6 931 1
4 9 1 882 2
6 10 1 1374 2
6 5 9 970 5
3 10 3 1047 1
2 5 5 794 2
1 5 4 1193 5
3 3 3 1244 1
5 5 6 858 1
1 4 6 1016 3
9 3 7 1108 2
1 10 1 206 3
5 9 2 216 5
4 4 1 1382 4
3 4 2 841 1
6 6 7 1297 5
3 7 1 895 3
6 8 7 1134 3
4 3 6 486 3
10 1 3 600 4
2 9 10 33 2
2 4 8 439 4
2 5 7 930 2
7 6 10 626 1
1 8 10 1223 2
3 3 3 579 4
10 1 7 1210 3
7 6 6 122 1
2 1 9 912 1
3 2 6 1253 4
8 7 10 931 4
7 8 8 789 5
9 1 5 118 5
6 1 6 1025 5
4 8 6 6 1
4 7 6 561 2
5 5 3 1103 5
2 1 1 1383 2
2 5 1 732 1
2 8 8 372 1
4 5 10 1240 4
10 6 1 620 1
2 9 3 996 3
4 4 8 1329 4
4 7 9 1198 1
8 6 10 717 4
6 2 3 679 2
7 10 5 497 3
8 1 7 149 1
5 7 2 511 2
2 1 2 657 3
1 1 8 82 1
2 1 1 1386 2
4 2 8 54 5
9 1 6 296 4
6 3 8 922 2
6 4 10 1330 5
6 3 7 971 1
1 2 8 308 1
10 3 4 0 4
9 10 10 968 4
7 10 2 764 2
2 6 9 20 1
7 10 4 827 1
9 7 8 883 1
5 9 7 1343 1
8 3 2 1306 4
2 4 10 456 2
10 4 6 822 4
5 8 4 895 3
3 3 9 174 5
4 8 9 1365 3