50
1 1 9 165 1
5 3 5 69 4
7 8 1 78 3
6 4 9 44 3
1 3 10 179 5
9 3 3 281 5
5 3 6 84 1
8 6 8 189 1
1 10 9 264 5
5 3 3 69 5
4 5 3 273 3
3 5 5 77 2
7 9 8 107 4
1 6 10 129 4
7 10 4 283 5
10 9 5 299 5
6 7 8 307 3
10 9 2 66 4
5 10 6 194 2
2 2 2 254 2
4 7 8 309 3
10 9 9 176 5
1 8 3 88 5
10 10 2 84 4
6 6 4 282 2
10 7 2 226 4
4 1 3 94 3
3 3 4 274 4
3 6 1 100 4
6 7 5 213 1
5 9 7 142 5
2 5 9 220 4
5 10 9 8 3
8 5 4 156 5
7 8 6 306 2
9 5 2 249 1
7 6 3 150 2
1 6 4 227 4
2 4 6 211 5
4 1 3 184 1
10 8 6 165 5
9 8 3 207 3
10 6 7 74 5
2 7 4 294 5
8 2 1 289 4
6 5 5 76 1
9 3 9 227 5
2 9 8 24 1
8 9 8 75 4
5 7 1 70 2