350
7 6 6 1089 1
5 3 9 1681 5
5 7 7 1028 1
9 3 6 998 2
4 9 3 1430 5
6 2 10 460 4
6 2 1 56 1
3 5 10 1501 1
7 6 7 118 4
10 10 6 1434 5
7 9 5 138 1
10 1 4 388 2
2 8 4 267 4
6 8 8 771 2
6 7 9 367 4
10 8 3 1852 4
5 6 7 287 1
10 1 10 926 3
8 1 10 828 4
7 6 4 1772 3
5 7 8 615 5
1 3 4 106 4
8 4 7 1191 5
8 1 1 617 1
5 4 3 1102 3
8 4 3 754 5
2 2 7 468 5
10 10 1 1227 2
10 4 4 1106 2
9 1 2 1783 5
2 5 2 1026 3
1 9 2 1762 1
9 1 3 59 4
2 7 2 1327 1
8 9 6 1572 1
8 3 8 1544 5
2 3 7 869 3
2 3 7 639 1
10 1 1 1354 5
10 7 5 1598 1
8 9 3 792 3
4 6 3 970 1
4 5 8 1830 2
8 7 6 1929 4
5 4 7 1027 2
6 3 8 296 4
5 9 7 1006 4
5 5 2 1456 3
10 1 7 1808 3
6 3 10 1928 2
5 8 7 474 4
6 4 2 825 5
5 6 6 549 1
3 6 9 1763 2
2 5 9 897 4
8 7 1 462 1
7 7 6 730 3
5 1 5 1001 5
2 9 2 840 4
7 9 4 1541 2
9 10 5 392 2
6 6 5 219 1
7 8 2 604 4
9 6 2 336 1
4 8 3 1767 4
1 5 7 1098 2
10 1 1 595 5
9 3 1 247 1
1 9 2 552 2
1 3 5 227 2
2 10 4 179 4
2 2 2 62 5
9 5 4 1465 1
10 10 9 1289 1
10 6 3 787 4
5 2 9 1344 1
1 2 4 10 3
10 6 2 326 1
6 10 6 992 2
10 7 9 1594 5
3 4 6 788 5
5 7 4 1932 1
10 9 7 892 3
8 9 4 1424 4
8 3 4 789 1
10 5 6 1475 5
9 3 10 1918 4
4 6 10 1519 5
4 8 3 1357 1
9 9 9 1004 1
8 3 1 750 3
3 7 10 1963 1
6 4 4 601 1
9 2 2 510 1
10 8 4 1201 3
3 3 8 991 2
7 9 5 357 1
1 1 7 76 4
10 3 2 1840 2
3 9 3 755 3
5 10 1 1499 1
4 10 3 600 5
6 2 8 1248 1
9 4 10 395 5
1 1 4 1647 2
2 4 2 1519 4
3 2 10 83 5
6 1 8 1156 1
3 4 6 1489 4
5 3 2 388 5
8 5 3 320 5
3 9 4 257 2
1 8 5 1575 1
2 4 7 277 3
10 9 3 1888 2
1 8 6 911 1
2 6 9 349 3
9 9 6 408 1
8 9 1 712 1
4 7 8 1308 1
1 6 6 1614 5
7 8 7 1107 2
3 5 2 121 3
8 2 3 859 3
8 7 7 1197 5
2 6 5 995 4
3 2 4 36 5
10 2 10 793 3
6 6 6 1196 4
2 7 2 1343 3
9 10 3 287 4
10 5 6 299 2
10 1 6 1874 2
6 1 1 1097 4
3 4 9 729 2
2 8 2 1142 5
4 6 1 350 3
4 10 1 536 5
3 4 5 1568 2
5 7 4 316 4
7 8 7 1726 5
7 7 9 90 3
3 5 2 313 1
1 4 3 1210 5
8 6 6 1941 3
1 1 6 966 2
5 6 9 848 3
4 7 3 1627 4
7 3 2 953 4
1 10 4 1858 2
1 4 2 1107 3
9 10 8 521 4
10 5 2 1410 4
9 2 3 766 5
4 10 3 531 3
7 3 4 179 4
5 1 2 139 3
2 5 9 1729 3
5 2 8 741 5
4 5 6 1140 1
2 3 8 93 3
9 3 5 1751 5
10 1 9 1195 4
1 1 2 537 2
1 2 6 841 4
2 1 6 731 1
9 10 6 260 3
1 2 9 1914 3
1 9 2 393 2
10 2 8 1093 3
3 9 5 85 1
6 2 9 1230 1
3 6 1 1683 1
4 5 4 311 3
10 9 9 479 3
9 3 9 428 4
5 5 3 245 1
1 1 10 1146 4
1 7 2 463 4
4 6 10 1401 2
9 7 5 646 2
6 8 2 839 4
10 8 8 1059 2
5 1 8 1494 3
1 3 2 1719 1
6 3 2 1634 3
8 5 8 198 5
1 2 7 1256 4
10 7 9 1395 1
8 8 10 996 5
5 9 3 664 2
7 6 8 104 2
10 8 4 1074 3
8 10 9 1280 1
2 7 4 1815 2
7 5 2 1481 1
8 5 2 178 4
4 7 9 1524 5
7 9 9 288 5
4 8 1 456 3
1 10 1 1464 4
8 7 2 603 1
5 3 10 1226 5
6 5 5 1880 5
2 5 9 1439 4
9 9 4 1539 2
10 7 10 409 3
10 4 6 66 2
7 3 6 241 5
2 2 7 602 1
10 4 8 601 4
3 9 2 204 2
6 4 7 531 5
4 4 2 1637 1
7 1 1 825 3
3 5 7 1574 5
2 3 6 394 2
1 4 7 1428 1
2 10 3 103 5
3 4 10 1433 3
2 7 5 744 2
4 3 3 1850 5
7 8 4 1938 2
5 10 1 982 1
5 7 9 537 1
9 9 10 1113 3
8 1 5 1783 5
5 4 3 1526 5
2 1 8 1418 2
9 1 3 1428 2
4 2 7 306 4
10 6 8 1067 1
6 10 8 1572 2
10 7 4 370 5
6 8 3 1917 2
5 2 4 1409 5
8 3 8 1069 1
2 8 1 977 4
1 5 7 506 4
5 6 9 1395 1
10 9 8 1832 1
8 5 6 613 5
5 8 1 876 3
5 4 5 150 4
10 6 8 339 3
4 2 7 960 1
9 2 1 1411 4
5 5 5 143 2
1 2 10 1606 1
4 9 7 1896 3
9 8 3 1320 5
8 2 7 1429 4
6 4 1 377 2
7 9 6 1686 3
10 9 10 738 4
1 5 2 1552 5
4 4 8 392 2
3 2 2 1888 5
10 9 8 447 5
6 10 8 1134 2
10 9 3 720 5
1 10 6 900 2
10 4 6 1877 5
3 2 6 646 4
5 7 9 625 4
2 7 1 1821 4
3 7 4 535 4
2 8 3 1760 4
1 10 4 436 2
4 7 1 967 3
3 3 10 1775 5
2 7 4 1810 5
4 7 7 1698 4
6 2 10 1591 5
4 7 8 1171 3
8 4 4 202 3
3 7 3 1932 3
10 7 3 1613 2
1 10 5 1772 2
7 1 9 1038 4
4 3 3 1873 3
1 1 6 223 3
7 1 8 591 2
3 2 9 744 4
8 8 2 1142 5
10 1 2 1621 1
7 8 1 665 4
7 6 8 1639 1
2 6 8 1166 3
9 3 2 1748 1
4 1 2 41 4
6 5 8 1739 4
1 3 9 943 3
1 7 6 1261 2
5 2 6 1586 1
7 6 6 1668 3
5 9 2 1347 1
4 1 7 798 3
8 4 2 352 1
9 4 9 718 5
2 3 7 225 4
6 1 7 887 1
2 7 3 364 3
8 9 6 1112 2
9 2 4 1297 2
5 7 8 640 4
4 4 7 19 2
9 3 5 1825 5
1 6 1 1717 4
5 10 9 1420 3
4 2 4 571 3
3 2 5 22 5
1 2 4 950 2
2 8 7 1439 1
5 3 8 1611 2
4 9 3 1277 5
8 2 2 1247 3
4 7 10 1063 1
5 7 2 104 1
9 4 1 156 1
6 7 6 483 1
7 9 10 370 1
7 8 1 1916 2
2 3 8 723 2
2 7 5 738 3
9 1 5 1461 5
5 7 5 1609 5
6 4 1 705 2
3 1 10 40 2
3 6 9 1875 5
2 3 5 1403 4
7 2 5 189 4
4 2 4 127 1
2 1 2 1740 5
2 10 6 1667 1
2 3 10 129 2
4 4 7 583 4
9 7 6 1075 5
6 7 8 587 4
8 5 2 1454 1
5 9 3 690 1
8 6 1 1569 4
5 9 3 891 4
9 9 3 1073 1
5 7 4 1953 4
3 5 9 845 2
8 2 2 1482 1
1 3 5 530 5
10 2 1 1775 1
9 1 10 1503 2