150
10 3 5 124 1
2 10 6 34 4
1 4 4 468 4
1 7 5 156 1
4 3 10 455 4
5 5 8 190 4
6 9 2 537 4
8 7 4 627 5
5 3 1 548 3
7 7 10 93 2
6 9 1 819 3
10 6 2 283 2
5 5 8 10 1
1 3 1 227 4
6 3 1 252 5
3 10 6 650 5
5 8 3 442 1
7 10 9 23 2
10 8 9 181 1
1 5 8 57 2
9 2 3 314 5
4 1 6 788 1
10 7 10 157 3
7 6 7 502 4
5 2 4 368 3
5 4 1 119 2
2 4 9 157 1
10 10 5 802 5
2 3 10 361 2
5 3 5 617 2
9 10 1 702 2
6 5 9 685 3
1 2 2 811 2
3 3 2 196 2
3 3 2 376 3
4 7 7 373 2
2 1 4 66 3
5 4 8 799 2
4 5 7 807 4
8 2 8 215 2
8 3 1 303 4
9 2 2 376 5
2 5 4 273 3
1 9 1 740 2
3 3 8 353 3
7 9 1 855 5
10 10 1 755 5
1 3 1 807 5
4 6 6 489 2
5 7 8 138 1
4 9 5 534 1
8 4 1 721 4
3 5 10 267 5
10 4 3 557 2
3 9 10 617 3
8 6 10 566 5
6 6 2 4 3
10 6 6 855 3
7 7 2 712 2
6 9 7 493 4
4 8 2 812 2
5 8 3 274 4
6 2 3 674 4
1 6 7 116 4
1 9 1 100 4
7 3 8 565 5
2 7 10 685 3
1 3 9 616 1
1 6 5 840 5
9 4 9 791 2
6 10 7 541 3
7 7 8 662 5
6 10 5 541 1
8 3 7 832 2
10 10 4 475 5
8 4 1 304 3
10 8 10 43 4
9 9 6 312 1
2 6 2 605 1
10 2 9 66 4
8 3 4 597 5
3 1 7 598 1
8 9 3 40 1
4 6 2 275 2
9 1 7 496 3
3 1 6 603 5
5 9 1 365 2
5 9 8 725 4
9 5 8 29 2
7 10 1 632 1
8 2 2 588 1
8 1 1 294 1
8 6 2 537 5
4 9 5 446 3
6 4 7 68 2
9 4 9 730 5
8 2 7 182 4
1 8 5 237 4
5 6 8 665 4
1 10 5 675 1
9 5 5 723 1
10 5 5 503 5
1 4 1 232 2
10 9 6 210 5
6 2 7 194 1
6 9 1 318 1
10 10 6 622 2
10 2 10 91 1
8 2 1 42 1
3 4 1 357 2
1 8 9 363 2
4 4 1 443 1
8 2 2 546 1
7 7 1 551 5
6 8 2 138 1
5 10 3 440 5
9 1 9 410 1
8 4 9 205 2
10 9 5 698 2
1 5 2 256 2
3 4 3 538 4
3 6 1 632 5
1 5 8 482 3
10 2 1 666 3
6 7 5 369 3
10 7 9 672 1
7 10 2 383 1
10 1 6 320 4
1 1 9 177 4
5 7 3 177 1
8 9 6 179 3
5 6 2 640 5
6 1 9 849 5
6 1 2 661 2
10 6 9 84 2
6 3 8 454 5
2 4 8 378 1
5 6 9 702 2
10 10 8 416 5
9 8 2 569 3
6 8 3 416 3
6 5 1 695 1
1 8 4 170 3
7 3 5 781 1
2 8 3 749 3
8 9 4 610 3
2 1 8 809 3
7 5 6 694 5
2 5 7 511 2
2 5 6 544 5