400
7 1 6 1902 5
2 4 2 543 5
3 3 8 2264 3
9 5 4 1771 3
7 2 9 1149 5
3 6 7 1956 5
2 3 4 1301 1
1 4 1 122 4
4 2 3 13 5
7 2 2 1935 1
7 4 3 1665 3
4 2 6 1777 5
8 6 10 722 2
9 3 9 1458 3
9 8 2 1878 2
2 7 6 1869 5
1 10 2 152 1
7 10 7 2088 4
3 10 3 656 4
4 10 1 830 5
2 4 7 1764 3
8 3 7 1668 2
2 7 4 821 4
2 10 9 1747 3
2 3 2 1462 2
6 5 3 837 3
6 5 5 1057 4
1 4 2 598 5
5 4 5 949 2
2 5 7 270 3
10 8 5 316 3
2 10 6 1559 1
6 9 6 80 4
2 3 10 1715 5
7 9 5 1600 2
4 10 10 2126 3
4 3 1 535 2
4 9 10 2255 4
3 3 6 1389 5
4 8 3 2065 5
6 8 4 1698 5
5 10 5 1096 1
3 5 4 273 5
10 10 9 754 2
10 5 7 1721 5
8 3 1 1032 1
8 5 3 1235 3
4 6 2 125 1
7 9 10 1948 2
7 4 9 1535 1
6 8 9 1454 4
2 2 4 1816 5
4 5 3 350 4
8 4 10 405 5
7 1 3 151 2
7 8 8 647 4
1 10 5 1561 5
5 6 8 1690 4
8 6 3 765 5
1 5 10 276 3
8 10 9 2055 1
5 10 9 2054 5
1 10 10 1029 5
4 10 4 1825 3
7 2 3 2197 2
4 5 1 2040 3
2 10 3 2018 3
2 2 9 1958 4
8 10 2 889 5
6 3 7 1532 4
8 4 10 1769 3
10 1 10 306 1
7 8 1 359 5
1 10 5 2196 3
2 9 7 40 5
6 3 3 35 5
3 8 5 434 3
5 8 4 2218 1
3 10 4 998 1
1 8 9 150 5
2 8 9 2289 3
10 7 3 1299 1
8 5 3 104 5
9 5 10 1298 4
1 5 10 1288 1
3 7 3 728 1
7 5 9 1140 3
8 9 2 1331 3
8 5 4 1266 1
8 9 7 1534 5
2 9 8 334 2
9 6 3 522 4
2 4 9 1046 5
9 4 10 526 2
1 7 6 31 4
7 8 3 1210 4
2 9 10 1185 3
10 6 7 1648 4
6 10 6 161 5
8 1 9 643 5
3 10 4 2029 4
3 10 6 1565 5
2 2 10 1930 1
6 5 9 1184 2
10 8 3 2117 5
9 7 1 74 4
2 2 10 1914 3
3 5 10 1165 2
10 9 7 2307 2
9 8 5 2040 2
10 7 6 221 3
2 10 9 1255 1
3 1 3 1619 3
4 1 7 785 5
5 2 5 1819 5
5 4 10 1915 3
2 2 7 1714 4
9 2 8 906 3
10 1 8 387 2
10 10 7 2193 3
10 8 9 2232 2
6 4 10 1251 3
5 2 10 953 4
4 2 5 863 5
3 1 5 1651 3
5 3 6 1207 2
10 3 1 780 5
9 1 7 945 5
10 6 5 1341 1
4 4 5 914 4
8 8 10 2221 5
8 4 7 937 5
10 6 6 422 3
2 2 4 2071 5
2 9 9 849 4
5 6 5 846 1
3 9 7 551 5
10 2 1 2273 4
7 2 1 923 1
8 1 7 2069 2
4 10 8 610 1
10 9 10 52 2
4 3 9 2167 1
9 7 7 1661 4
5 3 9 1895 4
8 1 8 1633 3
1 8 10 680 2
10 9 6 78 4
1 5 6 631 4
4 6 6 318 4
6 8 8 580 5
7 9 4 491 1
4 7 7 1096 3
4 3 4 576 4
8 8 3 1736 3
3 10 2 57 1
8 9 5 1797 1
3 6 6 1666 3
10 5 7 908 5
1 9 8 1457 2
5 5 5 2028 5
8 5 5 1863 4
8 2 2 2239 2
10 6 10 1895 3
4 10 5 469 4
10 1 9 304 5
9 10 10 1367 2
4 4 10 501 2
5 7 10 1810 5
2 2 9 1543 3
8 3 2 1860 4
4 4 3 464 4
5 7 2 1996 5
3 6 8 2065 1
8 5 4 811 4
7 5 6 671 5
4 10 4 1684 1
8 3 1 2103 5
7 1 7 665 3
7 2 6 1191 5
2 10 9 1002 5
6 9 4 130 2
9 3 1 155 2
6 7 6 1522 4
7 6 3 1884 5
6 1 7 1609 4
8 6 6 1559 4
1 5 4 2141 3
7 6 4 1428 5
10 10 8 1712 3
9 4 9 1379 1
10 8 8 311 2
5 1 2 1482 4
7 5 2 1116 1
10 4 6 449 2
1 4 9 247 4
1 5 8 2116 5
8 3 2 1117 4
5 6 7 244 3
4 4 1 1679 3
3 7 8 2005 3
5 9 3 2278 3
3 2 3 663 3
10 7 4 852 3
1 9 2 686 3
6 4 8 856 2
6 5 2 1753 5
1 4 6 1142 4
3 1 9 1179 2
9 4 6 1742 2
10 4 10 881 2
3 5 7 893 4
10 3 5 19 5
10 8 6 2151 2
9 1 3 494 2
2 6 1 2132 5
8 6 9 30 4
9 1 1 743 5
5 2 10 51 4
2 6 6 1070 2
6 7 6 974 2
9 6 2 1344 2
1 6 6 1109 5
8 2 4 143 1
6 7 8 796 1
2 5 10 48 3
10 1 6 411 5
10 3 1 1772 3
10 6 1 2320 5
5 8 1 278 5
7 6 6 1683 3
4 3 1 817 5
10 4 2 1082 5
5 1 2 1236 2
1 1 4 1705 1
1 10 1 1321 1
6 8 3 994 1
1 2 8 116 3
2 8 5 1180 1
3 1 2 18 1
3 1 7 1645 5
1 5 3 1374 4
1 8 8 1048 1
5 1 7 1304 3
3 1 1 845 3
5 8 6 1459 1
4 10 9 423 3
5 9 6 2000 4
9 8 9 1598 1
5 7 3 688 4
2 6 9 597 4
8 6 8 917 2
9 9 3 758 3
5 4 2 516 1
9 1 2 269 1
1 10 3 810 1
7 7 1 1815 1
10 9 3 950 3
7 5 3 1112 1
9 3 1 1141 3
9 1 2 550 5
9 9 7 2252 5
1 7 8 1229 4
2 2 2 1560 1
7 4 5 1265 3
3 2 8 1945 1
6 5 7 671 4
7 4 1 1442 1
2 6 3 1257 5
7 7 1 900 3
4 6 3 333 4
6 5 4 424 4
1 10 8 1332 1
1 1 8 720 4
4 5 7 2243 5
5 7 1 795 3
7 7 5 1106 1
8 2 8 1624 3
10 9 1 1836 1
10 5 1 860 5
5 8 6 1216 1
2 4 1 1509 4
10 3 10 2202 5
5 7 9 771 3
10 6 8 1774 5
3 10 9 466 5
3 2 6 979 2
5 9 6 1604 4
8 10 5 1983 5
6 6 9 1720 3
7 1 7 2274 2
3 8 6 582 3
4 5 2 460 4
6 1 7 893 5
9 7 4 1256 5
10 4 7 1484 2
7 6 10 1863 4
1 6 1 1865 1
7 4 9 1792 1
3 9 4 1020 3
5 4 10 2070 5
6 3 6 2095 5
4 1 2 910 1
9 3 8 1136 2
3 1 9 85 1
6 4 8 30 5
2 3 6 1286 4
1 8 8 712 1
3 5 2 830 5
8 10 10 1344 1
7 10 9 925 4
10 6 7 641 4
1 7 4 1872 2
8 10 6 269 5
10 8 9 1891 4
2 7 8 1249 3
10 5 4 764 2
1 5 10 1277 5
6 4 2 1100 5
10 6 7 1543 5
3 5 9 1753 4
3 1 9 338 4
3 10 10 1528 3
10 9 10 321 2
6 4 7 260 5
10 6 8 2078 3
4 10 3 2089 1
3 8 7 1420 3
5 2 3 791 3
3 8 9 479 4
9 3 6 1360 1
7 7 1 2251 5
8 2 6 65 3
1 8 3 2242 4
1 1 2 1738 4
8 7 10 1062 4
4 5 3 1331 3
3 2 8 522 1
5 5 4 1595 2
7 7 1 1565 5
10 2 7 108 4
7 6 5 2179 1
4 3 3 861 2
6 3 9 871 2
2 2 2 459 2
2 3 10 1664 4
2 2 6 1910 1
2 5 2 1216 1
6 4 9 913 5
8 3 10 1755 4
8 8 9 235 3
8 6 2 1158 4
5 7 9 39 5
8 10 8 86 2
3 2 9 1706 5
1 4 2 1638 3
6 9 1 1503 3
9 2 5 1397 4
5 8 2 986 3
8 4 1 2273 5
4 2 9 2226 2
6 7 9 1043 2
9 7 1 1016 2
4 1 4 349 3
8 2 1 824 1
6 6 8 2156 3
1 9 10 282 5
2 10 10 1037 1
1 3 10 378 4
4 6 6 608 1
10 5 8 1493 3
9 10 2 580 2
4 1 8 284 4
9 5 4 290 5
10 1 10 482 1
10 1 5 1546 1
5 3 1 456 3
1 10 3 736 5
10 2 7 159 5
10 10 10 803 5
2 1 8 1804 2
8 3 3 565 3
2 3 9 2241 5
7 10 1 1510 1
2 1 1 1172 1
7 9 3 542 1
4 3 7 2183 1
9 9 4 368 5
4 9 6 518 5
5 10 1 331 3
6 6 6 1243 4
4 9 7 925 2
4 2 3 2237 2
7 6 3 1260 5
9 2 3 805 4
6 10 3 1511 1
2 1 8 681 2
1 8 9 1903 5
9 3 5 576 5
7 10 5 1161 4