200
6 9 6 800 4
10 5 1 331 2
7 5 2 1000 3
4 1 10 1099 1
8 8 9 228 2
7 6 1 865 5
8 5 7 195 1
6 9 8 45 4
8 9 6 460 5
9 5 4 114 1
9 4 6 704 1
6 2 9 620 2
6 5 4 154 4
7 7 10 433 3
3 1 9 341 5
5 3 10 462 5
9 3 7 142 3
10 6 9 904 4
9 7 8 735 3
8 8 7 929 4
8 7 7 243 4
5 2 3 974 5
8 4 9 336 1
6 8 9 1089 4
8 2 5 1136 2
2 4 4 776 2
3 6 1 849 1
6 1 6 286 3
7 5 3 451 5
7 9 7 22 4
2 2 7 1036 3
7 9 1 207 1
1 1 2 830 4
9 6 3 998 2
9 10 7 260 2
4 5 1 563 1
7 6 3 346 1
6 5 10 50 3
4 2 4 892 2
5 7 7 644 5
9 2 10 815 4
4 7 1 505 1
2 10 1 372 5
4 7 10 51 3
9 2 10 882 2
9 8 2 652 5
6 8 5 824 3
3 10 2 755 2
3 10 5 700 1
4 7 8 865 4
9 2 4 825 5
7 3 1 147 2
8 6 5 418 4
6 3 5 565 4
6 5 3 1097 1
4 6 9 967 1
6 4 8 910 5
5 9 1 816 1
2 7 10 710 1
5 9 5 872 2
5 2 6 165 5
7 9 1 567 2
10 7 4 1035 4
1 9 3 727 3
6 4 10 226 5
1 6 7 130 3
6 2 10 1004 2
1 2 7 447 1
4 1 10 127 4
2 4 9 194 4
8 3 3 35 2
8 4 3 380 5
1 1 9 469 2
8 1 1 413 1
2 10 3 1039 4
8 2 5 189 4
4 5 4 1158 3
2 3 5 823 4
1 2 6 908 3
6 8 6 751 2
4 1 5 1090 2
3 4 5 979 1
5 3 10 1049 1
5 9 3 903 3
6 10 4 1152 3
9 4 7 910 3
3 3 9 269 4
4 9 2 55 3
10 3 2 1140 3
4 2 9 708 2
6 4 8 1047 5
2 10 7 703 1
4 7 6 231 5
3 9 6 4 4
7 4 10 308 3
6 4 1 630 4
9 8 8 281 1
6 5 5 710 5
2 10 9 589 5
9 3 1 725 2
7 4 10 999 1
3 3 3 80 1
1 10 10 623 1
4 2 9 294 3
7 3 2 28 4
3 9 2 338 2
2 1 5 834 2
8 10 8 206 3
7 4 5 1016 5
10 3 10 697 1
6 1 5 1049 2
2 4 4 390 3
4 10 7 1078 2
9 5 5 429 2
6 5 8 374 1
2 10 6 555 1
5 7 1 321 2
1 7 9 642 5
5 8 4 779 4
6 4 6 428 4
4 6 2 127 3
3 10 1 348 5
5 10 7 401 3
9 7 1 490 1
10 4 1 542 4
1 8 2 539 4
7 10 9 353 2
9 2 8 643 2
3 1 7 786 5
6 7 8 577 5
4 9 6 88 2
9 9 1 278 3
7 10 10 1131 5
9 8 5 517 1
8 3 7 1072 3
7 6 2 574 5
6 5 10 182 2
10 1 10 60 3
9 4 6 213 1
5 9 4 339 2
6 2 7 70 5
6 7 5 653 1
3 7 4 536 1
7 1 10 812 1
2 5 2 476 5
5 8 6 219 3
3 4 1 108 4
7 7 7 1034 3
9 8 1 239 5
5 8 2 591 5
5 1 2 890 2
4 4 2 322 5
1 6 10 534 4
6 7 1 878 3
1 7 6 1155 1
5 1 7 454 1
5 6 3 670 3
9 9 2 749 3
10 9 2 82 4
4 8 7 848 4
6 9 10 668 2
1 10 9 805 5
7 4 10 53 5
1 5 8 312 5
10 6 5 9 5
2 4 1 176 1
5 9 10 641 5
6 10 6 155 3
7 10 4 968 4
6 8 1 970 5
6 6 2 937 3
4 7 4 805 1
2 5 1 752 1
8 5 6 462 4
9 3 4 498 1
4 10 9 1059 1
1 7 1 364 4
9 4 10 344 1
5 6 2 829 4
10 5 10 1041 5
7 2 2 536 5
2 6 5 296 5
8 1 4 170 4
10 8 10 1070 3
4 4 8 412 4
7 7 3 57 3
6 3 8 169 2
2 1 9 912 2
7 1 8 1046 2
6 1 5 403 1
4 5 1 540 1
4 4 6 431 1
6 1 1 761 1
7 5 9 397 5
3 3 9 649 1
7 7 5 924 3
4 9 4 332 3
3 10 9 801 3
2 3 1 177 1
7 10 10 815 1