450
7 2 9 1563 5
5 2 10 242 5
8 2 6 1988 4
3 8 2 752 2
1 7 9 936 2
6 2 4 2345 4
4 1 7 596 4
1 3 3 1853 1
8 9 10 747 4
1 2 8 2306 3
3 4 8 1968 3
8 4 9 2219 4
9 4 2 2122 4
4 7 4 676 3
10 6 10 654 3
5 7 4 1645 4
4 8 7 2142 5
8 9 1 1427 5
10 2 2 1831 5
5 5 7 1989 4
7 2 5 1376 3
4 3 8 1368 5
1 1 3 2233 4
1 5 7 2105 1
7 2 4 1353 5
9 3 9 147 5
8 2 10 137 1
2 10 5 2232 1
10 3 4 472 2
8 6 4 1134 3
10 7 6 1138 4
1 9 10 256 3
2 8 3 282 2
3 3 1 1009 4
1 10 1 940 2
4 6 8 413 3
2 10 9 2444 3
5 2 9 2492 4
10 10 2 721 1
7 9 8 1906 2
4 6 10 2241 1
10 8 4 1772 2
5 10 10 851 5
4 2 4 1987 1
2 8 8 502 3
5 2 1 1970 1
3 5 1 1230 2
7 5 9 347 5
5 8 4 1432 5
8 1 8 1048 2
8 6 5 251 2
10 10 6 37 4
2 6 7 1792 1
10 6 9 65 3
9 5 7 34 5
9 5 10 574 1
3 6 8 383 1
9 2 10 1656 3
3 10 4 230 3
3 2 10 86 3
1 9 2 329 5
8 4 1 34 2
8 10 1 2191 4
2 1 3 2027 3
5 9 10 952 5
2 8 8 456 5
4 7 7 2131 1
7 7 3 167 3
7 5 8 652 4
3 5 3 1346 5
1 9 6 717 1
4 7 10 116 5
9 9 9 1107 3
3 6 2 1131 1
6 8 1 1640 4
2 4 8 943 1
4 2 1 970 2
3 2 7 497 4
7 4 7 2103 2
1 4 10 2387 3
8 6 4 2325 1
6 3 9 1758 1
5 5 2 397 5
4 4 10 2241 1
9 3 5 2182 5
1 10 7 528 3
8 4 7 2375 1
2 8 7 769 3
9 1 7 2333 2
1 6 1 172 3
10 7 7 1184 3
9 9 4 2252 4
7 7 10 1891 2
10 1 6 1530 1
8 9 4 84 5
9 6 8 1306 4
7 2 7 597 5
9 7 4 1481 2
5 5 8 171 4
8 5 2 1962 5
3 5 8 2409 2
7 10 6 977 2
7 2 5 479 3
9 2 6 122 4
1 8 7 1740 2
2 5 3 1272 4
8 5 10 529 2
1 3 9 2390 1
9 10 8 2388 5
8 7 6 2474 5
1 1 1 1295 4
4 6 7 862 2
8 10 10 1017 2
7 1 6 1898 5
7 9 1 2563 5
7 9 6 1196 5
8 10 5 2532 5
8 8 9 592 2
6 2 4 122 1
4 9 1 2046 2
1 5 8 766 2
3 7 5 1371 5
10 5 2 748 5
8 4 2 1822 1
10 2 5 2327 4
10 1 9 623 5
2 1 2 751 5
8 7 10 1238 1
10 2 7 2125 2
2 10 10 1886 4
7 7 3 298 1
3 10 3 323 2
9 8 4 857 5
10 3 2 118 1
3 8 8 1430 1
9 4 6 915 1
8 9 7 2382 4
4 8 10 2144 3
3 6 6 1193 1
5 1 5 2260 4
7 2 8 801 3
9 3 1 553 1
8 2 1 2381 3
7 7 2 2343 4
5 5 3 353 2
7 5 10 1954 3
1 7 7 751 2
8 5 5 355 3
7 6 8 2473 5
3 4 4 603 2
2 1 6 751 2
5 4 3 2307 4
1 10 5 291 5
6 3 9 75 4
9 1 8 2229 5
3 9 6 2552 4
5 10 3 691 1
6 1 8 2397 3
8 1 6 2435 3
1 1 1 1573 1
8 7 8 102 2
9 3 7 1932 4
6 1 7 2523 1
5 2 2 411 1
4 4 10 1650 5
8 1 1 409 3
10 4 2 1256 4
5 3 5 2352 2
9 6 5 1762 5
3 8 10 1825 3
4 10 4 1276 5
3 9 3 2550 1
7 6 2 1855 3
7 2 8 978 2
7 5 6 2595 5
6 2 7 372 4
6 5 9 883 4
8 10 2 1597 1
4 8 5 1631 5
6 6 6 1803 4
7 6 5 1299 2
6 1 3 1356 2
5 5 3 1330 4
10 8 5 1941 4
4 10 9 860 3
1 4 6 9 3
8 6 1 878 3
10 10 4 1064 5
2 9 10 2383 5
9 5 7 1735 3
2 4 1 2126 2
4 10 4 1938 4
3 3 1 319 1
3 9 3 2055 2
10 9 5 2242 3
1 2 1 782 5
8 1 9 114 3
2 3 2 2003 5
1 10 5 2551 5
5 4 4 2418 1
3 5 3 1903 5
2 5 3 1576 3
1 10 9 801 5
9 4 4 2538 2
3 8 10 2231 2
1 2 7 616 3
10 6 6 254 5
2 4 9 2260 1
8 1 6 944 4
3 4 6 2336 1
5 10 10 2188 4
7 5 2 102 2
5 2 1 528 4
8 5 8 842 5
2 2 4 1522 4
10 10 1 1326 3
7 7 8 2031 1
1 8 4 1396 5
10 8 5 2381 3
3 1 4 1434 3
4 8 2 2329 3
5 7 7 438 2
7 8 8 2363 5
3 9 2 2104 5
9 2 5 851 5
5 5 8 1730 1
8 7 4 1123 5
6 7 2 2558 3
9 8 9 1602 3
1 1 9 1910 5
6 6 8 1207 5
10 3 5 1734 3
9 4 5 1894 2
9 1 4 251 1
10 10 5 1597 5
3 3 10 81 3
7 1 10 1903 4
3 1 10 1855 4
7 2 2 1421 4
10 6 6 747 4
1 4 4 2301 2
2 7 6 1251 1
6 4 3 1773 4
1 8 9 2308 4
9 8 5 1644 2
5 10 8 2348 3
2 10 3 1440 1
8 1 8 2109 4
10 6 10 1401 3
7 4 5 1240 2
4 10 4 1284 1
6 2 2 1510 2
3 1 4 1782 1
10 7 10 2540 4
10 8 3 2525 1
1 5 5 879 2
9 5 7 705 3
5 2 4 721 2
9 5 9 174 2
9 7 4 1937 1
2 9 8 613 3
6 6 10 1327 5
10 1 6 2079 2
6 9 2 1771 5
10 4 7 1357 3
6 6 3 1323 3
5 10 7 1443 4
7 10 8 2545 5
3 9 2 2093 4
10 4 2 863 1
7 1 6 710 1
5 2 4 2126 3
9 6 10 1598 5
1 2 9 1335 2
4 5 2 133 5
9 1 10 2282 3
5 1 10 789 2
7 10 4 219 5
9 2 2 960 3
10 10 6 2271 3
6 7 8 474 4
7 5 8 1357 2
8 1 2 1926 4
4 6 1 571 5
2 8 2 352 3
3 6 6 1873 4
6 9 2 1676 2
4 9 1 467 3
5 7 4 247 2
1 6 7 498 4
6 4 6 658 4
4 6 1 1645 4
7 9 7 1061 5
3 3 5 10 4
10 4 6 847 4
6 7 9 412 1
2 9 3 366 1
10 1 10 1503 5
4 1 6 2423 4
6 3 8 1369 3
4 2 3 695 1
4 9 2 2424 5
8 4 8 2067 2
8 10 8 414 3
3 5 4 1943 5
5 10 5 989 5
2 5 6 607 1
8 4 2 1699 5
2 6 8 1747 1
10 4 2 725 5
4 2 9 1776 2
4 7 10 2576 5
5 1 1 410 2
8 7 3 779 1
6 10 10 215 2
2 4 1 1303 3
4 10 1 2031 1
1 10 2 725 1
2 2 10 1111 1
7 4 7 505 2
10 10 6 2112 1
1 2 6 1852 3
3 7 6 2327 3
1 5 7 914 4
7 3 8 1165 4
10 2 10 1795 2
3 4 3 1347 5
9 3 8 453 1
6 10 1 1998 5
5 8 3 2170 3
2 10 8 329 3
7 5 5 1889 2
1 1 7 2516 3
3 9 9 79 1
6 8 5 348 3
5 6 8 1806 1
5 7 5 410 2
7 9 6 1531 4
10 3 1 2306 1
5 2 7 471 3
10 7 3 975 2
3 10 2 467 1
3 3 4 1055 1
5 6 7 445 2
4 6 4 1777 3
1 10 4 39 2
1 6 10 1623 5
6 10 1 379 4
2 8 10 965 2
10 1 8 897 5
9 2 9 1198 4
5 6 4 1994 5
9 6 5 1327 3
4 9 7 2571 2
8 6 7 58 4
7 4 3 1992 5
8 9 8 1144 5
5 8 8 144 1
4 2 4 1087 1
6 9 7 1618 5
2 7 7 28 3
8 9 1 573 3
10 7 2 1686 5
10 8 7 1271 5
8 1 2 1222 2
1 7 1 1167 4
7 9 3 4 4
1 6 5 1472 5
3 5 2 240 5
4 6 5 1837 4
1 1 5 159 4
2 4 1 659 5
5 1 7 2135 3
7 6 1 884 5
10 8 6 1440 4
4 6 1 633 3
8 7 10 626 4
5 9 1 1563 1
3 1 2 1465 5
9 5 4 250 4
2 1 1 727 2
9 6 4 607 3
10 10 5 426 1
5 2 6 350 5
2 2 8 721 1
6 9 7 245 5
10 5 7 1661 2
4 6 2 960 3
10 9 10 2121 5
4 4 2 1402 1
6 1 6 2502 3
1 9 7 2507 1
6 8 1 2561 3
4 4 7 2314 5
6 6 1 1506 2
9 1 10 164 5
1 6 3 1441 4
6 7 3 1310 1
5 2 1 1191 2
7 7 8 975 4
7 9 3 74 1
9 9 7 1714 4
2 1 8 873 1
7 2 8 139 2
1 9 3 1404 1
10 6 10 225 2
10 1 2 716 1
2 3 2 2320 2
5 4 7 391 1
10 6 9 1020 2
6 9 4 738 5
4 9 8 428 3
7 7 5 1414 2
10 2 4 1767 1
7 7 10 783 5
1 4 6 1271 4
8 1 2 1900 4
9 4 7 1976 1
10 7 7 1752 1
4 7 3 2556 5
4 4 9 1060 1
2 6 7 689 2
9 1 3 1105 2
8 5 5 357 5
10 4 7 810 5
10 9 4 670 1
5 10 4 2317 4
8 2 2 708 1
7 9 7 1528 3
3 9 2 2392 5
5 7 6 1054 5
3 7 7 639 2
6 3 4 174 3
1 5 3 1472 3
3 6 3 1948 1
9 7 9 1678 3
5 3 10 694 1
1 1 8 2285 3
2 5 3 1826 3
3 3 5 1476 1
10 5 6 1114 4
9 4 7 852 5
10 3 5 1496 4
8 8 3 1716 4
9 1 10 724 5
9 3 3 1851 2
10 8 9 1581 5
9 10 7 1480 5
2 1 4 2455 2
8 4 7 1153 2