500
7 7 6 2592 4
4 7 2 655 7
5 4 4 6511 2
5 1 7 3829 3
1 3 9 390 2
1 9 3 3359 8
9 5 8 3531 6
2 9 6 7036 1
6 1 7 1850 5
4 6 1 204 7
9 4 2 3844 4
5 7 3 1981 3
7 5 9 6599 7
5 3 3 3683 9
6 2 5 3961 6
9 7 5 6627 9
9 7 6 5209 7
1 2 8 1918 8
4 8 6 238 7
4 4 5 2755 1
9 3 6 7079 9
4 3 4 7215 3
4 5 2 6392 1
4 7 3 1943 3
7 6 8 5636 9
2 6 7 1852 1
9 9 2 1779 1
9 7 1 5268 4
8 5 4 2815 9
5 8 9 3786 8
6 4 5 3818 8
9 3 1 3983 5
8 5 3 3504 6
2 3 4 3629 5
1 2 3 6633 5
9 6 5 4861 4
4 7 9 1009 5
6 8 4 6029 5
5 5 3 198 8
3 2 3 213 6
9 1 9 6507 2
4 6 4 3356 5
2 7 4 5459 4
4 3 6 5446 9
8 2 1 5580 6
1 1 5 5319 7
8 8 7 1733 6
2 8 6 222 1
5 3 6 4261 7
6 7 5 3050 9
4 3 3 3783 4
2 3 7 5497 8
4 6 3 6367 5
5 7 7 1468 6
9 5 4 2242 9
1 1 5 3270 3
8 5 8 5590 6
7 3 8 5209 3
4 9 5 5650 5
9 2 3 926 8
6 1 4 2138 7
9 6 5 6521 2
9 8 8 2062 3
7 3 3 1291 4
9 4 9 6931 7
3 7 2 1386 3
8 1 8 2634 7
7 2 5 3322 8
5 6 5 562 4
8 4 3 4976 4
9 7 1 1879 6
7 2 8 1206 8
9 2 2 449 7
9 2 6 1086 4
4 8 1 2146 6
6 3 6 5771 4
1 5 7 7225 8
4 6 1 197 8
7 6 9 3330 6
6 2 2 4452 8
8 6 5 5082 6
2 6 1 7070 8
7 9 3 2394 8
8 8 8 2499 9
9 6 1 3455 3
9 5 5 1623 4
6 3 5 5626 8
1 1 7 5552 5
1 3 2 5094 2
1 5 2 7372 7
2 8 1 2851 8
1 1 2 3941 1
5 9 3 6956 9
1 5 1 1765 3
7 5 9 559 9
3 1 6 5645 4
8 7 7 3185 3
9 3 6 6785 5
3 7 9 7435 7
4 7 1 6417 2
9 5 2 2818 1
8 1 7 4529 8
6 3 1 139 9
6 7 3 2870 7
6 7 2 3041 4
7 8 2 2219 2
2 1 8 3635 6
7 7 4 140 5
5 7 3 785 9
7 3 3 3022 2
4 2 9 1369 2
6 2 8 6736 6
8 7 8 4310 9
2 2 5 7468 7
7 2 9 2454 1
1 6 3 2271 9
3 4 6 1783 2
7 8 4 3247 2
5 6 4 440 2
3 1 7 5548 4
8 6 6 2853 6
9 8 4 6530 7
5 2 7 4719 9
5 6 6 1612 2
4 3 5 122 6
3 4 1 6366 5
3 2 9 1194 4
7 4 7 1015 5
4 3 4 5605 2
4 7 6 4885 7
7 7 3 7433 2
3 5 2 1164 5
9 8 2 4709 4
4 2 6 3247 7
7 3 4 4115 9
2 8 6 6663 5
7 1 7 3414 3
6 6 4 1629 4
4 7 8 1920 9
8 1 9 5512 2
8 4 5 6546 5
6 5 7 6312 2
3 9 5 1964 7
5 2 3 4734 4
1 3 9 7056 9
6 3 6 2657 1
3 8 1 4175 5
6 4 6 7291 3
4 5 7 3383 1
4 1 3 5314 6
1 9 6 5520 6
2 4 4 3088 3
6 3 4 5702 9
1 4 8 4839 8
2 1 2 1453 6
1 4 2 6909 8
5 2 6 645 5
7 4 6 7131 2
5 4 9 3076 9
4 6 9 2551 3
4 3 8 1236 3
1 5 7 3021 7
4 7 6 3404 8
2 7 2 5781 9
8 7 3 864 1
2 5 5 1094 4
2 7 8 5436 4
9 3 4 523 4
7 8 4 4442 9
5 1 5 2829 8
8 1 3 4723 2
5 9 4 7447 7
7 7 1 6267 4
4 5 7 5490 9
3 6 3 7269 1
9 5 7 969 6
9 7 6 830 9
9 8 5 6457 1
1 1 6 6416 9
8 9 6 2483 2
6 9 1 1728 5
3 7 3 2745 5
6 7 1 4761 7
2 7 5 5027 1
4 2 2 3778 1
5 3 8 4266 9
3 1 5 1969 4
1 6 3 3296 4
9 7 2 4576 7
3 7 5 1822 2
5 8 3 4240 6
7 3 7 4612 9
1 8 9 3901 8
5 9 7 6507 8
3 4 4 2766 9
4 6 4 2021 3
7 6 1 2655 6
3 5 7 4583 8
1 3 1 6845 7
4 1 8 6134 5
7 7 7 7363 3
1 3 3 360 5
8 8 6 7357 6
8 1 3 43 8
3 4 9 681 5
2 2 7 5363 1
1 7 2 208 5
8 1 8 1371 3
4 3 8 467 1
2 1 7 5654 4
7 5 2 3183 5
5 8 8 6237 7
6 5 4 4045 2
5 1 5 2054 5
9 8 2 4386 4
1 3 5 3206 5
9 9 8 3726 9
1 7 3 6947 3
2 1 9 7145 8
7 1 7 5444 8
3 2 7 3618 2
6 3 4 2710 5
7 6 2 1578 1
3 4 1 2843 6
9 6 8 5036 7
6 7 7 987 7
8 4 6 4897 4
5 6 3 2833 4
1 9 9 5405 5
2 3 5 3013 3
5 2 9 1055 7
9 7 1 651 3
3 6 5 6145 2
5 3 7 5690 3
8 3 5 1691 5
8 3 2 5761 4
9 7 2 1537 6
7 2 6 1511 2
8 5 4 6699 3
6 4 7 3063 4
5 2 8 780 6
1 8 3 323 2
1 8 7 5994 5
5 7 4 6513 8
2 2 2 2184 8
3 5 3 4667 6
4 5 2 1357 6
3 5 8 4381 4
8 7 9 3011 4
9 6 2 2974 1
7 8 7 5106 3
8 2 8 4570 4
1 1 2 2437 9
1 4 5 701 4
3 8 7 2233 8
1 6 7 1924 3
2 4 8 1342 9
4 2 5 4216 7
3 5 5 4348 5
5 8 4 3010 5
3 1 2 5197 1
7 1 7 2752 1
6 1 4 2402 2
6 2 5 6644 2
3 3 7 2122 5
1 5 2 4285 3
6 5 2 2282 1
8 1 3 7249 4
5 2 6 1073 7
7 6 7 2362 3
6 1 2 5556 5
4 7 7 4119 8
6 6 8 1601 5
3 1 1 6647 2
2 4 3 4749 4
7 5 5 6719 6
6 8 6 2070 6
2 1 6 4978 8
4 7 3 4333 6
7 6 9 3165 6
6 3 4 2359 9
8 7 6 3217 9
6 5 4 3078 1
2 4 9 6249 5
5 2 4 1109 3
6 8 5 494 8
4 3 7 6738 4
8 2 8 333 9
7 6 9 6512 5
8 5 7 3942 3
3 3 4 184 8
1 3 7 4753 6
1 9 5 3980 4
4 2 7 6014 6
6 1 4 3797 2
4 6 2 3 9
1 8 8 1919 9
5 3 7 693 8
2 1 2 6636 2
1 5 8 6410 2
8 6 1 5832 2
6 8 7 4818 9
8 1 5 5195 3
2 9 1 512 8
4 9 2 4505 1
2 9 9 4294 1
9 4 3 2376 9
9 6 3 1563 1
8 6 4 5869 4
5 3 3 3096 2
1 5 7 3155 6
9 2 9 628 9
2 4 8 2792 5
8 9 3 3139 4
1 9 3 4684 1
2 2 4 4386 8
7 3 3 5014 6
7 2 6 90 9
8 7 2 5755 2
1 2 9 7480 1
3 6 6 6801 3
7 8 1 1971 8
5 5 8 2562 4
1 6 7 4957 5
9 6 9 3511 1
7 8 2 2243 9
8 4 9 4450 5
1 8 4 785 3
1 4 8 2725 8
2 8 6 2577 1
7 5 6 323 7
4 7 9 5444 8
7 4 1 3120 2
6 8 5 1044 8
8 5 1 794 6
3 9 7 2530 2
7 7 1 929 4
1 2 5 839 4
7 6 9 4157 3
7 4 8 6641 8
9 4 2 6042 6
6 7 1 1493 4
8 4 4 3742 9
2 9 9 4225 2
5 4 8 3255 1
5 3 1 2440 7
9 8 7 1785 1
5 2 6 1450 5
4 1 1 2390 7
6 2 4 670 8
9 9 6 741 4
4 8 2 178 8
9 7 2 6719 6
3 2 8 4021 6
1 4 2 5981 5
8 9 8 7143 8
5 8 5 6336 3
3 8 7 4164 8
1 4 4 4475 7
3 6 3 2170 4
3 4 5 618 5
6 9 4 5257 9
3 3 1 4793 5
1 5 2 4507 6
4 8 7 7213 4
8 6 5 6763 9
3 5 5 5676 5
6 3 4 5521 9
6 1 2 2297 8
4 9 5 6152 7
7 8 5 5741 9
4 2 7 5320 4
4 9 8 3097 5
2 4 4 1549 8
2 1 4 6548 3
4 1 4 6772 8
6 8 3 657 5
5 1 9 6756 8
1 8 8 5843 8
6 7 5 4764 8
1 4 3 6664 7
4 8 9 2014 1
6 5 3 7499 1
8 5 1 4532 1
5 2 8 5333 4
6 4 8 6373 9
6 1 6 1444 7
7 2 8 7201 1
4 2 7 2358 9
7 1 2 1065 6
1 3 5 1563 5
7 7 7 4873 6
2 8 7 4158 4
8 3 1 4341 1
1 6 3 2843 6
5 8 1 5772 1
4 6 6 392 6
9 5 4 5448 7
5 6 8 6660 3
7 8 2 2933 1
5 2 4 4014 1
2 2 5 2210 7
3 3 2 54 1
6 7 2 4528 2
4 8 8 1171 5
6 1 7 3946 5
6 5 4 6677 4
9 7 7 4027 1
9 3 8 4048 9
5 9 1 2021 7
2 8 5 629 8
3 4 3 851 1
4 7 6 347 7
4 2 1 915 2
4 1 2 3418 6
3 1 8 6610 8
7 7 3 1621 3
7 6 2 4755 4
5 7 7 2396 4
6 2 6 421 9
2 8 8 2611 3
9 3 8 1596 6
9 7 7 3269 4
1 7 6 618 2
6 7 6 3694 4
5 3 1 7019 6
8 2 7 4403 9
7 1 9 4389 3
1 8 7 4192 7
2 3 1 868 7
4 3 9 3887 4
6 2 7 1127 9
3 5 7 1579 8
3 5 3 5264 1
9 3 9 4830 5
4 2 2 1275 1
3 5 8 5025 4
1 6 7 4280 7
1 7 4 1292 3
7 6 7 2250 2
7 9 7 4678 4
9 9 3 5318 9
5 1 1 6887 7
8 4 7 1465 2
4 8 3 5357 3
2 2 8 6647 8
9 2 8 3283 1
6 8 7 2190 4
8 7 1 1939 1
6 3 9 980 3
2 6 7 7035 3
6 7 9 6859 1
8 8 7 4787 9
8 3 7 1280 4
5 8 3 1244 5
5 8 5 109 3
9 3 5 6459 6
3 1 4 4175 7
1 1 6 6623 7
7 5 5 5626 3
5 3 4 6967 7
6 5 1 6317 9
7 5 8 6933 9
3 5 4 4462 7
3 5 1 5535 9
7 2 3 279 1
2 4 7 5125 2
4 2 3 1408 9
3 3 1 2466 1
7 2 8 3247 3
1 2 3 6917 2
9 2 3 472 2
1 4 7 5457 7
3 9 2 7143 6
4 6 6 29 2
3 4 3 1018 3
7 2 2 5581 6
2 4 7 3373 2
7 9 4 696 7
9 6 8 1453 1
4 7 7 5589 8
1 7 2 4781 4
7 3 9 3685 1
2 5 4 4749 3
7 8 9 1228 1
1 9 3 4884 3
5 2 6 730 5
6 8 4 4994 7
8 1 7 6474 5
8 5 9 2204 4
8 2 6 5242 6
3 4 1 4282 3
7 5 1 4 3
6 1 8 6728 5
5 7 9 4547 9
4 6 5 5843 7
1 1 9 2233 4
8 1 9 749 5
7 2 5 283 7
5 1 6 4928 6