350
7 7 8 2705 5
3 5 6 460 2
9 1 8 1006 3
4 4 8 2679 8
2 3 2 1605 7
6 5 3 2009 7
7 6 6 835 6
5 2 7 2509 8
8 8 6 256 1
7 4 4 2073 6
6 6 9 5074 9
1 3 6 3571 2
8 6 8 1415 8
1 4 5 3200 6
1 1 3 1899 7
8 1 4 2616 3
8 1 2 2077 9
2 9 5 759 8
5 6 3 3068 8
9 5 6 2445 2
5 4 7 4434 7
7 7 4 3319 7
2 8 2 3955 1
8 7 6 4326 3
8 1 3 4235 9
3 8 6 82 1
5 2 2 629 6
1 7 3 2769 6
5 2 3 741 5
2 1 4 3771 1
5 5 6 1885 8
6 6 3 2138 9
3 2 9 4310 1
5 4 4 63 1
7 4 7 3981 2
4 8 2 2307 5
3 9 8 594 2
6 1 2 3110 2
6 8 3 3727 7
3 9 9 4062 6
9 7 7 1224 6
5 7 3 618 4
1 7 7 4677 1
1 4 4 5044 2
4 2 6 1420 8
7 2 2 1637 3
6 2 3 649 8
3 3 7 1955 4
2 2 8 94 9
3 3 7 661 9
4 4 7 339 2
5 2 4 4753 4
8 1 2 200 1
1 9 3 4103 1
7 5 2 29 9
1 9 1 3181 1
2 3 5 2808 2
4 1 3 2778 6
9 8 6 1919 2
2 9 5 3874 5
3 5 7 1807 1
7 6 5 2450 4
5 2 6 1444 9
9 4 1 3024 3
6 3 2 277 2
8 6 9 4769 5
1 4 9 2981 7
3 9 2 4026 1
8 5 4 4928 4
7 7 3 3017 8
1 3 1 3173 2
9 7 3 1619 2
1 8 2 1703 3
7 9 8 3619 8
7 4 1 4865 7
7 6 5 937 1
4 5 9 3117 6
9 8 9 2171 3
4 7 9 2646 4
9 2 5 3709 8
7 8 3 2540 4
2 9 5 2021 5
6 4 5 2665 1
2 1 1 507 5
8 5 3 3614 1
2 9 1 2833 1
9 1 7 1139 4
3 3 1 4270 3
2 6 4 3059 7
8 3 6 2293 5
1 7 3 2773 9
6 9 3 2371 8
9 3 4 2238 5
4 4 4 3570 3
4 3 1 1814 7
4 4 6 4517 3
2 2 4 2737 7
7 6 1 5087 5
9 4 4 2513 2
7 9 5 1424 5
7 6 5 2709 3
3 7 2 4498 5
9 4 4 5200 9
2 1 4 1930 4
2 5 9 2346 1
9 8 1 4018 8
1 7 4 2147 1
9 9 4 4057 5
6 1 8 4047 2
2 2 7 1021 4
4 3 6 3351 6
1 4 4 2988 3
1 5 7 1883 5
6 2 2 2005 7
9 5 2 1146 3
2 3 4 1863 7
2 3 2 2538 2
3 6 7 1294 8
4 8 1 4038 9
9 2 5 2587 5
5 6 5 294 6
7 3 2 1853 8
2 3 4 1978 3
3 6 7 1098 5
8 8 6 16 3
7 5 3 1188 3
4 4 3 4591 2
1 6 1 3200 4
9 8 8 4828 1
8 4 1 4596 7
4 8 7 3199 6
5 5 9 2234 6
4 5 1 1240 9
9 9 3 2094 6
2 9 5 1977 5
6 2 9 2066 6
5 3 5 4277 4
7 3 3 3593 1
5 5 5 994 6
6 8 4 2940 6
7 7 1 2249 1
9 4 3 1320 9
1 7 9 248 2
7 3 5 3060 7
1 6 8 1548 4
8 9 6 1979 2
9 5 5 5136 3
4 9 9 1143 3
4 6 8 426 5
1 6 9 2951 2
7 2 4 1434 3
9 1 5 1423 2
4 1 5 5167 5
1 7 4 2970 4
4 5 8 1710 6
3 7 6 1380 6
4 7 3 3779 1
4 4 3 3848 9
2 8 5 930 5
8 7 5 2857 1
3 2 8 2572 7
8 9 2 978 8
6 4 8 4309 5
8 5 7 1041 4
7 3 8 5084 3
5 1 4 3507 9
1 1 7 953 2
1 8 7 4188 6
2 2 8 3843 3
2 1 6 1759 3
8 8 7 4575 2
4 6 4 810 7
4 5 2 4288 2
2 7 8 3529 2
5 9 1 5202 4
6 7 6 5052 4
7 7 6 387 6
4 6 2 4275 6
7 1 8 4860 1
5 8 2 3693 4
4 7 9 4796 6
7 9 5 458 4
2 6 8 2879 2
9 9 9 674 9
6 2 7 3339 7
1 2 5 1311 2
4 7 9 4766 6
2 5 8 687 5
6 3 3 1733 2
7 5 5 2594 5
4 7 2 1843 4
2 7 7 2143 6
1 7 7 2071 5
5 1 1 4580 3
4 7 3 2124 1
9 2 6 1051 2
9 7 8 3881 7
6 3 9 5209 3
3 6 7 2431 3
8 1 3 2265 4
4 7 4 3354 3
6 2 2 22 9
9 4 4 3169 5
8 2 4 1349 1
1 3 8 1475 3
6 5 7 4103 3
9 7 1 2334 9
9 8 4 93 6
6 2 4 3403 1
9 8 9 2468 2
7 4 3 2203 4
8 7 3 3515 2
4 8 8 1036 6
1 9 9 22 7
9 5 7 3443 1
9 3 7 1497 9
8 7 4 2343 6
7 4 5 4679 5
5 1 8 3455 6
3 1 1 3299 7
3 8 2 2674 5
1 9 4 952 2
9 7 1 3799 3
1 2 1 216 2
9 1 3 3735 4
4 8 2 5178 4
2 9 8 2380 4
6 1 1 2755 7
5 2 5 3158 2
4 6 9 368 9
9 5 8 2442 2
8 5 8 2659 7
8 9 2 2349 5
4 9 5 824 9
5 5 6 4934 3
8 7 4 5203 5
6 2 2 3973 1
4 5 2 1829 6
8 4 3 265 4
9 2 4 3955 5
4 3 3 4703 8
8 6 2 3899 2
3 4 5 3967 8
8 2 2 1219 6
4 3 8 5100 6
4 3 3 3071 4
4 7 8 2342 3
1 2 4 4932 7
7 3 2 2160 3
8 6 5 1761 1
7 9 7 2322 3
8 6 5 17 7
2 7 7 318 6
3 4 2 1280 7
5 2 4 3839 6
4 7 2 26 3
6 2 3 2183 4
3 5 5 3223 8
9 6 2 4986 9
1 9 9 4090 7
1 6 5 3537 4
9 2 4 1119 1
3 1 3 4109 8
7 3 3 3298 9
1 5 6 729 1
3 9 6 4121 1
1 8 5 5227 5
5 9 6 1696 6
2 8 6 3637 6
5 7 7 1678 5
2 9 5 271 8
9 5 6 645 4
2 6 4 2445 3
7 6 7 2736 8
4 2 7 1855 4
7 8 2 647 1
6 1 8 3257 6
8 8 3 3057 2
1 1 8 4265 9
8 6 8 411 3
9 2 6 1911 3
5 7 7 3017 4
7 2 2 4980 4
8 8 2 3848 5
4 1 3 5064 8
6 2 4 766 4
1 4 1 15 3
4 7 3 4104 1
7 3 4 628 5
8 1 5 95 9
6 4 5 1646 4
7 7 8 3360 5
6 5 8 4398 2
1 6 2 3998 6
3 3 7 619 4
9 2 9 2885 3
2 4 6 4447 1
4 2 9 2849 4
2 4 8 1205 2
8 7 9 4331 9
4 8 3 605 7
7 3 2 4213 6
1 4 7 361 2
2 5 3 1949 2
3 3 3 1512 4
5 7 3 2241 9
9 3 8 5221 7
7 1 6 4463 3
7 4 7 3438 3
3 6 1 1286 1
9 7 4 4610 3
6 4 2 2051 5
9 9 9 972 5
8 9 4 3070 6
6 6 2 4973 7
1 4 2 4310 7
2 3 1 4764 1
7 8 2 2690 1
7 5 7 2099 7
3 2 1 5076 9
4 8 6 346 1
9 8 6 3890 7
4 9 9 1060 4
5 4 4 3572 5
4 2 6 1194 3
9 3 7 5239 6
4 4 4 3786 6
2 4 5 4293 7
3 9 9 192 1
1 5 8 2773 1
3 2 1 816 9
6 6 7 750 9
8 2 6 2930 9
1 7 6 4817 8
8 2 4 1816 7
8 5 6 808 9
8 5 9 3903 4
5 1 5 3677 2
1 3 9 2808 6
8 1 9 1138 3
4 7 3 370 4
9 9 7 2185 7
7 1 8 37 3
9 6 7 4958 9
6 4 1 397 1
3 3 1 3798 9
4 9 1 3087 4
7 8 3 521 5
2 6 2 4064 2
4 9 1 721 3