50
1 1 7 184 4
4 1 5 426 3
3 9 4 648 2
5 3 6 307 9
8 3 2 170 2
3 4 3 377 7
9 6 9 187 4
4 4 8 188 9
2 5 4 33 8
7 3 3 443 5
8 5 2 317 1
8 6 1 353 8
9 2 3 712 5
5 5 9 198 9
3 5 1 479 2
4 6 6 260 9
6 8 9 374 6
9 3 6 563 9
7 1 5 62 9
8 7 8 273 8
9 6 7 206 2
4 8 4 146 2
7 6 9 229 4
3 7 6 236 3
1 9 6 474 1
4 7 8 502 1
9 4 1 595 8
1 9 2 442 8
3 9 3 577 8
2 5 7 490 1
3 7 4 422 3
9 9 7 39 4
2 5 8 59 3
5 3 9 383 6
4 2 2 499 2
3 3 6 67 2
2 1 2 633 3
2 7 9 485 2
6 5 9 696 5
6 9 9 299 3
7 9 8 239 7
1 4 5 432 2
3 1 5 406 4
6 2 3 558 8
2 2 4 664 9
2 5 9 133 2
8 9 4 512 6
9 5 6 120 6
9 5 3 544 7
1 6 5 556 6