150
2 3 7 652 8
2 6 9 957 1
2 3 9 1185 2
4 8 2 2053 3
4 2 3 578 9
3 6 8 2155 4
5 8 9 2219 7
3 6 9 1233 1
1 6 7 2168 4
8 4 8 540 3
3 1 2 1128 6
2 8 7 1548 9
7 9 8 438 7
7 3 3 1688 3
1 6 2 459 4
1 8 7 2162 9
5 5 6 1040 5
9 8 2 118 4
5 6 2 115 1
6 3 8 1484 5
8 1 6 806 9
1 7 8 879 5
7 9 2 1873 4
7 8 3 1570 5
2 9 5 304 5
5 1 9 1544 8
8 1 8 393 8
2 1 3 1217 7
1 7 8 289 3
2 9 6 1604 6
8 1 2 106 6
4 3 9 251 2
2 2 3 662 1
1 7 2 2148 9
5 5 8 1879 8
2 9 2 1376 9
7 5 1 140 7
7 7 4 636 9
3 5 2 1703 7
5 6 7 1564 7
9 8 9 754 1
5 6 3 1980 6
2 4 7 1572 7
9 6 9 1068 7
4 1 2 338 1
6 6 8 2053 3
5 3 2 916 8
1 3 4 1769 4
1 7 3 1382 3
2 6 7 1344 4
1 3 8 68 8
9 1 3 1748 4
2 7 6 1547 1
2 9 7 92 6
7 9 7 1698 3
8 4 5 882 5
8 7 7 619 2
3 9 5 1138 5
7 3 4 791 1
9 4 6 1030 1
4 4 2 1499 9
6 3 8 188 1
3 5 9 1285 5
5 8 8 984 4
7 4 8 342 7
3 6 1 1984 5
3 2 5 2071 7
5 3 8 1228 7
4 7 5 837 7
8 7 7 1361 2
1 9 1 111 8
4 9 2 2152 1
5 4 7 713 9
5 7 7 1956 6
4 9 7 1934 3
7 2 5 1683 9
2 1 5 245 3
5 3 6 413 1
6 1 3 1914 4
3 1 8 262 1
9 3 4 2210 6
2 5 2 746 4
3 5 9 1224 9
9 4 9 674 3
3 6 9 357 8
3 3 3 1273 5
3 1 1 2110 9
2 2 2 299 6
5 3 8 1139 4
1 4 2 369 1
1 5 7 2212 4
4 2 3 367 2
4 1 7 150 1
7 4 6 304 3
1 7 6 1594 4
5 2 1 1244 8
5 9 2 1148 7
1 4 5 1319 6
3 5 3 2074 5
7 7 9 816 4
5 9 4 1996 5
9 6 3 475 9
6 6 1 49 3
4 6 9 596 3
9 5 4 1340 6
6 1 7 301 1
9 4 2 605 2
6 8 6 2147 6
6 5 7 359 4
8 2 9 1362 5
9 6 6 2082 7
2 8 4 856 7
8 9 1 910 4
8 3 5 1699 4
2 5 1 175 4
1 1 6 1826 2
5 2 4 1908 4
5 4 5 841 1
4 7 7 1080 8
6 9 6 933 5
3 7 4 518 2
8 4 3 1133 6
2 2 4 1264 2
1 1 7 972 9
4 8 8 117 4
4 1 8 1235 5
3 8 9 1724 4
6 9 1 280 3
5 8 6 1785 5
7 3 3 170 9
5 1 6 1506 4
5 3 3 28 9
9 3 5 21 9
1 2 1 408 1
7 9 4 1509 1
3 6 9 1872 2
7 8 6 486 4
5 8 7 400 9
4 2 5 981 3
3 5 9 1181 4
6 5 6 2196 1
8 7 2 1490 3
3 2 6 789 8
3 2 5 126 7
3 3 3 1111 5
8 2 4 1843 4
9 6 1 1288 9
8 5 3 2243 9
2 3 6 1916 3
3 1 8 328 9