300
6 7 3 957 7
5 1 7 1433 9
9 9 6 1482 4
2 1 2 3627 5
8 2 8 2470 7
7 4 4 895 8
5 7 1 2191 7
3 8 7 682 4
2 1 9 4158 1
9 3 1 2383 7
8 2 1 4044 9
8 4 3 3772 8
4 1 3 1692 6
6 5 5 534 8
9 5 6 778 4
4 6 8 4147 5
5 6 6 2935 4
7 9 4 4024 1
9 9 4 3421 4
4 7 7 1145 1
5 4 2 2906 1
6 6 1 516 4
8 6 6 2487 4
3 5 9 3737 4
6 7 7 2925 7
6 6 5 4315 2
8 8 6 596 7
9 8 8 1273 5
6 5 1 3907 9
6 4 8 287 1
2 9 7 2959 9
4 5 3 1695 5
1 3 3 3719 6
3 6 8 3272 9
2 5 1 1197 3
6 6 5 53 3
8 3 9 3251 2
2 1 6 3048 1
4 9 8 1276 2
5 7 6 3082 3
1 1 9 3499 7
2 4 8 19 1
2 4 2 2896 5
4 2 6 3104 6
1 4 7 4119 5
7 4 5 1215 3
9 1 3 4336 7
5 9 2 2308 5
8 6 8 2271 3
7 1 2 3268 3
4 2 8 3561 5
5 5 4 3783 6
5 8 4 2601 8
5 7 6 1778 5
1 8 9 2382 4
4 4 3 3192 1
8 6 8 1431 9
6 5 3 955 1
5 3 5 1191 2
7 1 7 1327 9
4 9 9 352 5
3 5 3 4205 5
4 7 6 2409 8
3 3 3 3725 2
1 8 1 829 9
5 6 3 3557 2
7 9 8 3687 9
4 2 2 195 5
8 8 5 3540 7
9 6 2 4448 5
2 1 6 1805 9
3 7 2 1833 2
5 5 1 3034 6
6 5 7 3085 4
6 8 1 3014 2
1 7 8 123 2
8 7 6 253 9
3 9 5 1308 8
6 6 2 3523 7
6 1 7 4271 9
6 8 5 2891 6
9 2 2 2185 4
6 3 2 4170 8
3 8 8 2909 4
3 4 5 3382 2
8 7 9 68 2
1 6 7 4005 3
1 9 8 2366 3
1 5 7 198 6
2 1 1 4042 6
6 5 3 4498 7
5 5 3 2178 9
1 9 5 1904 2
8 3 9 2582 3
3 4 3 3015 4
5 2 4 2601 5
7 6 5 3980 7
1 6 1 4101 4
9 2 2 4101 1
4 7 8 2834 5
4 6 6 1265 7
6 3 6 1788 3
3 6 4 2360 5
5 9 4 2199 3
5 3 2 3299 5
1 5 3 4482 3
8 3 5 2933 1
9 2 8 4436 4
3 1 5 4391 2
2 1 5 561 4
9 3 1 3222 4
6 7 1 388 9
7 2 2 1065 5
2 3 3 1299 5
5 2 1 4221 8
6 8 5 1573 8
1 5 2 3197 7
5 8 6 649 9
4 3 9 1448 8
9 2 8 2157 2
9 2 5 2847 7
9 7 2 3076 9
5 2 2 2779 7
7 1 4 4242 9
5 9 1 2049 4
8 5 1 205 9
1 5 2 1364 2
6 7 9 2774 3
8 8 2 2500 5
7 5 1 1630 3
8 9 9 3986 9
6 6 3 1095 7
4 9 1 2654 3
6 7 5 1709 7
5 1 1 1828 5
4 5 6 3093 2
9 5 1 2687 2
2 8 3 255 5
9 4 2 2897 1
5 7 8 3964 9
4 2 2 2144 9
6 4 6 1217 7
9 1 2 1905 7
1 4 2 1737 7
8 3 4 2549 7
6 9 2 657 6
1 5 1 1668 7
2 9 5 2709 8
7 8 9 3780 1
4 5 5 2065 7
5 7 6 2508 8
3 2 6 2525 2
9 5 5 4133 6
1 5 5 2755 1
9 5 6 569 9
8 6 4 521 3
3 7 2 3727 4
6 7 7 1200 7
7 3 7 3300 3
2 3 7 3578 1
5 5 3 3462 2
3 5 7 2674 5
8 8 5 629 6
8 1 9 1667 8
9 7 8 1415 7
7 4 6 4287 3
8 6 2 2821 3
1 7 3 112 6
8 9 5 2358 6
4 8 2 1922 6
5 7 5 1418 5
3 8 5 1959 2
8 8 7 2373 6
5 4 4 4443 2
1 9 2 1582 7
2 3 7 869 1
3 8 2 1985 6
4 1 4 1194 7
3 3 6 2438 4
6 9 2 400 7
4 4 5 940 3
4 9 6 1100 1
3 2 4 2702 5
5 5 1 1407 1
7 4 1 4175 4
4 8 5 3114 1
8 4 9 4056 6
3 5 6 3312 1
2 7 5 673 4
9 7 8 2163 8
2 3 8 4104 8
7 3 1 4203 6
6 3 4 2277 6
7 5 8 2578 6
5 5 5 371 8
4 4 7 590 1
3 9 2 973 2
7 7 9 603 1
2 2 5 2667 2
2 3 4 2354 2
3 6 9 2271 9
9 5 1 2705 8
7 1 3 359 6
6 8 5 740 4
6 7 9 2925 6
2 4 3 998 4
8 2 4 3102 5
1 8 5 2826 1
7 8 5 199 8
3 4 7 638 2
8 9 7 2400 7
8 3 1 900 7
9 2 9 3307 5
1 1 3 1457 2
4 3 5 2351 2
2 2 6 661 7
8 6 7 3558 9
7 4 5 1480 9
2 3 1 1475 5
7 7 6 4328 8
6 2 4 2104 7
7 9 4 1071 2
2 8 1 399 9
6 9 5 4329 7
9 7 7 572 2
2 1 1 1570 3
9 3 5 883 3
8 6 1 1954 8
6 6 1 2413 7
1 1 2 4295 4
8 2 6 4064 9
6 3 7 1158 7
3 7 6 4053 2
6 4 4 2385 9
5 8 8 4089 7
9 8 3 1519 8
1 4 4 823 5
4 4 5 1401 8
9 7 3 61 2
7 3 3 3821 6
5 4 6 1308 9
5 1 7 3717 9
2 9 1 3685 4
7 6 4 3393 4
9 4 3 746 2
3 1 7 2242 7
1 1 8 3649 3
6 4 7 1731 4
2 3 7 1724 1
1 9 2 3196 9
4 3 6 3638 4
3 8 5 717 2
8 1 3 1344 9
3 6 3 317 6
3 3 2 3766 2
6 1 8 1930 5
1 9 1 1485 8
5 9 4 226 6
5 6 4 2122 8
5 7 4 2705 8
9 7 4 2264 3
4 7 9 2090 3
9 9 9 710 5
6 8 3 2916 7
8 9 5 345 4
4 7 9 35 3
3 3 4 3448 7
1 5 8 4298 1
8 6 2 2592 6
5 9 9 1359 9
9 9 2 2914 8
8 7 8 698 6
2 2 6 4425 3
9 3 6 1394 5
7 2 7 1295 9
5 8 3 3308 9
4 2 1 439 8
2 1 5 2753 7
7 8 8 2353 9
5 8 4 1455 8
7 5 6 1330 5
2 5 1 3744 7
1 5 9 2233 2
9 3 2 4334 4
7 5 6 1929 6
6 5 4 3884 6
4 5 3 4292 7
9 1 8 2615 7
2 2 1 2511 9
4 7 8 1669 4
9 3 6 3976 6
4 9 5 2668 2
1 4 9 1768 5
3 6 5 2927 7
2 4 5 2934 5
2 9 1 2985 5
1 9 4 3993 5
3 7 1 2721 9
9 5 3 3882 7
2 7 3 1942 2