400
7 8 7 3201 5
9 9 9 5611 4
4 7 5 2470 8
7 9 4 3415 8
2 2 7 1694 1
8 6 7 5352 7
7 9 3 984 1
1 8 8 5095 3
6 3 1 4652 2
3 2 4 3519 4
9 5 3 4406 3
1 4 6 5344 7
3 4 7 5642 3
8 9 6 3486 5
7 2 2 5705 4
2 5 1 2784 4
9 5 4 3131 1
8 4 5 4902 8
3 2 4 2990 1
7 4 8 5522 8
5 8 3 3386 7
9 1 7 2769 9
7 1 8 1264 1
8 3 3 2009 1
8 6 9 1513 3
4 2 6 2841 3
5 4 7 3843 4
1 6 7 559 8
6 2 8 4037 6
6 1 1 1956 5
5 5 8 1701 7
7 1 7 468 9
8 4 8 4239 5
7 2 3 518 1
4 8 7 5929 2
1 8 4 1457 5
5 2 4 5850 2
6 2 2 3583 6
8 9 9 3455 2
9 8 2 2942 3
1 1 8 5703 3
7 4 2 1294 9
2 3 7 5580 4
2 9 8 2776 9
7 5 2 785 2
5 2 2 302 7
2 1 6 4665 2
5 2 2 4926 6
8 3 5 1622 2
7 2 6 534 3
3 1 8 5308 5
6 2 6 5282 3
1 8 5 2612 6
5 6 8 3205 2
1 4 3 4242 7
6 5 5 3771 6
6 4 4 864 9
3 4 3 504 9
7 2 8 1544 2
8 6 2 1962 6
5 5 1 1874 1
6 2 3 465 9
6 3 9 5394 6
4 4 5 4640 3
5 4 9 2690 3
3 4 2 71 1
9 7 3 4204 7
3 6 5 4845 8
1 2 2 4570 8
6 3 3 5565 8
5 3 4 2418 2
7 2 2 3712 8
2 7 3 1082 4
1 5 9 5102 9
2 1 3 4136 8
7 7 3 1776 5
3 5 7 4996 2
8 3 4 4899 7
1 3 6 3542 1
8 8 9 1962 2
8 3 5 735 1
8 1 3 4093 8
1 7 6 3441 4
5 6 6 4865 5
9 5 4 1267 9
3 8 9 5026 9
1 1 3 787 3
2 7 1 4611 7
4 9 8 3070 3
1 4 6 833 1
8 8 1 4359 6
5 4 9 4376 6
1 9 3 1533 2
7 7 6 635 1
9 5 4 2862 6
9 9 1 3737 6
8 7 3 995 8
7 4 8 3131 8
6 8 3 253 8
1 7 4 3111 6
9 3 8 2107 7
7 1 5 2271 4
4 7 1 4459 1
7 5 2 5497 3
8 1 8 13 2
5 5 2 5469 9
2 4 8 3679 8
8 8 4 396 1
9 9 6 4761 9
1 5 3 3715 8
6 5 7 1416 7
4 4 5 5949 3
9 1 5 4361 7
3 5 6 5401 9
9 1 4 3103 2
3 4 9 4931 8
1 3 1 2503 1
5 6 8 4380 8
7 6 1 2328 9
3 2 3 2161 2
8 5 5 4619 9
3 1 9 5343 4
5 2 8 7 4
6 1 5 3363 2
9 9 6 843 4
6 4 7 230 3
9 1 7 654 9
8 2 4 4224 7
4 6 4 4245 6
9 8 6 2406 6
8 4 8 2602 4
3 9 3 3743 7
2 2 5 5226 4
2 5 2 764 2
3 4 7 111 1
6 8 5 5861 4
4 7 1 3651 3
8 5 2 1468 3
5 5 4 2732 4
4 7 7 2285 9
6 3 5 5646 4
5 3 6 2317 9
4 7 5 4531 4
4 2 1 2055 3
5 1 8 3107 8
5 9 1 5612 5
2 7 8 2835 3
8 8 4 2235 7
3 8 3 2126 7
6 7 6 4351 7
6 3 6 5076 3
6 3 4 5933 2
3 7 8 3337 5
9 8 8 1717 5
5 8 9 2940 7
8 9 7 4359 3
7 7 6 3025 7
5 6 2 5605 3
2 3 8 595 2
3 6 2 3690 7
3 1 5 1058 8
1 7 4 3432 2
7 3 7 3067 2
7 9 4 920 1
9 4 4 4559 3
8 2 6 121 7
3 3 6 4474 2
7 2 3 5251 8
5 4 2 5884 6
3 4 3 609 2
6 2 7 1134 3
1 2 8 3141 3
2 9 7 3142 3
6 5 5 1851 4
4 3 3 1033 4
6 4 3 206 8
6 7 5 1637 6
9 9 5 3826 3
2 3 1 5160 3
9 1 2 5961 7
9 3 3 1964 8
6 1 1 783 5
4 6 3 3100 2
5 7 2 2665 7
3 6 5 3559 7
9 9 6 4387 6
2 2 1 1965 7
5 1 7 4651 7
8 9 6 4546 5
7 1 3 1718 1
8 1 5 1802 7
4 8 4 505 9
5 2 8 2051 8
1 9 4 768 4
7 9 5 3141 2
9 2 2 481 3
2 7 3 992 2
1 6 1 33 1
7 9 3 3783 4
1 8 2 741 6
6 6 1 5560 9
3 2 2 3291 9
5 7 9 2875 5
2 3 7 5838 2
8 8 5 4493 7
1 1 2 4900 2
1 8 4 4700 5
1 5 9 3729 2
4 8 7 2713 7
1 4 6 1721 8
1 4 3 3354 6
6 6 1 143 4
4 5 1 5246 1
6 1 1 3983 6
3 4 2 2375 2
6 5 3 2240 6
1 4 7 1783 5
1 4 9 2119 9
2 5 4 4527 1
7 6 8 5101 3
6 4 9 5916 6
9 9 4 5556 2
3 3 3 2408 2
2 2 8 5131 2
5 9 5 4529 3
7 4 2 2728 1
9 4 8 721 8
9 1 9 2360 6
3 9 5 445 2
2 4 9 397 4
6 1 2 10 7
4 3 4 3029 4
6 7 5 3946 1
1 9 1 3911 8
2 1 1 3692 7
9 5 5 1506 5
4 3 2 3413 8
5 3 2 5147 9
1 2 8 247 8
1 1 9 4246 7
8 5 6 3825 6
9 7 1 21 3
8 6 5 4103 6
8 5 5 445 7
5 8 1 2640 2
6 2 1 4156 1
7 9 2 1845 6
4 5 2 3566 9
9 4 3 1513 6
9 6 7 498 6
3 4 8 2023 8
4 4 8 1608 7
2 8 4 3418 1
5 5 6 2039 5
6 4 6 4658 2
7 1 9 1285 6
3 7 1 1873 1
8 1 5 148 3
9 1 3 1784 1
9 6 7 1738 4
4 3 3 1449 7
2 1 2 4308 3
2 8 3 3518 7
1 6 1 1143 7
5 7 1 259 7
2 6 1 1352 2
9 3 8 5292 7
1 7 2 4348 8
1 8 6 789 8
5 9 7 765 3
3 7 8 1886 7
3 4 3 696 8
9 5 8 5639 4
5 7 8 4631 3
5 6 6 5375 5
2 4 1 2954 7
8 5 1 4057 3
4 4 1 3035 9
9 6 9 5576 2
1 9 1 2013 5
9 1 7 2461 2
3 9 9 5381 5
4 4 4 3272 4
3 6 6 5640 7
6 7 7 4321 9
2 5 9 1739 2
8 9 8 2936 5
9 1 3 783 3
7 9 5 3077 5
6 7 4 70 3
8 3 2 5507 4
7 7 6 4927 6
8 3 4 5540 4
6 5 8 1352 7
1 1 4 4 2
8 1 7 3355 2
4 4 6 163 2
6 1 8 981 9
9 5 9 3477 5
9 1 9 2537 2
1 9 5 3133 9
2 1 3 2016 8
7 2 1 2495 5
3 4 7 4296 9
1 6 7 215 2
2 6 3 2859 7
7 4 8 5209 1
2 9 4 155 8
4 7 2 772 3
4 7 9 4540 5
4 8 1 4938 9
6 1 2 5854 2
1 5 3 2122 9
9 9 7 5425 6
3 1 6 5179 1
4 9 7 1550 7
8 6 1 187 6
7 2 4 504 6
8 3 4 4771 8
9 7 8 2680 5
8 9 4 3753 3
2 4 8 2586 9
7 8 7 2489 6
4 7 6 5537 7
5 9 3 1328 9
3 8 9 850 8
6 1 8 1639 1
5 8 2 29 5
7 2 5 1530 4
4 4 5 3842 9
6 2 1 4758 9
7 5 4 5944 6
6 7 6 4706 2
2 1 5 2653 4
4 1 2 3935 4
1 3 2 4876 1
9 8 2 5638 4
5 2 3 2987 2
3 4 5 4495 3
1 5 5 4199 1
1 2 3 3593 1
7 2 5 1935 1
5 4 7 3725 6
7 3 4 817 2
6 4 7 4140 5
7 8 6 2258 2
4 2 4 3471 5
1 3 4 151 8
6 7 4 3359 4
8 9 5 2192 2
8 8 1 1576 1
5 6 6 657 8
2 9 8 5311 8
3 6 4 905 4
6 6 8 5597 8
4 8 9 507 2
6 3 5 5189 2
4 6 8 4989 7
4 9 4 3322 9
1 7 8 822 8
2 6 9 193 6
7 2 9 1175 9
2 7 7 3420 4
2 8 1 3864 8
5 2 4 5579 8
2 7 5 1586 3
8 1 7 2800 9
3 3 5 5337 1
9 6 8 3327 7
8 1 4 2002 1
2 8 2 2136 6
1 9 4 203 7
2 8 7 1124 4
2 5 7 5273 9
4 6 9 5394 2
6 1 1 2497 9
7 5 4 2858 9
1 1 4 5909 1
1 4 3 4690 4
5 2 5 1264 9
5 6 5 5979 3
2 8 8 5266 1
6 9 5 3073 3
6 9 3 2205 5
9 4 3 264 7
2 9 1 4308 4
6 1 3 5849 5
3 5 9 5759 2
7 6 6 1051 3
7 2 3 3953 5
1 5 6 4092 1
1 1 8 3245 5
8 9 5 4954 6
6 8 5 4933 3
5 3 8 3587 9
1 2 8 669 5
1 2 5 4245 4
4 9 1 1611 9
5 5 5 5945 4
1 1 6 1182 9