200
7 8 2 2442 8
5 6 4 384 6
4 9 3 926 8
7 2 4 1894 3
6 9 1 2788 4
6 2 5 191 9
3 5 2 140 3
4 5 3 1228 6
7 6 5 29 6
9 6 1 1516 2
7 5 6 2239 7
6 5 5 169 5
8 9 3 1429 6
5 2 3 2500 1
4 1 7 2496 8
3 9 3 479 8
9 5 9 686 2
9 9 9 1359 6
6 2 4 2915 1
9 3 5 1097 7
7 9 3 1165 9
8 2 2 1575 2
2 5 6 2393 4
2 2 9 825 3
3 9 8 751 9
3 1 8 1037 2
5 9 7 1795 9
6 7 4 2924 3
5 8 3 1637 1
6 9 5 1935 6
8 9 8 496 8
3 9 5 2122 6
1 8 6 1764 8
6 7 4 261 3
4 9 8 336 1
8 8 5 2857 1
1 6 3 2009 4
5 6 7 2635 3
8 1 6 1743 4
8 4 5 2912 5
3 6 6 2783 9
1 4 8 2802 8
1 5 7 2451 6
8 3 2 550 2
9 3 3 2741 5
4 2 1 2398 3
3 3 9 1520 6
5 7 5 488 5
6 7 2 1029 9
2 5 1 146 6
4 3 1 643 8
6 2 4 2987 1
9 7 4 172 8
1 7 7 1073 9
7 7 8 523 4
9 8 4 1391 2
7 7 5 1065 5
6 9 7 2111 5
6 6 7 2667 7
8 5 9 681 4
8 6 3 832 5
3 8 6 2507 5
2 3 3 1710 2
9 8 5 2548 9
4 1 1 1708 2
4 3 4 2909 3
4 5 6 357 5
6 3 9 1852 2
9 4 8 1587 5
3 3 4 2316 9
6 5 2 1154 1
9 3 1 677 1
6 3 4 755 6
9 4 4 1206 4
4 2 3 1135 9
1 2 7 1540 3
1 6 5 561 2
1 5 6 2390 3
8 7 2 1097 9
9 5 8 499 6
8 1 1 17 5
6 7 3 2096 1
7 9 3 1835 2
1 7 5 826 5
3 2 2 1675 4
1 5 1 814 1
4 3 3 172 1
2 9 2 1716 7
8 4 7 2064 6
4 8 1 1666 9
4 3 4 243 6
6 4 7 556 8
4 9 8 1833 9
7 2 6 2988 3
9 2 9 2218 9
8 2 4 2398 1
2 3 2 1726 1
4 6 3 279 3
3 4 7 1152 4
3 4 6 275 6
8 3 9 2342 1
3 4 6 1789 9
2 8 8 832 6
7 7 7 1190 5
4 1 4 327 1
9 1 9 815 5
5 2 4 1016 5
9 4 3 1030 3
6 7 7 1617 5
3 8 4 1862 7
9 3 9 1053 4
3 5 3 2876 7
4 2 7 1660 3
4 7 3 2413 8
4 9 4 1898 9
8 3 8 2414 9
3 3 6 1156 9
3 9 4 1452 7
1 5 9 2037 9
2 2 1 1525 2
5 3 6 2676 6
5 8 4 2295 9
5 2 3 2557 2
9 4 5 1802 6
6 4 8 2710 5
7 5 8 2126 1
9 6 3 1343 7
3 9 5 2659 7
4 2 3 397 9
1 1 4 406 1
2 3 9 1047 4
6 3 6 2970 8
2 5 7 688 1
7 7 3 2919 3
8 5 8 44 9
1 7 9 467 1
5 8 6 765 9
6 8 1 2972 4
6 4 3 2120 4
3 3 4 1203 8
7 9 7 53 5
1 2 5 639 5
1 1 5 2058 2
4 5 5 171 4
6 7 2 2619 2
5 7 4 2948 5
3 9 9 2354 6
2 6 8 910 6
7 9 6 1011 1
5 6 9 182 7
5 4 4 1367 2
3 2 3 2833 9
1 3 6 2950 1
7 1 8 2489 4
9 6 7 2216 8
5 3 5 1084 5
7 4 9 703 8
3 2 6 2966 7
3 1 5 176 3
2 3 2 1790 2
6 3 6 2925 1
1 8 7 2398 3
6 6 8 612 8
6 6 8 888 3
3 8 2 1915 3
3 6 5 1458 6
2 6 3 985 3
8 9 2 2764 7
7 4 8 2288 9
5 1 8 2660 6
9 1 7 2874 1
5 1 6 2376 1
7 3 8 2981 5
3 3 9 995 9
4 7 5 2572 1
6 8 5 629 6
2 6 1 2227 8
1 4 2 2186 7
1 5 4 1369 7
5 1 3 2577 3
4 8 8 881 2
6 4 5 294 2
8 7 5 1183 2
3 5 2 690 1
7 5 3 728 8
4 4 7 2563 8
1 3 2 1798 6
2 9 6 2098 7
4 3 3 341 7
7 6 8 1622 6
8 7 4 284 5
3 6 5 463 6
7 9 9 1465 5
1 4 1 557 6
4 6 8 2224 4
4 5 2 420 4
7 6 1 318 2
1 4 4 1602 1
3 9 3 2339 5
5 9 1 76 7