150
1 4 7 19 4 
7 8 7 247 4 
4 5 2 679 6 
5 1 3 434 5 
8 2 4 515 9 
6 4 7 764 3 
2 3 4 118 6 
8 5 7 686 8 
1 2 8 26 3 
6 4 1 202 6 
1 8 8 721 9 
5 7 3 740 2 
1 4 6 170 5 
5 2 5 182 8 
4 9 3 144 1 
6 9 3 691 1 
7 6 9 588 5 
1 2 8 431 8 
9 8 1 729 6 
6 9 8 119 6 
1 2 5 321 5 
8 8 1 694 1 
7 7 2 97 6 
2 8 9 48 8 
4 9 5 688 7 
4 6 2 756 7 
4 8 1 351 9 
8 5 3 233 4 
2 4 3 216 2 
3 1 2 373 9 
4 9 1 409 3 
3 9 7 279 2 
8 5 4 716 3 
6 7 4 642 8 
3 2 8 414 7 
8 6 7 276 4 
6 3 9 357 7 
5 5 5 477 9 
4 5 5 473 5 
4 6 3 560 2 
6 8 1 285 2 
8 1 5 415 3 
4 9 2 120 6 
3 1 8 476 8 
3 3 5 729 8 
4 5 8 656 9 
9 9 7 493 4 
9 9 1 250 4 
3 7 1 641 8 
9 5 8 275 7 
3 5 6 481 1 
9 8 5 248 9 
3 5 4 379 3 
8 1 9 607 7 
4 4 7 202 5 
3 8 3 415 7 
8 2 7 736 5 
9 3 4 539 6 
1 9 4 602 9 
8 6 4 407 9 
1 5 2 193 3 
1 8 4 37 7 
7 5 1 559 1 
4 2 9 669 2 
1 1 8 566 7 
9 5 6 649 5 
3 1 3 311 7 
5 8 1 363 6 
3 2 8 42 8 
3 6 5 162 1 
3 2 1 559 8 
3 5 6 23 1 
5 8 7 355 2 
4 5 9 107 3 
6 5 9 724 8 
9 2 3 638 8 
7 6 5 624 1 
6 7 9 377 9 
7 1 1 68 1 
7 7 9 88 4 
3 1 1 232 1 
6 6 7 157 1 
6 3 2 22 1 
8 8 9 715 2 
5 5 4 149 8 
4 7 8 275 8 
6 9 7 484 1 
1 9 5 158 8 
3 8 5 663 7 
9 7 6 162 7 
7 1 4 112 9 
1 1 5 684 7 
9 8 5 126 3 
8 4 3 472 8 
9 9 1 160 1 
3 5 3 165 7 
5 2 7 440 2 
4 5 1 556 7 
6 7 2 547 2 
8 4 8 719 1 
9 5 9 648 5 
5 1 2 79 3 
4 9 4 203 4 
1 7 5 621 4 
8 5 3 218 2 
1 7 1 351 5 
2 7 4 24 3 
9 2 6 412 8 
3 8 5 548 1 
1 9 5 639 8 
8 7 4 611 3 
3 2 6 493 3 
9 5 2 592 4 
6 3 2 548 4 
3 5 4 75 4 
3 9 4 240 9 
7 7 8 591 1 
9 7 6 654 8 
1 4 4 637 6 
2 3 5 471 7 
9 3 2 210 6 
3 5 3 737 3 
4 6 7 477 9 
2 4 4 261 7 
5 2 4 132 3 
4 5 2 389 6 
3 3 1 410 5 
6 7 1 362 3 
8 6 6 69 1 
6 2 5 428 1 
1 4 1 459 9 
5 7 8 273 6 
6 5 5 151 8 
7 2 5 101 9 
2 6 2 499 9 
7 6 3 288 8 
2 7 4 114 2 
5 4 7 456 4 
4 7 8 327 5 
3 6 9 393 3 
9 5 3 662 6 
8 2 1 708 6 
7 6 1 463 9 
5 3 9 525 4 
6 1 4 561 9 
1 9 9 412 9 
9 7 5 172 3 
2 8 2 68 1 
6 4 5 19 3 
4 4 5 394 9 
