400
5 5 2 1593 4
2 3 2 697 4
3 3 10 449 4
6 3 4 976 4
7 5 2 1346 9
4 1 7 1524 10
5 4 8 1186 5
9 4 2 736 9
8 5 4 1025 3
4 2 2 890 6
2 3 5 599 4
4 2 8 877 9
4 2 6 1167 4
4 5 9 170 9
2 5 5 1516 7
1 3 3 1747 10
4 1 7 487 8
3 5 6 57 10
10 4 3 828 8
5 1 10 907 8
4 3 10 273 3
6 4 6 336 6
8 1 8 823 5
3 3 9 1326 7
2 3 8 266 4
8 5 10 1164 7
5 4 5 882 10
6 3 7 89 8
4 2 10 303 10
4 2 9 485 3
2 3 10 812 8
7 5 9 1696 3
3 3 4 973 9
1 3 6 1645 6
1 2 3 779 10
5 1 9 1727 7
8 4 9 783 6
4 5 3 1087 9
6 2 9 1403 7
9 1 3 1679 5
1 5 5 686 6
7 1 3 1545 5
8 5 2 731 8
1 1 3 1593 6
9 4 10 1793 4
4 4 10 1625 6
10 4 7 1367 9
4 1 2 1395 10
4 4 8 1064 3
7 5 7 196 5
2 1 8 209 5
8 1 3 165 5
8 1 5 1127 9
10 2 3 357 5
10 3 10 720 6
3 5 4 651 5
4 2 7 44 10
9 3 5 1475 3
4 3 6 1759 7
10 1 3 690 7
7 5 2 1618 10
8 1 7 657 9
5 4 5 1270 3
4 4 4 1100 4
9 1 5 833 8
4 1 9 1483 8
6 1 4 1165 4
9 1 3 1245 9
2 5 9 1314 10
3 3 9 1645 9
10 2 3 1544 10
10 3 4 802 6
9 5 7 187 10
1 5 6 1472 8
2 4 6 1123 5
5 3 4 1422 7
7 3 9 1302 9
9 3 6 1072 7
1 4 7 1562 3
6 2 4 1151 4
6 4 10 892 4
5 3 4 870 10
5 1 9 1351 4
9 3 2 160 5
1 1 3 983 6
2 1 7 1266 9
9 3 7 525 3
10 1 6 989 9
6 2 7 566 7
4 5 7 1113 7
2 4 2 163 6
3 2 7 143 10
7 3 5 1388 5
3 5 5 1130 8
1 5 8 1306 3
4 5 9 1514 5
5 3 2 1266 10
10 2 6 1614 3
10 1 6 649 8
8 4 10 1721 7
8 2 5 475 7
6 5 5 866 9
2 3 10 1521 9
5 4 7 1396 8
10 1 2 1631 5
10 4 7 1758 7
6 3 7 961 7
8 4 4 982 8
2 2 6 599 3
3 4 9 1750 5
8 5 4 847 5
8 1 3 835 6
9 4 2 260 9
6 3 2 29 10
5 3 2 1655 6
7 3 4 762 9
9 3 2 1549 8
1 4 9 673 4
7 1 5 1730 7
9 5 8 682 10
1 1 8 599 3
3 1 6 1461 6
1 1 5 670 9
2 5 2 1617 9
7 3 3 113 3
3 3 10 297 8
6 3 9 283 7
4 4 4 1240 9
2 4 6 1799 6
5 1 8 1470 8
3 5 8 788 8
9 3 4 461 9
1 5 10 583 4
2 1 2 1398 10
3 3 3 846 3
4 1 2 630 5
3 2 7 722 9
4 1 6 1628 5
9 3 6 291 10
1 2 10 236 7
2 5 7 634 5
6 3 8 1238 7
5 4 9 1085 6
10 4 10 626 10
3 1 6 809 9
2 5 2 1756 6
1 4 4 625 7
8 3 3 346 6
10 2 5 901 8
3 4 9 860 3
9 1 9 1655 7
5 3 4 172 5
5 5 10 1665 3
8 5 2 1591 10
2 1 3 676 6
4 2 4 1591 7
8 1 7 1005 8
6 2 10 948 10
7 1 4 1411 9
9 5 5 1709 10
1 1 10 1397 3
2 3 7 811 3
10 3 9 315 4
8 1 10 380 6
7 2 6 1149 9
9 4 5 915 9
7 5 2 546 5
6 3 5 1764 5
4 2 7 684 3
5 4 2 99 3
4 1 3 577 7
4 3 10 599 5
1 2 6 1561 10
9 3 3 208 5
10 4 3 772 9
3 4 7 742 3
8 4 6 1281 7
7 4 5 352 5
7 5 2 1390 9
8 2 8 388 4
2 4 10 1139 10
2 3 10 681 9
5 2 8 455 10
2 5 9 63 6
5 3 7 1438 4
6 3 7 605 4
10 2 5 797 8
9 4 4 83 3
6 4 4 213 10
10 1 3 1797 5
5 4 4 1028 4
2 2 7 1566 9
5 4 5 76 7
1 4 4 1185 4
8 3 3 1089 7
6 4 5 1466 8
8 5 8 1208 8
6 5 6 223 4
8 1 2 1646 7
10 5 4 254 6
9 4 5 1216 3
7 3 5 330 9
4 1 8 464 3
2 5 8 551 6
6 5 10 1676 4
6 3 7 1560 10
1 3 9 1008 9
7 1 3 1722 6
7 5 9 124 5
9 1 6 1458 3
2 5 5 738 3
6 3 2 606 10
7 2 5 1479 3
10 2 2 152 10
1 2 8 1760 4
1 1 8 1008 8
3 5 8 1106 3
2 2 6 1127 10
2 4 10 1606 7
9 1 6 954 10
4 5 2 685 8
1 5 8 871 5
8 3 2 1273 6
9 4 8 1449 10
4 3 8 1231 3
7 3 5 807 10
5 3 9 131 10
8 4 2 850 8
5 2 7 156 6
7 5 8 707 5
7 3 5 1077 3
2 3 3 485 9
7 2 3 666 9
10 4 4 642 5
1 5 6 1308 8
5 5 4 1700 10
6 4 5 400 7
2 1 7 842 7
2 3 2 868 6
6 4 5 1356 5
7 4 4 492 6
3 3 10 1179 8
2 4 2 840 9
8 4 8 41 5
7 2 4 1461 4
9 1 6 1222 8
4 3 4 940 8
7 2 3 985 5
5 3 7 1578 4
5 2 8 72 4
3 4 8 1530 9
4 4 8 342 6
5 3 2 315 8
1 3 9 816 7
3 1 5 1387 7
7 5 5 1266 5
2 4 10 516 10
3 2 9 48 3
2 3 9 176 5
5 2 10 532 4
2 4 2 795 5
10 1 3 894 8
8 5 6 1640 4
4 5 2 1107 10
8 5 5 1586 9
1 5 10 1685 4
8 5 7 20 3
8 5 7 502 7
2 4 7 693 3
10 4 6 1506 9
2 5 7 726 6
9 4 9 423 8
6 5 4 480 8
6 1 10 1600 8
9 2 5 612 7
8 1 5 506 6
7 1 3 98 9
1 2 5 203 7
10 3 8 1433 5
9 4 7 325 3
4 1 2 809 6
6 4 3 426 4
8 5 9 1197 5
7 4 4 1018 6
8 1 6 362 7
10 4 5 999 8
6 5 7 1375 8
3 5 2 63 7
8 1 9 443 7
9 3 5 700 8
4 4 3 255 8
10 4 10 929 9
6 1 4 31 8
5 4 3 402 10
1 3 4 1085 7
5 4 3 752 6
3 4 10 558 3
7 2 10 1340 9
6 3 10 245 9
9 1 7 1037 10
6 5 9 939 8
4 4 7 148 6
6 1 5 813 8
3 2 2 1242 4
8 5 9 1409 3
10 3 2 53 5
2 1 5 878 7
6 5 2 561 10
7 5 4 470 7
1 3 7 867 9
1 1 10 790 7
8 3 3 103 5
9 1 5 1331 10
2 3 8 782 4
1 5 6 275 8
9 4 3 1173 4
6 5 7 1383 10
1 3 6 1655 5
8 3 4 1245 8
5 2 6 1452 6
4 5 4 263 10
2 1 5 821 6
9 5 9 579 8
2 4 10 758 7
10 4 10 1744 9
10 1 7 28 8
10 3 6 592 10
3 1 7 1029 6
3 2 4 1757 4
6 1 5 487 10
3 5 2 790 3
6 4 9 1539 3
8 2 4 1226 4
3 3 8 1565 3
9 1 5 1144 6
4 4 2 982 9
2 2 5 76 7
8 4 5 842 7
1 1 4 1468 9
6 1 10 110 6
3 2 10 990 4
2 1 8 955 7
2 5 6 880 3
9 3 4 542 6
6 5 7 633 4
10 1 8 371 6
1 5 4 1266 4
10 1 6 1573 3
2 1 7 1089 7
8 1 2 1522 10
10 1 4 165 6
5 4 4 669 10
8 3 10 1494 6
3 2 6 77 7
9 2 3 536 5
9 3 8 141 8
7 3 9 1098 3
2 1 8 30 8
10 2 3 1598 8
4 1 8 873 8
9 3 7 1046 10
4 2 8 67 4
6 2 3 1525 3
2 2 3 162 4
5 1 5 763 8
2 1 9 1780 8
4 5 9 1121 5
1 4 3 680 8
6 5 8 1420 3
8 5 6 411 3
4 5 8 664 3
10 5 7 1293 4
4 5 3 1496 4
4 3 7 854 6
2 4 9 1013 8
3 5 7 1554 5
4 1 4 988 7
9 5 8 1058 9
1 2 9 1627 6
4 1 7 765 4
5 4 4 1133 6
6 2 10 97 9
3 1 9 216 10
5 5 9 205 8
10 5 4 435 10
3 3 5 450 3
10 4 3 395 5
7 3 7 1321 8
7 3 8 750 4
9 3 6 973 9
4 5 10 1254 9
5 4 2 1800 10
2 4 9 1259 9
9 5 10 1778 4
4 1 9 510 9
5 4 3 1342 4
5 1 3 1386 4
3 5 3 1030 9
7 4 9 233 4
7 2 5 965 8