50
1 3 9 88 8
9 2 3 136 4
8 2 5 116 3
1 4 5 169 3
8 4 8 186 3
6 2 8 82 10
8 3 9 146 7
5 4 5 156 10
4 2 7 221 7
10 5 4 97 4
10 2 10 215 9
9 1 9 52 6
9 4 2 238 3
1 2 7 111 9
9 5 5 273 10
4 1 6 160 9
6 2 2 110 10
1 2 10 218 4
9 1 9 125 7
1 2 9 136 5
1 5 3 176 5
6 1 10 253 3
3 5 9 17 10
7 4 2 159 10
9 3 8 76 7
6 4 6 244 6
9 2 4 35 5
6 2 2 110 7
5 3 5 85 5
7 5 8 203 6
10 4 9 30 6
3 1 2 256 8
1 5 5 111 8
4 3 10 132 4
7 4 10 108 10
2 4 5 152 3
2 5 5 43 9
4 4 7 151 5
6 1 5 110 6
6 3 3 246 7
3 5 8 41 4
2 5 10 260 6
10 5 9 66 10
9 1 2 223 4
10 5 2 193 7
8 2 8 177 7
4 4 10 264 4
1 2 5 134 5
7 4 9 233 7
10 2 7 169 8