450
4 4 3 371 7
10 2 7 1412 9
6 4 9 1864 5
8 4 4 851 9
9 5 10 846 4
10 2 2 176 7
2 4 8 1018 9
1 4 2 933 9
1 1 4 126 9
10 3 9 1967 6
6 2 5 339 10
10 3 8 1514 3
9 1 3 535 7
8 4 2 1533 9
9 4 4 1695 8
2 5 9 502 7
3 2 9 448 7
7 4 9 587 7
3 5 5 301 9
8 1 8 900 5
2 1 4 778 7
1 1 8 1108 10
2 5 5 566 6
7 1 7 1793 10
1 5 4 718 7
2 5 9 680 7
5 3 4 1688 10
1 2 7 494 9
5 5 2 1042 3
9 1 9 1857 8
1 4 9 1361 7
9 3 2 130 5
10 1 6 1678 7
3 3 4 1256 4
10 2 2 1247 3
1 5 8 37 9
6 2 4 1130 8
7 4 8 787 5
3 2 9 714 6
4 1 9 969 4
1 3 3 614 8
4 5 2 1926 8
7 4 2 1682 6
9 2 8 1175 4
7 5 6 1106 5
6 3 9 355 9
2 5 10 84 9
4 3 9 1239 3
5 2 9 468 8
6 4 4 1090 4
3 2 5 1412 8
10 3 3 367 6
8 2 2 1477 9
6 2 3 934 7
5 4 4 604 10
8 3 9 1308 3
4 5 3 960 9
4 4 8 1213 9
1 4 2 479 4
7 4 2 1929 6
4 5 7 1551 3
5 2 3 201 6
2 2 3 1696 8
2 4 8 1256 6
2 3 4 148 3
8 3 2 1025 8
1 1 7 147 6
5 5 2 456 3
9 5 4 454 4
8 4 6 595 8
5 1 2 732 10
4 1 5 1618 7
6 2 5 803 6
10 5 8 617 7
3 1 9 1069 10
1 2 10 2028 10
4 2 6 1000 7
6 2 3 1138 7
7 3 8 1166 6
2 1 5 1270 5
3 2 5 1471 9
2 4 6 1686 7
5 4 7 922 5
10 5 7 1887 9
5 4 10 291 3
2 3 4 1513 4
3 2 5 656 10
3 1 6 1682 7
10 5 2 1386 3
8 4 10 1128 3
2 4 10 1875 10
7 4 4 808 10
4 2 3 1272 10
5 2 7 1819 4
9 3 6 280 7
7 1 8 28 8
10 4 2 361 8
10 1 8 564 10
9 5 7 1079 6
10 4 9 947 6
5 3 7 1935 10
2 3 2 1852 9
8 3 4 216 5
7 5 5 1838 9
5 4 8 1955 6
3 1 5 1492 6
2 4 7 1805 6
7 3 6 730 9
3 1 9 1557 7
6 4 7 1201 7
1 3 9 1459 4
2 4 7 1890 5
3 5 3 490 4
2 5 3 1518 9
10 3 4 1802 5
5 1 5 1670 5
7 1 8 754 9
5 5 8 1725 5
3 1 7 948 10
9 3 5 1717 7
3 4 5 658 10
4 5 8 1669 9
9 3 7 544 9
2 1 5 678 6
9 1 5 336 10
3 3 8 242 5
10 3 7 818 9
6 2 9 1398 8
6 5 6 825 10
1 4 3 1440 9
5 5 7 656 8
7 1 6 1902 3
7 5 5 577 9
3 3 9 62 7
1 4 3 438 5
6 5 3 1243 10
7 2 5 1915 7
7 5 6 1639 6
4 2 6 376 5
1 2 5 13 6
10 1 9 1586 7
10 4 4 1435 6
3 1 6 1618 10
3 5 4 975 3
1 5 4 1682 7
2 1 7 770 7
7 4 5 194 5
9 5 3 229 4
1 1 3 724 8
7 3 2 1443 10
8 1 5 798 9
9 5 7 781 10
3 1 9 889 8
5 1 8 1389 5
2 4 9 1940 7
9 2 10 1597 5
1 2 3 1024 9
3 1 9 1503 4
6 2 2 1932 4
9 2 7 532 4
3 2 7 647 10
7 3 5 1319 9
8 3 8 1147 10
6 2 8 724 4
9 1 3 770 7
9 1 3 296 9
4 5 3 958 8
7 5 4 1925 5
2 1 8 1671 7
6 2 8 57 9
4 4 10 1273 3
8 1 7 68 3
7 1 10 1631 3
9 2 9 1815 10
10 3 7 2049 10
2 2 5 933 3
5 4 10 886 5
3 2 5 1549 3
10 1 4 792 8
4 4 6 1842 6
6 2 9 1662 10
6 3 6 735 10
5 1 4 734 7
7 4 5 1921 8
1 5 10 188 4
2 4 2 483 10
1 3 6 92 10
8 4 10 1056 6
2 4 2 1930 3
6 1 8 1501 10
7 2 9 92 9
8 5 2 247 9
3 3 4 1887 7
5 5 4 1312 7
5 2 10 201 5
3 1 4 1423 7
7 1 8 1770 5
3 1 9 370 4
7 2 3 293 3
9 4 6 1471 6
6 1 9 43 6
8 2 6 1748 4
3 4 10 1442 6
4 5 10 1782 10
8 1 6 1252 3
9 4 7 744 5
6 3 7 1233 10
8 3 6 1540 10
5 2 3 490 4
9 4 8 555 5
3 1 10 1517 6
5 5 6 601 4
7 2 10 22 6
7 3 8 1898 9
1 1 8 1256 7
1 2 3 1070 3
7 5 6 629 7
5 2 10 1800 7
6 1 3 104 3
9 4 10 1379 6
7 2 9 1788 7
4 1 3 967 8
4 1 8 374 9
4 3 3 1014 4
3 1 7 1014 3
6 1 6 2016 6
6 3 8 154 8
4 4 6 748 10
3 4 10 832 5
10 2 9 689 7
8 4 6 1347 7
10 1 4 1976 5
2 2 9 1932 4
8 3 7 956 4
10 5 3 440 6
2 5 6 1109 4
3 3 7 1462 5
3 4 3 1278 5
1 2 5 570 8
9 3 6 1116 6
7 2 2 11 8
9 3 8 1855 4
8 4 9 1568 8
1 3 2 1066 10
4 3 2 1500 10
9 2 8 1911 10
2 4 4 973 5
9 1 10 1493 9
9 5 10 261 10
2 1 3 1848 10
10 4 7 1086 5
3 3 10 1456 10
9 3 9 126 6
2 1 6 734 7
1 1 5 51 6
2 4 8 877 9
2 3 9 1339 5
2 4 6 282 10
2 4 4 1576 9
2 3 4 845 5
5 5 6 182 5
5 2 3 710 9
4 2 7 1761 9
1 1 10 1058 7
7 1 7 2054 5
9 1 8 1137 8
7 5 9 272 4
2 1 7 1128 7
3 5 9 50 7
4 3 3 1386 3
2 4 8 1773 7
3 2 4 1521 8
6 2 4 496 6
10 5 6 645 4
8 2 3 1845 10
2 2 8 1044 4
6 2 10 1529 6
1 1 6 446 5
10 5 4 77 5
5 5 7 172 9
10 4 10 516 8
6 4 6 462 4
7 1 8 1946 4
10 3 5 1576 7
4 1 7 794 6
8 1 5 1475 4
1 1 6 1549 4
8 2 8 1294 4
3 5 6 1688 8
1 1 5 669 5
7 3 8 1286 5
2 2 8 800 8
2 2 9 129 3
10 3 6 575 6
10 1 2 1273 4
2 1 6 888 4
10 1 4 1869 9
3 1 3 1040 6
3 5 5 1028 3
10 5 6 115 10
9 5 6 1986 3
9 4 7 1357 4
2 1 7 1795 8
4 3 10 149 6
10 3 7 1043 7
2 4 4 1929 4
9 5 8 388 10
10 3 8 2039 7
4 5 5 2003 4
10 2 3 1403 4
2 1 4 1919 3
9 3 3 1366 5
6 5 4 674 6
4 2 10 331 9
2 5 5 325 4
5 3 6 238 7
2 5 8 15 9
10 1 9 2013 5
3 5 6 979 4
3 2 9 1298 6
5 3 7 1063 10
7 2 6 861 8
6 4 8 347 6
8 3 3 1178 10
2 3 8 307 4
5 1 8 158 4
1 1 3 1074 7
2 4 2 294 7
4 2 7 304 4
2 2 4 1855 10
10 5 8 142 6
1 5 10 485 4
1 1 9 1441 8
8 2 4 1022 3
1 5 3 10 6
5 1 5 934 7
3 5 8 973 5
3 5 10 1999 10
7 4 7 425 9
8 2 2 649 7
9 5 3 1732 4
10 3 3 1207 9
2 3 10 33 5
3 3 8 1699 3
9 1 4 54 5
1 3 10 1496 8
6 3 8 1450 4
3 3 6 734 9
5 4 6 1545 9
9 4 8 1710 9
10 2 9 479 10
10 3 3 699 6
9 4 2 856 8
6 1 7 1060 3
4 5 7 1075 10
8 1 9 323 8
8 4 3 905 4
10 3 4 432 5
8 5 8 1158 3
2 1 6 1129 5
9 3 5 1185 3
2 2 10 1971 6
6 1 3 1513 7
5 5 10 1329 9
1 2 5 1780 6
8 4 2 693 4
2 2 9 1002 7
4 3 5 1948 6
9 3 7 2025 3
8 2 3 1699 9
2 4 9 634 10
1 3 2 1056 4
9 4 7 211 7
2 1 6 1108 4
2 1 2 1795 5
8 5 9 873 8
1 5 8 298 5
10 3 6 1265 4
1 5 10 936 7
9 4 2 234 9
8 3 10 710 7
2 5 9 1483 4
1 4 8 482 4
10 3 4 165 4
4 4 5 1764 7
10 4 10 993 3
9 3 7 1194 3
10 5 8 1425 9
1 3 6 446 5
5 5 6 489 7
7 4 4 965 4
9 5 10 672 6
1 3 8 1314 6
7 1 7 1554 6
2 2 6 216 8
8 4 8 1758 6
1 2 10 916 3
6 4 6 444 3
9 5 8 1831 6
9 4 7 1649 8
6 5 4 1991 6
8 5 4 1220 3
4 2 7 222 8
4 5 2 1679 4
2 1 8 1518 3
7 5 9 399 9
1 2 3 1684 10
7 1 7 893 10
5 3 3 1519 8
9 5 8 104 4
9 4 6 1033 10
1 4 7 1684 10
9 5 4 524 3
5 4 7 1655 5
1 2 6 1769 4
3 4 8 1278 3
3 5 7 1068 8
10 3 5 930 7
6 4 8 1605 10
1 4 5 1805 8
2 2 5 1174 3
6 3 5 494 4
9 4 10 767 4
5 1 4 1332 10
5 5 8 913 5
2 3 10 729 3
7 1 2 710 9
8 5 10 1618 10
9 1 8 1098 10
1 2 3 998 6
3 1 5 1385 8
6 2 5 1335 4
3 4 7 1427 6
6 4 2 1391 6
5 3 9 621 7
6 4 8 315 7
6 4 10 1742 5
7 4 2 219 3
6 1 8 1623 10
2 5 4 1922 4
8 2 3 1332 4
1 4 9 718 6
9 5 8 411 10
7 3 6 417 4
7 1 8 999 6
9 1 3 1522 9
3 1 4 2052 8
3 1 3 572 8
7 5 5 1227 10
8 5 10 1013 6