350
1 6 6 1402 4 
5 2 2 1076 6 
5 4 6 938 1 
9 5 7 1150 2 
5 8 7 1631 6 
4 1 8 1311 2 
7 5 7 597 7 
1 4 8 377 9 
1 6 1 804 1 
7 9 5 1508 4 
2 7 3 732 9 
5 4 7 218 2 
2 5 7 1445 1 
2 4 6 1206 4 
9 5 2 1020 4 
6 3 6 431 9 
6 5 2 600 2 
3 6 2 64 7 
7 5 4 177 5 
9 4 6 409 4 
3 9 9 1034 9 
6 7 9 598 9 
9 8 1 897 1 
2 5 1 577 7 
5 2 7 1627 8 
2 8 2 38 4 
3 2 2 15 5 
1 5 5 1721 5 
8 2 4 886 3 
9 9 1 198 4 
3 7 4 698 5 
7 8 3 705 8 
6 1 9 1613 7 
3 1 8 686 6 
4 3 5 1126 2 
1 5 2 189 2 
3 4 8 1394 3 
1 9 1 1147 8 
3 9 4 1116 2 
6 1 7 453 7 
6 9 2 151 9 
1 1 2 10 8 
3 7 7 1357 5 
3 6 6 324 5 
3 2 4 1071 8 
5 9 3 962 1 
8 3 2 134 8 
1 1 9 298 9 
2 4 8 963 7 
4 9 8 722 2 
4 4 3 329 1 
5 5 1 832 6 
2 3 3 1100 1 
1 9 6 88 9 
4 2 3 1561 8 
9 1 7 157 2 
4 8 7 28 8 
3 1 1 347 1 
7 8 3 1369 3 
9 2 7 976 9 
3 7 4 215 8 
1 1 4 548 9 
1 6 1 1631 7 
7 3 2 115 6 
5 9 5 1557 8 
6 8 8 929 3 
8 9 8 947 7 
9 4 8 664 2 
5 3 9 1740 5 
8 3 7 607 7 
4 4 1 264 3 
5 8 4 389 5 
4 9 7 445 6 
4 5 3 1102 3 
3 5 2 914 1 
1 1 7 796 8 
2 3 1 361 8 
9 4 6 611 6 
7 8 4 1093 1 
3 6 7 1668 3 
8 5 7 97 1 
2 8 4 1213 5 
4 2 5 991 3 
1 2 4 322 4 
6 6 3 1269 8 
8 9 3 27 6 
7 7 2 522 3 
8 9 9 878 1 
7 9 6 712 9 
4 3 1 389 5 
5 2 9 319 3 
4 9 8 550 6 
1 3 5 1055 9 
1 1 7 1137 6 
2 2 2 1707 2 
1 5 6 386 6 
7 5 7 589 7 
9 5 6 1321 7 
4 1 9 171 8 
9 4 9 1110 4 
8 6 3 284 8 
6 2 3 925 4 
8 4 9 412 1 
3 6 5 445 5 
4 3 9 681 5 
4 5 5 724 2 
3 9 4 1198 2 
8 3 5 1463 9 
6 9 9 567 3 
7 8 2 1434 7 
5 5 2 985 7 
8 4 7 226 5 
4 3 5 875 8 
2 5 2 26 2 
8 7 3 507 8 
4 7 1 979 6 
8 9 1 704 6 
1 1 3 1356 2 
6 7 7 1594 4 
5 6 2 1042 1 
4 5 7 1305 4 
6 4 9 402 3 
5 8 4 510 4 
2 3 7 506 5 
9 5 4 1234 7 
4 1 3 1486 9 
1 9 6 611 2 
8 1 2 276 7 
8 8 8 1673 4 
6 2 1 936 3 
1 5 8 1145 3 
8 3 5 1475 5 
6 7 2 1344 2 
2 2 7 124 7 
6 3 4 42 3 
8 5 2 689 6 
3 4 7 435 2 
8 7 7 1130 7 
5 7 9 1508 8 
1 6 1 845 6 
3 2 3 1035 3 
7 9 5 1739 9 
8 2 8 1368 8 
3 9 3 535 2 
7 4 1 679 8 
4 9 8 1015 4 
5 6 4 1393 6 
2 5 6 1172 5 
2 1 1 286 8 
9 5 9 1205 6 
5 6 3 1457 6 
5 2 2 1660 3 
9 7 3 1262 3 
7 7 5 1165 3 
9 9 1 1247 4 
7 3 7 693 6 
6 2 7 338 5 
5 5 8 1610 6 
2 7 6 731 5 
9 2 8 1056 3 
1 8 4 1146 3 
4 5 9 1246 8 
8 5 6 1308 5 
4 7 5 37 7 
1 7 4 839 5 
7 5 6 478 5 
2 9 3 864 8 
9 3 8 1611 9 
6 4 3 162 5 
9 6 1 1095 5 
2 5 1 303 1 
8 6 6 1622 2 
9 1 1 1698 4 
9 1 8 127 2 
6 8 3 968 7 
1 1 1 1098 8 
5 9 4 1489 7 
9 2 2 156 3 
6 9 2 1309 6 
6 2 8 974 5 
2 6 4 1305 8 
6 4 4 1551 2 
7 2 5 1155 6 
7 8 9 238 1 
5 3 5 1485 5 
2 5 5 1419 2 
5 9 2 758 1 
6 4 2 209 1 
6 9 3 1488 1 
1 3 7 1636 3 
8 1 1 1155 6 
9 8 4 1707 7 
3 5 3 808 2 
2 3 3 1071 8 
3 8 1 1456 3 
1 5 9 1331 4 
9 4 9 1391 4 
4 7 1 951 6 
3 9 8 1120 9 
3 3 3 1070 7 
8 5 6 685 9 
1 9 2 1491 2 
1 1 1 1007 1 
5 3 9 884 7 
5 5 3 1738 2 
8 2 5 1732 3 
6 4 2 1373 2 
7 4 3 1484 8 
5 3 3 464 2 
9 3 5 1374 9 
4 2 7 122 1 
1 3 6 814 2 
2 4 7 458 2 
6 8 3 1240 2 
9 4 3 1157 1 
9 1 4 955 5 
6 1 3 1734 8 
1 3 1 509 9 
1 4 9 1130 2 
4 6 8 1561 3 
6 7 3 1420 8 
4 1 3 442 2 
4 4 7 1245 5 
3 2 9 1480 7 
5 1 8 1201 1 
5 7 2 1584 2 
3 1 3 177 4 
7 2 2 777 9 
6 6 2 493 5 
1 9 1 543 1 
3 1 8 1105 1 
7 3 9 601 2 
3 4 8 1400 5 
3 2 7 1004 7 
8 7 5 1381 2 
3 9 2 718 1 
8 4 8 1696 4 
7 2 2 774 9 
6 6 5 1619 3 
5 4 9 1101 7 
3 5 3 450 6 
3 1 9 1364 8 
7 4 2 1336 5 
3 6 2 1377 9 
3 6 5 680 8 
6 4 5 758 8 
4 6 6 631 3 
4 5 2 1270 3 
3 6 3 290 4 
1 5 9 1095 4 
1 8 4 979 6 
1 6 3 1400 5 
2 8 2 462 2 
7 3 8 346 9 
7 3 1 1374 2 
8 1 7 904 7 
6 4 9 1079 1 
9 7 1 1192 1 
8 1 3 1695 5 
1 1 3 1635 3 
8 5 3 441 5 
8 3 8 1402 4 
6 4 8 1736 2 
5 4 5 109 3 
3 4 2 99 7 
9 6 9 1312 1 
8 5 9 839 5 
6 4 9 394 7 
3 8 6 995 4 
2 5 4 517 9 
8 7 9 191 3 
6 9 9 1069 1 
3 8 9 471 1 
3 3 7 55 6 
7 4 1 505 8 
8 4 1 1028 2 
3 1 4 1107 3 
9 6 4 1394 5 
2 5 4 1542 3 
6 8 6 437 1 
9 1 7 1704 2 
1 6 5 1685 5 
1 2 8 721 7 
3 2 8 1739 7 
6 4 5 1456 5 
2 7 7 688 2 
6 8 4 1593 9 
6 6 6 664 8 
7 5 5 27 9 
5 2 5 176 9 
3 9 6 388 9 
2 9 9 1055 5 
7 8 1 1671 6 
3 5 3 347 8 
9 5 1 1345 4 
1 7 1 739 2 
4 1 5 1470 1 
1 4 7 1318 1 
4 9 7 592 5 
3 3 4 29 3 
1 3 9 1596 2 
9 9 6 1122 7 
6 9 8 38 6 
6 4 4 1486 2 
8 3 2 738 9 
6 1 9 1263 6 
2 8 2 12 8 
6 3 3 637 5 
4 2 3 729 8 
4 5 5 1337 7 
7 3 4 813 7 
7 9 1 1681 2 
9 7 5 703 9 
3 1 3 586 6 
2 5 7 220 7 
8 4 7 494 3 
8 2 3 940 6 
1 8 2 1001 1 
2 2 4 620 1 
9 4 7 720 9 
2 3 2 1081 9 
3 9 1 1190 9 
5 1 8 442 7 
5 5 5 276 8 
8 7 2 675 1 
5 4 5 242 4 
3 5 4 1371 1 
7 3 4 99 4 
9 5 6 1061 7 
5 4 9 504 1 
6 6 3 545 8 
4 6 9 1371 3 
7 3 2 268 5 
9 8 2 498 5 
1 3 5 489 3 
8 5 7 1572 9 
1 7 8 386 9 
3 3 2 564 6 
6 7 8 1219 3 
5 6 6 762 6 
9 2 6 936 9 
2 5 2 1583 7 
9 2 6 1388 6 
7 4 3 1670 4 
5 4 3 653 4 
3 5 4 959 4 
7 1 9 602 7 
2 1 7 992 3 
3 9 4 1554 7 
9 6 4 1155 9 
