200
8 1 5 728 6
2 2 8 125 10
9 1 6 115 5
1 2 8 431 8
3 4 7 257 4
4 1 9 223 4
7 1 5 724 8
4 1 5 348 10
1 4 4 200 6
10 1 8 330 4
5 3 10 391 8
10 4 7 877 5
9 5 4 18 10
1 4 7 511 3
5 1 5 655 9
7 3 7 438 9
4 3 8 692 7
9 2 6 372 7
8 5 7 704 8
9 3 4 304 6
1 4 4 77 7
3 3 8 541 6
6 4 10 288 8
2 2 5 772 6
6 5 4 926 10
2 2 4 921 7
10 1 8 789 9
9 2 2 444 7
2 4 4 773 9
4 4 2 687 4
7 3 10 854 9
6 4 6 617 6
8 4 5 179 3
8 3 10 715 10
9 1 5 570 4
4 4 5 551 7
1 4 2 34 10
3 3 3 47 8
7 4 9 522 10
10 5 7 201 5
4 2 4 681 7
7 1 6 574 5
1 2 10 919 7
5 3 4 421 7
4 1 7 487 4
7 4 9 189 5
8 3 2 441 10
1 2 5 490 3
6 4 5 313 4
8 1 3 122 10
5 5 9 607 7
7 3 8 490 5
7 4 10 844 8
3 5 7 586 7
3 3 3 833 10
6 4 7 548 4
6 1 3 231 4
1 4 6 240 4
1 2 7 278 8
6 5 6 756 8
2 5 3 537 6
7 2 8 420 10
10 3 2 906 10
9 5 3 132 7
5 5 8 625 8
8 5 8 636 8
4 2 4 353 6
9 4 4 37 3
3 4 9 557 3
4 1 6 598 9
9 3 3 398 5
9 2 3 685 5
10 1 3 643 7
10 1 5 687 7
4 4 3 512 8
6 4 2 908 6
6 4 9 430 6
4 4 5 560 8
2 5 8 48 10
3 4 8 231 7
10 3 6 348 7
9 1 5 882 6
5 4 4 577 7
10 4 5 43 5
1 2 9 393 10
3 4 5 321 7
2 5 9 461 9
9 4 8 383 8
7 4 8 213 5
7 4 7 654 6
2 2 8 21 4
10 1 6 796 5
8 1 6 82 7
2 5 3 607 8
7 1 10 721 9
1 5 10 592 5
10 1 10 275 9
2 1 3 681 10
6 1 10 150 9
4 5 6 749 4
8 3 2 77 9
6 1 8 495 3
6 3 5 581 8
6 1 5 492 6
9 4 6 56 6
5 5 2 730 4
8 4 2 204 9
3 4 9 819 7
8 3 6 485 9
3 4 3 597 9
3 4 2 681 5
5 2 7 413 6
10 3 6 891 5
9 1 7 773 5
1 5 2 346 7
2 1 3 219 5
8 1 10 806 10
8 5 8 93 5
7 3 3 809 8
9 5 10 74 3
2 5 8 565 9
4 4 9 143 3
6 1 9 99 9
2 4 4 485 10
9 4 8 506 10
1 3 6 490 10
10 4 7 409 4
5 2 3 200 6
4 4 9 478 7
6 3 10 30 6
4 1 6 239 10
8 2 4 611 4
10 2 5 238 7
7 1 5 226 6
7 1 9 744 8
5 5 2 638 9
4 5 6 597 7
10 3 7 901 9
5 3 5 682 8
6 5 8 829 8
1 3 5 419 5
7 1 4 893 5
9 2 9 223 8
7 3 5 109 7
8 2 5 104 6
1 4 6 639 4
8 2 4 813 9
2 1 5 679 5
10 4 3 353 9
1 2 9 694 3
10 5 10 537 6
5 3 7 866 9
4 4 2 796 8
6 3 6 834 9
2 2 3 112 6
3 1 9 911 6
2 3 10 264 10
1 3 4 713 7
7 2 8 737 3
9 1 7 165 10
5 1 9 455 6
5 5 4 681 4
9 1 8 120 7
2 1 5 891 5
1 5 4 298 10
1 4 8 646 7
3 2 7 79 10
2 1 7 34 3
9 4 10 253 8
10 1 3 308 10
4 2 6 259 6
8 2 10 665 9
5 4 9 780 4
10 1 6 861 4
3 1 5 78 7
9 1 4 60 7
2 1 2 482 10
9 1 10 471 8
5 2 6 509 6
2 1 8 797 7
2 4 2 148 8
4 1 6 123 10
8 1 10 339 7
10 1 2 168 3
9 2 4 916 5
6 4 4 923 7
2 2 7 820 6
6 5 2 278 3
8 4 7 362 7
10 3 7 766 4
10 2 4 319 6
8 1 4 365 5
10 1 3 172 6
2 4 10 450 6
2 5 3 577 10
9 3 8 158 8
7 1 6 136 9
6 2 3 19 7
9 1 10 298 10
10 4 8 677 10