500
1 1 7 2123 4
7 1 3 2205 10
5 5 10 1050 7
7 1 10 48 10
5 3 9 1707 9
10 1 6 1976 9
4 4 2 1935 5
1 4 6 328 9
6 1 10 2370 7
5 5 4 1152 7
3 5 6 886 7
3 4 5 910 4
3 2 6 1625 4
10 2 2 1519 8
1 2 9 1896 8
2 5 2 2286 8
2 2 3 1503 8
5 3 4 1450 5
2 1 5 2010 7
8 2 2 846 6
9 4 2 1195 6
6 5 8 114 10
8 2 7 2121 3
8 5 7 2265 10
5 4 4 173 6
10 5 8 962 10
2 3 6 329 6
2 3 6 1722 7
4 2 4 2083 5
4 1 9 79 6
1 2 7 1464 9
5 5 5 1125 10
3 5 9 1663 5
2 5 9 1359 5
6 2 7 689 6
9 4 6 838 8
9 4 8 2144 10
10 4 5 302 8
1 4 5 1950 6
4 2 6 20 3
10 5 10 1619 6
10 3 10 166 7
7 4 3 1939 7
2 3 2 2042 8
9 3 6 2389 6
9 4 10 2431 4
2 3 8 1915 5
4 2 5 270 5
10 2 6 1148 5
8 3 2 2324 5
3 4 6 1219 8
7 5 4 1964 5
10 1 2 1454 7
2 2 5 1843 10
5 1 7 1168 4
1 2 9 517 7
8 1 3 2320 4
4 5 7 2107 8
4 4 7 504 4
4 1 8 734 9
9 5 2 2351 5
9 3 6 1763 7
10 4 10 1072 9
10 5 2 1810 7
9 2 2 1171 9
2 5 7 897 10
9 4 6 1106 3
2 2 4 1511 7
6 5 8 2092 10
9 4 3 1645 3
3 4 10 382 9
1 5 9 2361 3
4 2 3 124 5
7 1 2 2031 4
10 2 5 466 7
6 5 8 2299 9
9 2 5 1759 4
8 5 4 1292 7
7 4 9 2168 5
7 1 3 1753 4
10 1 10 567 9
1 2 2 1932 6
10 3 4 1491 10
6 1 2 1839 9
1 3 10 2045 4
4 1 2 2236 8
1 2 7 1338 10
7 5 8 225 8
3 1 8 265 8
2 3 5 1785 4
10 1 3 1515 10
9 1 7 992 9
3 2 5 1935 7
2 2 3 359 7
10 5 7 2287 4
8 1 5 279 3
5 1 5 1836 5
8 5 2 2041 10
1 2 4 1270 8
2 5 3 1564 7
6 4 5 31 4
2 3 9 1912 4
2 2 7 1902 9
7 4 8 710 8
9 3 3 2059 6
1 2 2 153 10
9 3 3 1387 5
4 2 9 418 6
7 2 10 1317 10
2 2 6 423 9
1 1 6 339 4
8 4 4 345 7
6 4 4 2226 4
4 1 7 2228 9
1 5 10 1859 4
8 3 7 362 8
2 2 9 761 4
9 1 9 1081 7
10 5 8 315 9
3 4 8 2036 10
1 2 6 248 4
10 1 3 1639 4
1 2 7 2287 7
1 2 5 324 4
7 4 9 1479 9
3 5 6 765 6
4 3 7 1469 10
10 2 9 1654 6
4 5 7 254 10
2 3 8 1349 10
6 4 5 1322 8
8 3 5 1546 9
5 1 4 1040 9
7 3 2 966 4
8 2 2 1621 10
3 2 8 1273 6
9 5 3 823 7
1 1 4 906 6
10 2 4 667 10
7 3 2 1212 8
10 2 7 595 9
4 1 3 1216 7
10 1 4 423 10
3 2 9 1190 8
7 4 4 1712 9
9 5 9 459 3
9 1 6 1417 7
10 3 7 2133 5
3 1 9 38 3
7 3 3 2083 10
4 5 7 1261 3
10 4 2 2101 7
8 4 4 26 4
2 3 5 551 5
1 5 7 1295 6
4 3 5 1013 4
5 3 10 538 3
2 2 4 199 3
7 5 10 248 9
6 1 2 1347 10
7 3 3 2345 7
2 5 4 1533 8
4 5 10 1794 4
10 1 8 1279 4
5 1 7 1595 10
6 3 6 1018 4
5 1 2 1235 3
2 3 2 1348 10
8 5 4 413 5
6 5 8 2177 4
7 2 7 1328 8
4 1 7 1143 10
7 3 5 70 10
10 3 2 530 9
10 4 5 720 6
6 5 5 844 6
8 4 7 756 6
2 5 2 1186 10
4 4 9 1013 4
1 2 4 2386 9
3 3 8 1233 9
10 3 9 2054 7
1 2 8 2077 7
7 4 8 1448 5
10 5 3 936 4
5 3 10 494 8
1 5 10 942 10
6 5 8 368 8
9 4 3 1529 10
8 1 10 2418 10
5 4 2 2321 7
2 1 5 1011 8
4 1 2 1140 9
10 2 9 1029 8
7 5 5 928 7
1 3 4 1711 8
5 4 2 1451 8
4 2 7 327 9
9 4 10 661 7
9 2 4 190 3
9 4 8 678 6
10 5 10 94 9
4 1 4 40 7
3 2 6 2158 10
4 5 3 869 6
10 3 3 196 6
1 3 5 35 9
10 4 8 2031 10
6 2 9 322 10
5 1 2 2363 4
9 3 10 1371 7
4 4 6 372 10
9 3 6 1958 4
3 3 10 2247 5
9 5 9 859 9
10 5 6 1210 4
7 4 4 1506 8
5 3 3 330 4
2 3 9 1840 7
8 5 4 1178 9
10 2 2 2290 4
9 5 8 1734 3
3 3 10 1795 4
9 5 8 136 6
4 3 5 1351 6
8 4 2 508 10
9 2 10 1821 9
3 3 9 985 6
5 1 8 916 6
6 5 4 2159 8
3 1 5 1931 3
10 4 9 882 7
8 4 8 291 8
8 2 2 1235 10
5 2 2 2239 10
8 2 5 1844 6
7 5 10 1249 5
6 5 8 1167 4
9 1 2 2114 5
7 1 10 1879 8
6 5 10 1006 3
3 2 10 182 8
6 3 7 1992 3
10 5 9 816 6
9 2 3 1568 8
7 4 5 1908 5
8 5 9 2405 4
1 1 10 1237 5
5 2 10 2222 9
5 3 6 269 9
8 1 2 1632 6
5 5 7 437 6
1 1 3 2393 7
7 1 2 906 6
9 2 4 1573 9
1 5 8 2232 10
8 1 9 152 10
4 3 5 293 8
9 5 6 406 4
7 1 3 1465 4
9 2 9 1501 7
8 1 10 1752 7
6 4 6 1097 8
5 1 3 1218 4
5 5 9 2440 10
4 2 7 1270 9
5 5 10 623 8
5 2 4 2073 8
4 5 2 1199 5
3 4 10 216 5
8 3 8 354 6
7 4 7 1058 6
6 2 5 282 8
6 3 5 470 6
3 4 6 185 4
6 1 9 1464 3
2 3 9 177 9
2 1 3 958 8
7 4 9 209 9
10 2 4 1509 4
9 3 7 125 3
8 4 7 479 4
8 3 4 2304 7
8 4 4 1255 9
7 2 2 711 5
8 1 6 1111 5
10 5 8 608 8
7 2 5 1767 10
8 1 4 2017 9
3 5 6 326 8
7 3 8 1640 9
6 3 6 275 3
7 2 9 390 4
2 1 3 1755 4
9 4 9 1399 3
8 4 3 1695 6
9 1 4 2409 4
9 5 2 1158 7
3 4 8 1668 6
9 4 9 1680 7
8 5 10 1229 10
5 2 7 1715 9
3 4 5 680 4
3 2 10 1700 9
1 2 10 1835 4
3 2 6 887 4
6 5 4 770 8
1 1 5 1285 5
6 5 9 780 9
5 1 6 908 3
10 4 4 2067 4
6 4 10 2255 10
4 5 3 758 9
9 2 2 1929 10
7 1 10 788 8
7 1 10 1590 10
6 5 4 1458 8
5 1 3 1453 5
9 5 7 2318 6
1 4 9 2365 7
9 1 2 1180 8
8 3 5 54 5
8 3 8 1690 7
3 1 6 2095 7
5 4 8 515 9
6 5 3 1523 8
9 4 10 551 6
9 3 6 980 6
9 5 6 2154 10
6 5 8 1555 5
7 2 7 2183 10
5 1 2 134 7
4 2 4 173 3
9 3 4 893 7
5 5 4 1513 6
4 4 7 1288 9
4 3 4 284 4
9 5 10 2204 8
9 1 3 1532 4
1 4 6 574 9
7 5 7 906 5
1 1 7 215 6
9 4 6 446 3
3 5 7 1826 10
6 2 5 1624 8
9 2 6 1132 3
2 5 9 158 7
3 1 9 683 3
10 5 6 105 9
6 1 5 1237 4
4 4 5 642 3
6 1 6 2076 3
3 5 8 573 7
10 5 7 1871 8
3 2 8 556 4
7 3 2 553 10
7 4 10 1040 9
4 5 7 1832 5
9 5 8 2336 9
2 1 8 1403 6
1 2 10 737 10
9 1 8 525 10
5 5 6 396 4
3 5 9 949 4
5 2 3 1353 4
6 1 9 1631 4
1 2 2 1789 5
6 2 9 486 3
1 5 4 1632 7
7 5 3 1283 8
2 4 2 1643 6
4 5 8 2190 6
9 1 3 41 5
2 4 3 1653 5
2 4 7 2307 7
2 4 10 747 4
6 5 8 263 5
9 1 4 2014 7
9 4 5 731 8
9 3 10 2004 4
3 5 10 1803 7
9 4 5 1937 3
3 5 6 1216 5
3 5 7 2241 7
10 1 9 2275 9
10 5 10 1894 9
5 1 5 1713 3
8 3 9 144 3
7 2 10 1604 6
7 5 6 2240 7
1 2 10 723 7
3 2 3 1165 7
3 3 7 797 6
1 5 9 1848 9
9 2 8 1141 3
2 4 3 1278 7
5 4 7 1721 9
6 3 6 75 3
10 3 6 1582 3
1 3 10 1091 4
3 3 4 2215 10
2 1 7 1058 10
9 3 10 1350 6
2 2 2 1346 3
10 3 3 1901 10
3 5 4 794 4
7 3 3 37 10
8 5 4 1187 9
4 5 8 630 7
6 2 4 799 3
7 1 4 968 6
4 4 3 283 10
4 5 8 430 4
9 5 7 341 10
4 2 7 2124 7
4 5 4 375 5
8 5 9 701 7
10 2 3 499 3
10 4 10 1439 10
9 5 6 1783 9
5 5 8 1425 3
6 2 9 1540 5
9 5 6 1986 4
6 5 2 34 6
5 3 10 1923 3
3 3 10 648 4
4 5 10 2379 10
6 5 2 1851 10
2 2 9 802 5
4 1 6 792 8
9 2 2 791 8
4 3 3 2307 9
4 3 7 741 10
8 3 3 170 9
1 2 10 1198 4
8 4 2 2383 3
8 1 10 1564 9
5 1 2 2245 10
10 1 10 1382 10
2 5 5 1592 3
5 3 7 2342 8
3 2 2 281 7
8 1 10 1120 10
3 4 6 2080 5
10 1 8 1337 3
2 1 7 1759 7
8 1 6 921 3
5 2 10 236 7
8 4 9 65 3
5 5 5 201 3
5 3 7 2356 5
9 3 7 639 5
2 1 7 761 6
5 3 2 182 8
4 4 6 972 6
7 3 6 1267 5
8 4 6 2012 3
1 1 10 1853 7
3 4 4 1338 4
2 2 5 36 7
1 3 4 2381 3
10 1 7 18 10
4 5 6 1969 5
1 3 9 1926 8
3 3 5 249 10
5 4 4 995 3
10 1 3 1935 5
1 2 2 1635 3
4 3 6 1402 6
2 4 2 2157 6
6 1 6 1656 10
2 3 7 2019 3
3 5 8 912 4
5 3 8 1773 6
5 1 3 1895 4
7 5 3 1484 5
5 2 4 2337 5
5 3 3 1681 8
10 2 9 1950 3
8 4 6 867 3
7 1 8 1087 6
1 1 9 2068 4
9 5 6 2215 4
5 5 6 1353 9
10 2 10 586 10
5 3 8 829 6
2 1 8 684 5
4 1 10 613 9
1 5 7 2095 4
3 5 7 964 6
7 4 8 1743 5
9 3 10 2398 5
8 5 10 1308 9
6 3 9 1411 5
4 4 6 229 6
5 1 8 2072 9
1 4 6 959 3
2 5 5 1785 8
4 4 4 116 8
6 4 5 2112 3