250
4 5 5 768 9 
1 6 4 1002 1 
9 1 6 661 9 
8 7 5 733 4 
4 5 1 788 7 
9 4 6 414 6 
6 9 1 616 7 
1 7 7 1217 5 
3 6 3 311 3 
9 1 4 416 6 
7 9 8 1092 7 
8 2 3 1171 3 
3 3 7 1044 5 
2 2 1 1112 1 
7 9 5 204 4 
8 7 4 598 4 
3 6 6 796 4 
3 7 3 1126 7 
8 2 5 668 7 
2 6 4 339 7 
3 8 3 784 6 
2 7 3 435 3 
3 7 9 914 6 
5 1 1 525 8 
5 2 4 423 2 
9 8 8 583 2 
8 2 2 77 7 
7 3 5 1124 7 
5 2 3 362 3 
6 5 5 685 4 
7 9 3 770 3 
5 1 3 538 1 
5 1 7 385 6 
2 6 7 1214 9 
5 8 3 830 6 
7 8 2 1171 1 
6 7 7 1008 4 
8 3 6 662 3 
7 3 1 724 9 
5 2 6 406 2 
4 1 3 814 2 
4 2 5 444 5 
1 5 9 581 2 
2 4 4 1234 5 
1 7 8 486 3 
6 4 7 917 3 
5 6 6 360 6 
2 3 7 1027 4 
7 3 1 550 7 
9 6 6 632 1 
6 1 1 937 9 
5 9 5 1094 9 
5 8 8 21 7 
8 9 9 1036 4 
8 9 6 898 6 
3 7 1 106 6 
2 6 1 868 8 
6 5 8 566 2 
5 5 9 201 7 
1 8 1 991 3 
8 2 1 478 2 
3 9 8 374 2 
1 1 4 696 7 
4 5 6 680 3 
1 5 2 218 3 
8 6 4 970 2 
8 4 7 274 8 
8 9 9 775 9 
6 3 3 816 8 
9 4 5 805 8 
7 1 2 951 5 
7 3 8 471 4 
9 5 1 788 4 
9 5 4 49 4 
9 8 8 830 2 
5 5 3 101 2 
6 8 1 657 7 
5 9 1 205 5 
1 7 6 187 8 
8 3 3 623 9 
1 9 3 1096 8 
4 2 9 1055 2 
5 2 6 916 2 
3 5 1 342 9 
7 5 4 551 1 
6 9 6 1113 5 
7 4 9 1082 2 
6 2 7 1049 3 
3 4 3 270 2 
3 4 1 1108 6 
3 5 9 1205 7 
9 8 9 1236 5 
3 8 9 1133 9 
9 4 5 73 4 
2 7 3 1186 5 
8 1 5 868 5 
5 6 9 559 7 
4 4 2 732 4 
1 3 1 1071 6 
5 3 6 991 1 
1 2 4 569 3 
5 3 2 629 3 
5 4 9 1093 3 
8 4 6 654 1 
4 8 3 902 6 
3 2 6 1117 2 
9 4 1 1204 1 
1 5 4 227 8 
7 1 2 784 3 
3 7 1 951 7 
6 1 3 78 2 
9 6 8 821 1 
4 8 3 1047 8 
4 9 5 879 2 
9 2 6 115 8 
9 3 6 926 1 
2 4 5 311 8 
7 6 8 120 6 
1 2 6 186 9 
7 7 7 1051 3 
4 3 4 43 6 
3 2 2 872 3 
4 2 9 643 7 
7 9 2 1128 4 
6 3 7 724 8 
2 7 9 454 4 
2 9 7 444 3 
9 2 6 1004 2 
9 7 7 99 6 
3 3 9 663 4 
2 8 6 755 5 
1 4 2 645 5 
4 7 4 696 6 
1 2 8 775 8 
5 2 8 871 1 
6 5 5 475 8 
4 5 8 209 2 
2 5 6 1186 4 
3 5 3 311 3 
4 8 8 1049 7 
1 4 9 961 9 
7 6 5 900 9 
5 1 9 610 9 
9 3 7 1098 8 
3 1 2 286 3 
1 5 2 123 3 
6 6 1 627 2 
8 1 7 749 8 
3 6 7 385 3 
7 3 1 12 7 
1 7 8 174 2 
4 9 8 64 8 
5 7 4 715 4 
4 4 2 57 2 
5 9 1 1047 2 
8 2 6 268 7 
5 9 9 942 4 
8 9 7 125 4 
4 2 5 924 2 
5 3 6 462 9 
3 7 6 464 9 
3 2 6 612 8 
4 6 7 673 2 
1 3 6 939 4 
7 9 6 714 6 
5 7 7 1116 4 
9 7 3 808 7 
6 9 7 1207 9 
6 1 8 300 9 
8 8 4 732 8 
5 3 5 245 9 
7 2 6 826 9 
8 9 4 1195 5 
8 5 9 499 9 
9 5 2 108 5 
5 8 9 935 3 
2 7 1 48 7 
3 8 8 461 8 
9 6 1 636 6 
1 8 4 535 1 
8 3 3 381 5 
7 1 5 888 4 
5 9 9 81 7 
4 7 8 174 7 
4 6 4 1061 3 
3 2 7 94 6 
2 2 9 191 5 
3 2 3 659 8 
9 6 1 565 8 
3 5 9 1110 4 
3 9 8 1136 8 
2 9 6 1227 3 
9 4 4 270 6 
8 8 4 1254 1 
2 5 6 944 8 
2 4 3 742 9 
1 2 6 35 8 
9 2 5 461 9 
7 9 3 1152 8 
7 8 4 175 8 
8 5 5 1163 6 
1 9 5 306 9 
7 8 4 1196 8 
4 7 1 104 3 
1 4 8 1006 6 
7 1 1 267 8 
7 2 2 93 7 
7 8 4 762 8 
2 1 6 1212 2 
2 7 6 1090 2 
8 7 1 831 8 
6 3 3 418 5 
3 3 4 603 1 
4 5 2 1027 7 
8 4 3 1073 9 
2 4 5 483 9 
6 5 5 605 2 
5 7 5 718 2 
9 8 9 1058 6 
5 6 9 581 1 
3 3 4 1147 1 
6 5 7 1056 2 
1 8 4 131 1 
2 6 2 1172 8 
5 4 7 82 6 
7 6 6 720 5 
1 7 9 1218 9 
4 5 9 541 2 
4 8 3 566 6 
4 6 8 406 6 
5 4 5 316 3 
3 5 6 929 1 
9 9 6 913 4 
9 2 6 390 8 
6 2 8 717 3 
6 1 8 1157 6 
6 8 5 352 6 
8 3 3 1180 9 
5 2 8 1103 5 
6 8 8 261 7 
2 7 8 908 1 
7 3 7 204 6 
2 6 1 1119 5 
2 1 4 47 7 
2 1 2 771 6 
2 7 2 842 8 
4 2 9 923 9 
7 7 8 824 8 
3 3 1 53 5 
1 1 9 467 7 
