500
7 5 7 246 7 
1 2 6 2117 8 
4 4 5 2013 5 
4 3 5 1359 8 
7 1 2 1482 2 
9 5 6 147 5 
4 1 1 215 4 
7 8 9 2205 2 
3 2 4 20 9 
4 6 1 892 8 
5 2 1 1534 2 
2 3 1 932 6 
7 2 4 765 6 
5 7 6 2067 1 
9 6 7 2000 3 
5 3 3 242 5 
8 6 9 2023 2 
8 4 9 2057 7 
3 6 5 2306 1 
2 2 2 1997 2 
9 7 2 576 4 
6 8 5 1553 1 
9 5 3 667 3 
1 2 7 1688 6 
5 3 6 2001 6 
4 6 6 1223 3 
2 6 4 311 4 
8 7 6 615 9 
5 3 3 1163 6 
6 6 2 2179 5 
1 9 7 1091 4 
7 8 4 1505 6 
1 6 5 1641 8 
2 4 9 773 5 
9 7 7 1243 9 
2 1 7 1407 6 
8 5 5 897 4 
5 5 6 2026 8 
9 6 3 500 9 
1 1 5 2320 1 
1 4 8 1326 6 
3 6 7 1429 1 
8 1 6 1108 6 
6 4 9 549 8 
6 9 6 1896 9 
6 7 3 1775 2 
9 2 2 102 4 
6 4 8 48 3 
3 7 6 2029 9 
2 8 5 2037 9 
2 9 9 1076 9 
5 6 5 1543 4 
2 3 2 1850 7 
3 6 5 1597 8 
1 3 8 1014 8 
9 3 2 1827 9 
3 7 6 343 3 
7 4 6 2276 7 
7 8 9 334 1 
1 2 7 2113 4 
8 7 2 2078 7 
6 1 3 2427 7 
6 2 4 912 1 
9 6 2 547 2 
3 4 9 600 9 
8 2 5 462 9 
5 6 6 1748 5 
5 5 3 478 9 
3 5 2 932 1 
2 7 8 495 2 
1 6 5 266 8 
2 5 5 302 1 
4 3 5 361 7 
7 6 4 2285 9 
8 1 5 2168 1 
6 8 2 1828 1 
5 3 8 601 3 
5 3 9 1572 7 
2 4 3 870 7 
7 3 9 182 4 
6 1 7 1121 8 
7 7 2 2353 9 
5 4 5 1049 6 
3 9 4 1392 1 
5 1 1 2008 9 
4 2 1 1566 4 
8 6 6 2329 9 
5 5 7 1661 9 
7 5 5 1180 7 
8 6 3 2137 1 
6 8 7 1241 3 
4 1 2 1367 5 
7 5 4 2131 2 
4 4 7 1265 4 
2 7 6 763 9 
9 3 1 411 4 
7 8 9 1469 9 
6 8 2 1654 9 
1 9 8 1841 7 
8 3 1 594 1 
6 9 4 2248 5 
8 3 9 2374 5 
1 2 4 162 2 
5 4 4 1916 1 
3 7 3 1873 3 
9 1 5 206 6 
4 5 1 839 2 
6 5 3 1889 7 
1 9 5 799 5 
2 9 1 1444 7 
1 6 4 1476 1 
5 3 5 1020 4 
1 9 5 1694 7 
3 9 4 1857 2 
3 5 4 847 2 
4 1 3 34 9 
5 5 2 1190 9 
9 9 9 2088 5 
3 6 6 365 4 
2 5 3 97 9 
1 3 7 2225 1 
4 8 2 1640 1 
2 2 5 1938 2 
3 7 4 2288 7 
8 8 4 1342 8 
8 7 9 466 3 
5 2 4 1928 5 
5 6 8 283 9 
6 3 7 1273 3 
4 5 8 1231 4 
2 1 9 1493 5 
7 5 1 2313 8 
3 1 8 604 2 
2 1 2 1545 1 
6 2 2 1938 6 
6 7 8 1398 2 
2 6 8 76 3 
4 9 2 2123 5 
5 8 3 2071 5 
1 1 2 2111 9 
6 9 9 413 7 
3 5 7 1298 5 
5 7 6 2182 9 
1 7 7 152 5 
4 2 4 519 9 
4 4 5 769 4 
8 7 5 991 7 
1 1 1 1972 8 
3 5 7 294 8 
9 6 4 1363 4 
5 5 1 117 8 
8 3 2 1138 6 
7 2 8 2326 7 
7 3 6 1643 4 
4 9 6 1211 8 
9 4 9 834 5 
2 2 2 1480 8 
4 5 4 1510 7 
3 5 9 940 7 
9 8 4 723 9 
7 9 2 1409 3 
5 6 1 2150 5 
2 9 9 1415 1 
6 6 9 113 5 
9 4 4 126 1 
8 4 6 2411 3 
3 5 5 1411 2 
5 9 4 1875 2 
4 1 2 1947 5 
4 2 8 1182 3 
2 2 8 2184 6 
7 2 8 967 7 
9 9 2 657 9 
7 1 3 1807 7 
4 2 8 308 3 
1 6 4 1488 7 
2 3 9 2417 8 
4 9 7 737 2 
4 5 9 531 5 
3 7 8 1564 7 
6 6 6 1085 7 
9 5 9 1351 1 
9 5 6 1068 4 
3 7 6 2421 7 
9 1 1 1052 9 
1 2 6 391 8 
7 7 5 2057 8 
9 5 5 611 6 
7 1 4 1006 8 
3 4 7 2240 6 
2 9 6 21 8 
8 9 8 2229 9 
8 5 1 479 8 
8 4 7 1990 1 
6 1 6 1622 7 
9 9 6 1134 5 
4 5 1 1257 2 
5 5 5 1097 8 
3 7 4 953 9 
1 4 5 176 7 
2 6 8 2298 4 
7 4 3 2332 4 
7 5 9 2143 3 
9 7 1 361 9 
8 9 5 1451 9 
8 5 6 1587 9 
9 1 6 1312 3 
7 9 5 331 3 
8 8 6 591 4 
7 8 6 606 1 
6 9 2 2124 7 
4 3 7 334 7 
6 1 6 1588 6 
9 9 8 1632 5 
1 1 6 470 2 
6 2 9 395 4 
1 1 7 930 3 
2 1 9 2270 8 
7 4 1 2313 1 
7 5 4 1965 9 
6 6 6 512 6 
7 9 8 1243 5 
7 5 5 2271 9 
4 2 6 1921 6 
7 2 3 900 3 
4 5 5 367 2 
2 8 1 1271 6 
2 9 1 1472 6 
1 5 1 656 9 
3 4 3 1470 8 
6 4 6 1253 7 
1 1 1 1703 6 
4 4 9 2371 2 
1 1 7 49 9 
5 9 8 949 2 
1 1 4 1657 4 
7 6 2 696 6 
1 8 9 215 4 
4 2 4 1822 9 
4 7 5 1393 2 
9 4 4 689 2 
6 8 7 2095 9 
5 5 1 637 5 
8 3 6 1335 3 
1 6 4 310 5 
2 3 8 1349 2 
9 7 6 313 7 
5 8 5 2393 5 
6 4 1 40 8 
5 3 6 382 4 
1 3 2 2174 9 
6 6 6 1324 5 
4 4 5 773 3 
6 5 3 1450 9 
1 2 2 1042 2 
4 2 8 1588 2 
9 6 8 2038 3 
9 7 9 354 2 
5 3 1 2334 1 
6 6 2 1348 1 
6 7 1 1234 7 
9 1 6 2013 3 
6 6 1 1920 5 
6 7 3 141 6 
7 4 3 684 1 
8 3 7 796 7 
1 7 6 442 8 
9 6 4 721 2 
3 4 6 2058 4 
8 2 9 971 7 
4 9 9 1942 6 
2 8 2 278 7 
7 7 5 1467 7 
8 9 6 31 6 
9 4 2 2005 5 
7 3 6 1496 5 
3 8 7 1081 9 
2 6 8 771 2 
6 7 5 63 6 
4 7 8 1518 4 
1 5 3 1691 2 
7 4 6 1012 7 
7 3 6 784 3 
3 7 9 361 7 
6 1 7 1802 7 
8 6 7 1868 9 
3 4 9 81 7 
6 4 3 1159 2 
4 7 5 2116 4 
7 8 2 137 4 
8 2 8 2332 6 
6 5 7 431 8 
1 1 7 580 1 
1 2 5 280 8 
8 6 6 1725 6 
4 8 8 2214 4 
2 2 1 1279 1 
4 4 3 1907 7 
4 3 2 454 4 
5 2 1 452 6 
4 4 8 1439 7 
4 8 3 567 1 
1 8 5 582 7 
2 3 2 2247 7 
8 9 3 136 6 
3 5 2 2210 9 
2 7 4 437 2 
3 8 8 193 8 
6 4 3 1494 4 
9 9 6 1398 6 
8 9 2 514 6 
6 4 5 563 8 
6 6 4 55 1 
6 4 1 1650 9 
2 5 3 1569 9 
5 5 5 2225 9 
5 1 7 1495 7 
4 1 7 320 3 
2 4 1 1622 2 
2 5 7 2143 7 
9 4 3 902 3 
3 8 8 992 5 
4 5 1 2159 6 
4 8 9 193 2 
9 6 9 1372 2 
5 3 2 1448 8 
9 4 6 870 6 
1 5 5 1390 2 
2 3 3 1830 6 
1 4 7 311 6 
7 7 5 865 8 
4 5 4 1405 7 
6 2 4 728 2 
5 6 1 1291 4 
4 8 8 2283 4 
3 8 1 490 4 
6 9 9 851 2 
1 3 3 1099 2 
7 9 4 460 6 
2 3 8 2071 7 
3 4 8 1457 7 
2 4 8 2428 8 
3 5 6 221 9 
4 2 4 1207 5 
7 7 1 1674 4 
3 2 1 2129 2 
8 3 3 2358 9 
4 9 5 1119 5 
2 4 4 757 4 
1 9 4 2388 4 
2 7 4 1183 5 
1 7 9 451 2 
9 3 4 1355 3 
2 6 6 1613 3 
3 1 8 2018 9 
2 7 5 2425 8 
6 5 2 413 4 
3 5 9 1693 5 
8 8 8 1508 5 
9 2 9 547 7 
9 7 7 689 2 
4 2 9 209 6 
7 6 8 1359 2 
3 9 9 2403 8 
3 9 9 438 2 
2 7 1 1983 2 
1 4 9 643 4 
1 5 7 1927 3 
7 2 7 2435 8 
7 9 8 680 1 
6 2 1 2101 8 
5 4 1 680 6 
7 4 8 552 1 
3 1 5 2213 6 
9 5 9 965 2 
1 2 7 1538 9 
2 4 3 2143 8 
6 7 7 331 8 
4 9 5 948 6 
2 6 9 980 5 
6 4 8 27 8 
8 6 9 1695 1 
2 9 5 1082 1 
2 1 3 1138 1 
4 2 3 2284 9 
7 1 8 1914 3 
6 3 4 235 2 
9 5 2 1182 6 
6 6 2 325 7 
3 2 1 760 4 
1 4 9 1531 3 
2 6 1 2190 4 
2 6 2 1183 6 
5 1 3 664 1 
3 5 3 365 3 
1 1 1 983 9 
5 7 8 58 1 
9 5 2 1194 5 
1 2 9 1333 3 
7 2 6 896 4 
5 5 1 1783 6 
5 8 5 1834 9 
9 2 1 1398 8 
2 2 8 2352 2 
1 7 4 1458 9 
4 7 1 195 6 
7 4 1 1059 9 
5 3 9 2426 9 
2 9 5 1120 8 
8 4 3 2011 9 
6 6 4 1380 2 
7 2 8 1472 7 
8 8 7 1670 4 
5 2 4 99 4 
7 4 7 2007 3 
6 4 8 2356 4 
2 7 2 855 8 
5 8 6 1057 5 
3 6 7 1035 9 
7 1 4 384 3 
7 4 9 2212 4 
6 9 4 1242 5 
2 2 7 179 7 
1 2 9 1961 2 
3 7 7 1610 2 
9 7 7 267 9 
8 5 2 925 1 
8 7 5 1265 9 
4 9 6 2096 8 
3 6 2 12 1 
3 9 6 997 6 
1 1 5 2309 7 
4 6 9 1196 9 
8 6 6 1537 1 
1 8 7 1959 6 
3 1 5 2285 2 
9 4 9 880 4 
4 2 8 1958 4 
9 9 4 128 1 
7 3 3 438 1 
7 2 1 1913 8 
6 4 9 1401 6 
4 5 7 1912 6 
6 4 9 2385 4 
8 5 1 1919 3 
8 1 7 1469 2 
2 8 4 397 5 
4 1 1 1501 4 
1 6 8 906 3 
2 4 7 474 7 
2 9 6 1544 5 
4 1 8 2126 5 
8 9 8 1049 4 
4 2 7 1389 4 
5 7 3 1266 1 
4 7 2 1351 2 
7 2 6 129 1 
2 3 8 2249 1 
2 5 4 1035 5 
1 4 2 1788 5 
6 4 5 119 8 
6 2 7 687 4 
8 7 3 231 7 
6 7 6 902 8 
5 8 4 1775 6 
2 4 5 197 3 
1 1 5 2097 8 
7 8 8 1492 3 
2 3 4 352 9 
6 1 9 2118 9 
5 6 3 1810 5 
1 8 2 1274 3 
2 6 1 1159 5 
4 6 1 426 2 
8 2 2 522 5 
7 6 4 1925 8 
1 8 8 1829 6 
4 2 9 1978 6 
4 5 5 1527 6 
3 3 6 806 2 
4 4 2 2131 7 
1 3 2 1212 2 
3 3 1 2196 1 
5 4 8 369 2 
7 1 9 1921 2 
4 6 3 1958 4 
7 2 3 1548 5 
7 8 8 1880 8 
2 2 1 1929 6 
8 8 7 624 9 
1 3 3 1270 9 
5 3 5 1360 6 
8 8 9 1867 1 
6 8 2 1407 7 
9 2 2 1215 5 
9 8 1 1661 8 
1 1 5 441 7 
3 5 7 1533 3 
4 4 4 2422 8 
5 5 7 924 3 
