100
7 5 1 479 9 
8 4 8 221 4 
5 1 2 12 3 
1 7 8 151 9 
9 5 6 493 5 
1 6 5 149 4 
2 7 5 72 3 
5 3 2 429 2 
6 1 9 58 9 
5 7 5 385 4 
2 1 8 389 8 
3 7 4 405 3 
2 8 4 380 2 
9 9 2 273 4 
5 1 5 304 1 
8 8 7 79 8 
3 1 4 385 9 
5 4 8 68 6 
6 3 2 46 5 
6 8 5 138 6 
2 8 6 158 7 
3 9 1 64 7 
1 9 4 244 4 
9 3 7 294 1 
9 7 8 37 1 
7 1 4 224 2 
5 8 6 37 4 
7 9 4 316 7 
1 7 1 355 4 
5 1 1 67 1 
2 7 6 131 3 
9 9 2 24 9 
6 9 9 104 3 
8 8 9 299 5 
3 4 9 77 4 
6 4 2 335 5 
1 7 9 258 6 
2 4 4 481 3 
3 7 9 413 8 
6 9 6 409 8 
2 8 6 246 9 
7 9 4 166 6 
5 7 3 82 4 
1 3 5 184 5 
4 6 4 443 9 
2 5 4 213 2 
6 5 3 311 6 
8 3 7 304 2 
6 3 1 18 4 
9 7 2 251 7 
9 4 2 105 8 
3 1 8 14 8 
1 6 7 147 7 
6 4 4 74 5 
1 7 2 179 1 
9 3 7 440 8 
1 7 7 109 3 
3 4 6 197 4 
8 1 3 169 9 
4 9 6 94 9 
9 9 4 478 7 
3 2 7 372 2 
7 8 5 469 6 
2 5 6 184 7 
3 2 4 250 3 
5 9 4 75 7 
4 2 1 337 6 
7 5 2 214 6 
3 4 9 139 7 
3 8 7 398 2 
8 5 9 408 9 
9 5 2 54 1 
4 4 8 373 8 
4 3 6 405 2 
8 1 8 73 2 
2 4 2 260 7 
9 9 7 463 4 
2 6 5 55 3 
1 7 1 295 2 
3 5 4 142 9 
2 6 1 328 2 
8 3 7 361 9 
4 4 8 409 3 
9 5 3 35 6 
3 7 1 334 5 
7 7 3 99 8 
4 9 9 388 3 
9 8 2 435 6 
3 6 3 90 3 
4 1 4 56 5 
2 8 1 447 5 
6 6 7 106 4 
2 7 1 422 6 
4 2 8 31 8 
2 9 8 349 2 
4 1 3 63 7 
4 7 9 321 7 
9 7 4 349 4 
9 4 3 335 6 
5 4 6 214 2 
