300
1 7 1 646 5 
4 7 2 830 9 
2 4 1 440 4 
2 4 1 427 3 
9 7 6 652 1 
1 4 7 588 1 
9 2 4 829 4 
6 9 4 1416 6 
6 9 2 282 1 
5 6 4 321 9 
5 8 7 550 9 
8 9 7 1027 9 
1 7 6 307 3 
9 6 3 182 6 
7 1 1 91 1 
6 5 7 1054 1 
3 7 5 1464 6 
9 8 5 748 3 
1 5 6 576 8 
4 7 4 906 5 
1 9 8 442 2 
8 8 6 1332 2 
1 4 4 533 3 
6 2 8 602 3 
6 8 3 144 1 
6 6 2 797 5 
9 4 2 635 9 
8 6 8 408 3 
8 8 3 126 6 
6 1 7 988 6 
2 2 2 1453 8 
4 6 3 718 1 
5 9 4 1022 3 
2 4 7 131 3 
1 8 1 1467 9 
8 3 9 376 2 
1 3 1 527 3 
4 1 7 626 1 
2 1 3 487 2 
7 2 8 1209 8 
8 4 7 445 7 
2 1 8 910 8 
9 2 7 314 7 
2 1 5 933 8 
2 2 8 302 4 
1 1 7 393 3 
5 5 2 269 1 
2 3 4 771 3 
6 9 6 66 4 
6 4 3 702 8 
3 3 7 783 2 
6 8 2 899 9 
3 7 6 847 9 
6 4 6 200 7 
5 1 3 816 6 
1 5 1 412 6 
7 1 5 633 2 
6 2 1 1126 6 
7 3 6 43 7 
1 4 5 1009 6 
5 4 5 1372 8 
2 4 8 679 6 
8 3 1 286 8 
3 2 3 199 1 
4 5 7 579 9 
4 1 3 259 2 
3 3 3 106 2 
1 8 4 1317 9 
9 4 4 288 2 
1 9 8 1299 2 
6 2 9 118 2 
7 6 1 264 6 
8 4 2 321 6 
6 5 7 1362 3 
6 9 6 1070 2 
5 8 8 447 8 
1 1 9 190 1 
6 4 9 269 7 
6 5 8 1365 2 
2 7 5 173 4 
6 2 5 1440 2 
6 7 8 241 8 
4 2 7 230 1 
4 4 5 962 5 
8 6 5 932 9 
1 2 2 176 9 
7 8 8 1409 3 
6 2 7 1070 2 
1 4 9 1477 1 
6 7 3 800 5 
9 3 2 549 2 
3 7 3 91 9 
1 1 7 366 9 
5 7 5 225 6 
2 3 3 589 2 
6 2 4 26 1 
9 5 4 1075 5 
3 1 7 12 4 
9 6 2 1298 5 
1 4 3 1322 7 
9 7 4 1363 7 
8 7 5 1150 2 
8 1 4 897 8 
1 2 3 151 3 
6 3 4 687 2 
8 4 3 1238 3 
6 8 9 1024 3 
4 3 7 432 2 
8 7 8 828 7 
9 3 2 1071 8 
8 4 2 1012 5 
4 5 3 1282 5 
9 6 4 108 3 
9 9 1 529 1 
4 9 5 1172 5 
5 3 4 1181 1 
4 6 6 1394 8 
4 2 2 624 7 
2 2 3 764 6 
2 3 6 127 2 
7 7 9 923 4 
2 8 5 140 1 
3 8 1 682 7 
7 6 4 634 8 
2 6 3 459 7 
3 7 5 863 5 
9 7 8 35 6 
7 2 4 1303 4 
9 2 3 1407 6 
8 1 7 1029 3 
9 8 5 38 1 
2 2 2 137 6 
4 6 2 462 1 
1 7 1 920 7 
9 8 9 84 5 
8 6 3 1461 7 
2 7 7 1446 7 
7 4 8 49 2 
3 9 3 1255 4 
7 8 3 479 8 
9 8 2 254 2 
1 1 3 520 7 
1 9 6 67 6 
4 2 1 189 9 
9 9 6 105 5 
9 4 2 1244 9 
9 3 3 128 5 
7 5 4 210 3 
1 3 6 1281 2 
4 5 1 656 6 
4 7 3 1337 3 
8 5 3 1214 8 
5 8 5 476 6 
1 2 9 553 6 
3 6 7 178 1 
5 3 9 273 3 
2 1 5 975 7 
7 2 7 1015 8 
5 5 7 426 5 
7 2 3 1279 4 
8 3 4 874 2 
5 2 5 1222 7 
1 8 1 908 8 
6 7 4 309 1 
3 1 1 1371 4 
7 8 1 64 2 
2 6 6 1429 7 
6 4 1 369 8 
2 1 7 1100 6 
7 2 1 974 9 
4 6 5 235 6 
1 1 5 371 7 
3 1 8 931 8 
3 4 9 326 4 
4 2 2 631 5 
8 7 5 729 8 
3 4 9 844 9 
8 6 9 394 9 
3 8 7 429 2 
3 3 3 34 9 
9 6 8 591 5 
4 3 1 918 1 
2 5 1 585 9 
8 8 5 1020 9 
3 7 3 780 7 
7 1 4 1100 6 
1 1 1 1277 1 
5 1 6 1224 9 
1 4 8 180 4 
6 7 5 691 3 
1 9 7 1024 7 
4 3 4 1300 6 
6 5 2 131 5 
5 8 1 1007 9 
7 2 7 1057 8 
8 8 7 468 7 
8 2 6 1430 2 
4 5 4 485 8 
4 5 2 794 8 
7 4 3 1189 5 
6 3 9 1463 8 
5 4 9 149 4 
9 4 2 74 8 
8 9 3 865 7 
6 5 1 1257 8 
9 7 4 288 9 
7 6 8 1119 9 
3 7 9 1418 2 
1 7 7 552 2 
6 6 9 818 8 
1 3 1 859 6 
7 1 6 179 2 
8 9 4 1090 1 
4 1 7 536 7 
6 8 8 565 4 
6 9 5 499 4 
7 6 2 236 8 
8 5 9 986 8 
4 9 7 1300 1 
9 7 7 1395 6 
9 2 2 379 4 
3 5 3 815 2 
5 1 6 1260 7 
7 5 5 374 2 
3 5 5 294 1 
9 2 2 1399 8 
6 6 4 101 8 
1 7 1 315 4 
8 8 6 121 5 
6 1 9 839 5 
9 8 4 1355 9 
9 4 1 1132 1 
1 7 9 33 7 
2 2 7 1336 8 
3 5 1 928 8 
9 7 9 1101 9 
1 1 4 524 8 
1 3 5 578 5 
4 7 2 376 6 
1 3 5 914 6 
6 6 1 539 9 
1 6 5 1387 1 
5 6 1 1327 4 
1 6 4 614 1 
2 1 4 401 7 
2 4 8 1005 5 
2 5 1 1337 3 
6 1 3 855 2 
4 4 7 1128 5 
4 1 4 879 4 
8 4 2 641 5 
9 7 8 95 9 
1 2 2 1366 6 
5 1 5 760 2 
8 8 8 1489 8 
7 1 7 247 2 
8 7 4 1248 6 
8 3 6 971 3 
5 2 7 1363 1 
7 4 3 719 6 
1 2 6 1150 4 
4 3 7 304 3 
2 6 4 142 5 
3 7 6 1325 6 
2 4 9 1469 8 
4 5 6 1199 1 
7 6 7 1497 6 
7 2 9 347 5 
4 7 5 626 7 
1 8 3 1272 7 
7 2 7 120 8 
6 1 4 840 7 
1 3 8 719 2 
3 2 5 651 4 
5 9 7 1453 5 
3 4 1 1124 5 
4 9 7 593 9 
4 6 2 363 6 
9 5 3 308 9 
7 2 7 1163 4 
4 8 3 188 1 
2 1 2 1135 4 
5 8 1 771 9 
1 5 6 1262 8 
7 9 7 354 9 
4 8 2 1384 5 
4 9 9 1201 5 
8 1 2 1086 7 
7 5 3 785 3 
9 2 7 1183 6 
7 1 5 69 9 
8 6 7 1451 8 
1 7 6 828 1 
1 4 4 528 5 
7 9 1 984 3 
7 5 1 42 3 
7 2 9 599 1 
4 6 1 509 6 
4 5 3 341 5 
2 4 1 678 6 
