100
9 2 7 391 3
9 1 8 338 5
4 4 5 134 9
9 1 7 157 3
9 4 7 20 9
10 4 2 360 3
6 1 8 397 3
9 1 9 39 4
4 3 8 214 7
9 2 5 203 9
8 3 9 264 7
3 1 2 113 7
7 3 8 86 3
3 5 4 247 10
1 2 2 270 8
3 3 2 273 10
4 1 3 60 9
8 3 8 167 8
3 1 6 78 8
10 3 6 240 6
1 4 8 373 7
9 3 2 254 5
7 3 2 282 6
8 3 3 329 10
4 2 5 306 4
8 3 6 370 5
8 4 4 209 5
7 2 2 126 8
6 5 3 96 5
1 5 4 115 9
2 4 9 44 9
6 2 10 363 3
7 2 6 90 3
4 1 9 310 9
6 2 10 274 5
4 1 8 117 3
4 1 8 320 5
1 4 6 340 4
3 4 2 89 6
7 2 2 158 6
9 4 2 120 9
2 1 2 355 7
4 4 8 147 10
5 2 8 245 3
2 1 10 343 3
2 5 7 324 10
4 3 8 141 8
4 2 9 285 9
4 5 5 300 8
2 1 2 162 9
8 1 4 92 8
1 1 2 264 3
3 3 2 131 5
10 2 8 383 3
9 1 4 401 9
2 2 7 325 5
10 4 8 189 8
3 1 5 85 9
10 3 9 231 7
1 4 9 304 6
7 3 7 280 7
2 5 4 69 6
9 1 7 51 9
3 3 2 280 8
1 5 9 125 4
10 3 10 114 4
9 2 5 169 10
4 2 6 177 3
3 5 7 101 10
4 2 5 339 6
6 2 4 115 6
10 1 6 317 8
10 4 7 296 9
4 5 9 351 7
2 3 6 392 7
2 4 4 351 3
7 2 7 175 4
2 2 8 62 3
7 5 9 62 4
8 2 6 68 7
4 2 5 163 3
2 5 5 136 5
2 3 5 131 9
9 3 5 197 7
1 2 10 354 6
8 5 5 78 3
4 2 5 305 10
6 5 6 133 4
2 3 6 330 6
6 4 2 266 10
3 3 5 190 5
5 3 2 254 9
5 1 5 70 10
6 2 3 275 6
6 2 5 150 8
6 4 10 30 10
4 3 6 250 3
2 5 8 219 8
1 5 7 275 3
8 5 5 272 10