200
1 7 8 116 5
6 2 10 325 9
6 4 2 321 2
6 4 6 77 9
9 9 5 370 8
5 3 9 353 2
8 1 1 24 10
9 2 2 109 3
8 9 8 318 8
9 7 3 107 9
7 6 2 78 6
3 1 8 96 2
1 2 5 11 6
2 4 9 352 7
1 10 4 47 3
9 5 10 88 4
7 7 8 68 2
3 1 1 362 1
8 6 3 415 1
9 2 2 150 9
7 2 3 251 8
10 5 6 173 4
6 5 6 362 10
8 5 6 45 7
6 4 5 388 10
5 8 8 349 8
3 10 5 286 9
3 6 8 276 6
1 8 9 283 3
5 9 5 405 9
4 9 1 237 7
2 8 6 60 2
9 10 5 185 6
4 5 1 300 8
8 2 7 233 5
10 4 8 271 10
9 8 3 110 4
9 1 6 208 7
9 7 9 340 6
5 5 6 200 1
8 10 3 42 1
8 1 6 404 10
3 7 4 402 4
6 1 2 45 1
4 4 1 279 10
6 6 5 339 8
3 4 8 344 7
4 3 9 105 10
10 8 7 66 10
7 10 10 241 4
10 1 2 32 4
3 7 8 80 8
2 4 2 250 4
8 8 6 66 10
9 2 1 118 7
5 4 9 377 4
9 9 4 355 3
4 9 9 109 9
6 2 7 103 2
10 5 10 137 1
4 9 3 162 10
6 6 1 361 4
7 7 6 86 9
1 9 9 201 7
9 6 5 140 5
2 2 8 218 6
7 6 9 24 1
8 1 3 306 3
10 6 7 115 6
6 6 10 355 1
10 3 4 347 7
2 8 6 364 10
2 9 6 231 6
9 9 8 87 7
7 4 7 334 1
4 4 9 132 1
6 4 10 87 7
1 1 2 265 6
8 4 4 193 7
8 6 2 355 3
2 2 1 37 3
10 6 1 261 5
9 5 8 170 3
1 2 10 176 6
10 8 2 210 4
6 6 4 128 1
4 6 1 231 1
9 5 6 45 7
6 5 6 144 5
3 9 4 228 1
2 3 7 350 6
8 3 9 220 2
4 7 10 145 2
2 10 5 232 4
1 6 6 178 3
1 8 6 172 9
2 4 4 158 7
9 7 8 151 6
4 7 1 207 2
1 3 5 181 10
7 2 6 403 4
6 10 5 288 1
3 3 4 136 10
4 9 4 150 4
5 4 4 168 8
2 1 2 341 7
5 4 7 380 2
4 2 1 276 6
3 7 9 305 9
2 7 10 363 7
5 9 2 401 7
4 9 9 47 5
9 4 1 288 1
2 7 4 321 6
10 5 9 422 4
5 2 2 334 5
7 6 9 234 9
8 7 1 99 10
5 10 4 419 8
3 2 4 110 9
10 8 2 283 3
2 6 3 316 1
7 6 7 182 8
2 5 4 340 3
2 8 3 28 6
8 1 9 92 6
6 8 8 234 5
3 4 1 69 5
1 1 9 18 4
3 8 1 210 9
7 5 2 248 10
10 7 2 220 9
5 10 5 30 3
2 5 9 400 5
5 2 8 61 10
4 1 3 303 6
9 3 4 280 9
3 3 7 380 1
5 9 6 320 7
3 3 2 334 1
8 3 1 50 8
8 7 10 168 5
9 4 6 382 7
5 6 7 178 2
4 1 7 167 8
6 2 3 100 6
1 6 10 168 3
2 5 3 34 5
6 6 4 227 5
1 6 7 208 6
10 4 5 242 8
6 1 10 173 7
2 10 1 408 9
6 2 3 112 10
7 7 9 200 8
3 10 9 43 7
4 9 5 269 1
9 10 4 329 1
3 9 7 412 2
8 5 7 349 2
7 2 1 117 3
5 3 8 276 2
7 2 5 249 10
6 6 8 274 7
7 5 4 156 1
7 6 2 294 2
5 6 8 292 2
7 4 4 155 6
2 3 9 152 10
9 1 1 186 9
3 6 10 105 1
3 6 4 145 6
1 8 7 31 4
6 7 4 41 10
5 3 10 85 2
7 9 10 299 3
2 3 6 146 1
6 7 4 154 2
1 1 3 308 8
2 4 3 351 6
1 4 6 70 8
5 10 7 44 5
6 3 10 181 7
3 7 7 100 3
4 6 7 105 8
5 6 1 327 5
8 3 10 138 9
7 1 6 45 4
1 7 10 273 7
3 9 10 36 6
8 5 9 385 4
9 6 4 281 2
8 1 1 276 5
7 1 3 342 6
8 2 2 29 6
4 3 1 58 2
9 1 8 63 10
10 10 4 115 5
6 1 8 75 1
4 8 10 289 3