200
157 135 195 370 16
125 190 163 272 11
166 173 184 795 14
142 88 87 773 7
115 142 99 1380 5
184 100 134 1808 6
194 197 118 2281 11
168 182 185 1745 2
160 140 66 2567 9
98 96 153 1819 6
169 85 158 2782 11
152 87 180 1007 19
182 178 130 4748 19
160 132 92 4342 10
186 99 129 4179 13
161 66 93 127 9
74 149 67 1126 6
192 187 79 4350 15
124 90 195 6211 17
68 96 169 7305 12
82 81 109 4655 18
176 161 95 8268 8
132 170 156 5586 8
110 116 112 564 3
83 188 73 2235 16
199 78 126 2023 11
159 184 105 10072 11
171 173 189 808 19
90 134 110 2450 17
186 179 110 5063 16
189 198 69 11333 19
89 88 123 10407 18
174 129 174 10865 14
137 175 100 5775 18
174 187 155 1306 16
83 131 79 1766 16
176 163 167 4448 11
155 173 89 8990 14
129 84 198 14322 9
70 147 119 11764 7
173 88 144 12191 6
85 90 143 8316 19
101 103 196 893 14
167 188 140 12288 7
103 183 160 17420 1
198 138 110 1671 4
115 112 122 3652 7
198 70 125 11795 10
155 130 158 2658 19
149 164 113 17558 18
147 93 135 10101 14
152 178 146 3422 13
72 178 142 9770 18
148 178 155 874 11
155 74 170 15995 13
95 199 66 13606 15
195 81 109 5950 2
92 194 166 8170 3
168 109 86 21666 2
124 66 94 23241 11
145 85 95 9089 13
169 133 159 2043 18
150 119 85 10719 14
70 98 188 20233 3
89 76 82 9212 5
182 129 104 20356 10
158 159 80 16103 13
127 133 125 21794 18
128 194 158 25690 2
199 184 168 1708 1
184 101 158 19012 15
172 178 85 25488 16
168 175 147 2163 17
116 89 122 11285 16
183 109 70 14987 15
73 191 158 5222 18
126 189 101 6584 8
184 131 113 10334 11
192 131 154 21005 13
148 139 75 9498 13
122 125 147 15091 11
108 87 191 25084 9
78 181 179 8106 18
193 135 148 24290 6
74 161 154 29574 2
103 158 153 33635 12
100 171 115 29774 13
167 107 130 9361 16
127 87 138 23137 15
81 85 182 27830 12
170 74 122 791 17
84 131 144 18987 19
104 174 98 26237 16
73 196 66 36273 7
79 198 144 10690 16
115 107 121 31116 12
69 73 122 2911 14
123 182 143 30210 13
156 122 102 20234 4
152 72 178 36719 4
196 175 170 10612 17
114 80 114 1135 8
131 192 140 35356 18
127 101 124 2986 3
125 176 95 36504 13
188 77 166 39540 8
98 134 197 3294 10
144 125 175 2012 17
92 94 149 32650 5
179 131 109 27965 6
146 70 123 40781 1
129 163 188 33172 8
164 143 141 11242 10
135 177 141 24824 5
101 124 127 42892 8
165 190 87 34432 8
68 189 161 27405 17
140 193 181 586 16
74 165 197 33769 11
90 176 167 17736 9
161 75 103 26680 15
106 191 89 27102 12
195 176 191 4992 9
141 175 121 484 18
87 122 193 34730 9
71 112 69 20443 19
186 141 75 36378 7
135 175 66 5409 6
127 69 107 25363 13
94 81 74 13635 7
144 95 165 35501 3
193 155 142 14674 19
122 125 89 501 3
142 150 123 39919 19
134 143 100 14364 19
108 99 162 8930 7
188 150 171 37942 14
106 97 189 27231 18
160 130 192 10087 7
140 94 85 30202 10
100 70 148 43053 12
151 159 141 42187 2
93 171 191 33743 7
71 162 110 51710 2
83 91 143 41765 12
100 194 189 5147 17
177 167 95 24796 15
104 138 126 30717 18
84 174 193 24587 12
140 81 185 807 2
180 132 128 22947 5
168 156 94 58935 4
144 94 155 32737 6
160 73 142 33135 1
115 66 157 22602 10
96 182 167 57554 15
194 185 199 38497 4
184 106 160 47374 4
188 117 118 7801 17
118 160 198 48372 8
66 184 163 41278 19
127 173 121 6422 12
136 169 114 29149 6
110 108 89 11365 12
84 90 163 64375 12
115 87 142 45631 10
182 95 157 53198 5
172 119 129 31710 2
122 125 69 62026 13
105 142 181 51893 5
183 103 112 46160 10
79 144 145 15184 7
160 143 95 22597 15
76 119 98 243 12
197 73 189 51126 2
77 170 111 32846 5
74 147 140 17557 9
180 98 89 67314 9
83 191 87 25380 18
68 153 78 27874 6
182 103 85 6575 5
184 85 134 3998 19
92 95 111 40420 4
154 157 198 45279 3
181 132 189 34525 12
131 71 172 30720 19
187 136 96 66416 11
97 177 71 68068 17
91 178 107 12137 7
176 161 163 57163 18
80 83 115 56422 1
77 125 78 23505 8
106 107 111 58631 8
122 95 141 13076 2
153 152 143 25815 14
199 185 197 51366 2
145 125 114 38342 8
97 181 103 45778 15
170 194 134 67421 13
156 150 68 54057 11
