400
7 5 6 228 4
9 6 1 201 10
1 6 4 709 1
7 8 3 723 4
3 2 7 625 2
8 4 6 367 10
8 6 8 708 3
1 3 9 452 2
6 6 9 156 5
1 6 6 727 2
7 5 1 290 4
5 5 10 88 3
2 9 6 133 10
4 7 7 50 9
4 2 6 155 7
8 8 5 194 8
6 5 6 505 2
2 7 6 623 8
2 6 7 766 9
4 3 10 182 9
9 8 3 699 6
4 1 3 107 4
9 6 3 774 2
9 9 10 202 10
2 6 2 294 9
7 3 4 226 2
6 2 4 127 6
1 1 8 765 3
4 4 8 774 5
3 2 5 645 5
7 3 4 684 1
7 8 10 51 10
3 1 9 584 6
3 4 7 532 4
10 8 2 263 6
6 2 6 479 1
5 8 4 702 6
3 6 10 598 10
2 10 7 437 6
3 7 6 688 6
2 1 8 760 2
1 1 4 126 3
8 3 1 36 4
8 9 3 197 9
6 5 3 327 1
2 6 6 369 2
9 5 7 807 3
2 9 7 231 8
6 8 3 722 3
1 8 1 425 5
8 1 6 62 1
6 7 5 343 5
10 8 10 469 9
4 9 6 205 2
2 7 10 92 6
6 6 3 302 2
4 3 6 436 4
1 10 4 795 8
9 10 1 562 7
7 7 10 28 7
6 10 4 237 2
10 10 10 244 7
4 10 4 453 9
9 5 2 430 8
4 10 3 303 5
1 8 7 631 5
4 5 2 175 4
2 4 9 707 5
8 5 8 24 7
2 1 10 66 3
10 4 4 223 5
1 9 5 371 8
4 6 2 231 2
6 10 10 616 7
7 6 8 327 7
1 9 9 46 6
5 8 2 241 3
6 5 2 257 9
7 6 8 640 10
9 3 2 734 10
7 8 7 256 2
9 1 5 768 4
1 5 7 779 9
7 9 6 345 8
10 8 2 130 8
8 10 10 473 6
5 2 3 75 9
6 6 10 109 3
9 8 2 92 5
4 8 7 43 1
1 7 8 613 6
7 7 8 366 8
4 9 9 80 2
6 8 3 766 5
6 9 9 680 6
3 3 6 557 7
10 8 6 571 2
10 10 3 111 8
2 3 3 376 6
6 2 4 737 8
3 8 6 717 2
2 8 9 180 1
10 10 7 301 1
4 1 2 34 4
9 9 7 26 8
1 5 9 100 7
1 9 3 37 3
4 1 4 653 9
9 5 9 120 3
7 8 9 500 6
5 8 4 258 9
7 6 3 245 1
4 8 9 277 6
6 9 2 568 8
4 9 7 662 10
4 10 4 170 1
3 8 10 462 10
8 5 10 782 1
10 2 7 678 2
4 9 9 391 9
4 10 4 426 4
1 4 5 767 1
1 9 6 118 8
5 8 5 174 2
6 6 3 79 10
10 3 10 782 9
5 8 9 769 6
3 7 10 762 9
10 10 7 519 3
3 5 9 273 9
6 4 10 418 7
3 5 7 206 4
1 10 1 636 3
10 2 3 223 5
2 10 7 184 6
10 6 1 74 7
4 4 10 766 7
3 2 6 147 2
3 6 8 28 4
7 9 2 64 8
4 6 8 252 3
8 5 9 269 3
9 7 3 76 7
8 7 4 755 9
4 9 5 60 6
10 5 7 335 9
6 5 5 222 5
2 3 8 255 3
4 1 5 158 4
1 7 3 208 9
6 4 5 351 9
6 8 10 476 1
4 6 5 563 3
3 10 7 568 2
3 4 9 537 7
6 8 8 818 10
1 6 10 153 6
7 6 6 393 10
8 4 6 598 3
7 1 2 175 1
5 9 5 31 2
4 3 2 431 5
10 10 9 741 9
8 3 6 486 9
10 6 10 662 10
10 3 9 242 6
7 3 3 364 2
4 6 10 462 9
1 3 5 82 6
2 8 2 345 10
9 4 5 724 6
4 2 6 623 5
10 8 6 728 9
7 7 4 578 1
10 10 1 196 3
4 6 9 259 8
8 10 10 488 6
4 1 10 723 5
4 7 10 326 5
10 2 8 295 1
6 4 5 740 4
2 4 3 625 1
7 2 7 104 9
6 8 9 356 10
2 7 7 200 3
10 9 5 189 7
7 9 6 652 5
9 7 10 347 3
7 1 7 224 5
8 2 3 656 9
4 2 8 65 4
3 5 1 312 4
4 6 4 57 6
5 5 7 533 3
9 9 3 291 9
6 4 5 24 8
10 4 4 55 6
4 7 2 667 6
1 1 6 75 5
10 4 10 70 9
7 3 4 228 8
5 10 1 354 7
9 7 7 326 1
6 4 5 759 4
3 4 7 317 10
1 9 6 562 7
4 8 8 641 5
2 10 5 271 4
9 2 4 581 3
5 9 3 108 6
8 10 9 588 1
6 9 2 778 2
10 4 1 695 3
2 3 2 631 8
10 10 8 167 6
1 3 6 386 5
1 6 9 129 10
2 2 7 439 1
4 8 9 47 6
8 6 7 340 8
10 4 1 553 9
6 8 10 742 7
8 5 9 194 4
3 9 10 328 8
10 8 5 51 9
9 10 5 67 9
6 5 6 800 9
3 1 7 582 4
2 2 1 369 3
4 8 9 678 9
4 6 1 232 8
10 5 6 714 6
10 5 4 46 2
10 10 5 700 6
2 1 6 436 1
8 7 2 278 1
9 9 3 208 6
1 9 10 300 1
10 8 6 177 9
10 3 9 652 5
5 4 3 153 5
5 1 7 491 8
3 7 7 482 8
1 3 4 290 8
8 4 4 208 7
4 1 2 500 7
2 1 2 37 2
9 3 5 122 10
10 10 10 119 8
1 7 4 107 2
3 10 6 237 2
7 8 3 685 10
10 5 6 385 2
9 5 5 583 5
6 9 7 799 5
2 2 4 503 6
9 3 4 362 9
7 3 9 421 3
5 5 7 800 9
3 5 10 680 4
1 1 6 621 2
7 5 4 121 1
10 1 9 189 10
7 10 3 723 1
10 10 4 40 1
4 8 3 164 7
8 3 4 812 1
4 2 1 426 9
9 3 9 661 6
8 10 3 355 3
6 1 7 193 1
7 4 3 581 5
2 1 7 232 4
7 7 2 190 10
9 6 1 502 7
8 4 6 384 10
6 9 3 420 9
3 1 10 203 3
5 3 7 226 4
3 1 1 186 1
3 2 9 317 4
5 9 9 722 8
10 10 3 30 6
9 5 1 654 10
5 10 1 498 8
8 4 6 428 4
3 10 4 764 1
8 6 2 538 6
8 2 7 118 7
10 6 2 304 2
10 10 8 391 3
8 5 10 285 10
1 7 7 804 6
6 2 6 639 2
1 10 6 512 5
9 8 1 67 9
1 3 4 50 1
4 2 2 112 6
7 5 9 40 6
2 3 8 364 3
5 10 1 487 3
5 7 1 777 4
10 6 1 388 9
8 8 5 640 3
7 8 7 691 6
2 8 10 61 10
8 7 9 172 7
8 10 4 728 1
10 1 8 337 1
2 8 6 282 6
8 3 7 30 3
7 6 4 793 7
4 1 3 266 4
4 1 1 256 8
9 2 5 388 8
2 1 6 180 6
6 3 5 102 2
1 6 7 66 10
6 1 8 212 5
4 8 7 582 4
3 1 8 88 1
3 5 10 708 8
2 5 2 468 7
10 5 10 288 8
1 6 6 243 9
6 7 4 738 3
10 8 1 87 10
10 4 2 444 4
10 4 6 660 5
8 4 8 568 8
4 9 3 164 9
5 1 5 25 7
7 9 3 404 3
6 1 7 373 1
9 8 5 514 2
10 4 9 151 2
10 1 3 460 10
3 3 2 427 6
1 1 8 510 2
8 5 2 753 3
9 5 8 147 9
3 10 1 242 3
6 8 10 404 6
7 10 5 748 8
9 5 5 559 9
5 6 4 23 6
2 5 5 235 2
9 7 9 788 9
2 2 7 774 9
2 5 2 778 9
7 8 6 586 1
8 8 10 517 10
8 5 1 166 8
3 3 10 461 4
4 8 5 680 1
7 9 3 54 8
1 2 3 718 9
6 6 9 776 2
8 10 5 681 10
1 9 5 180 5
6 8 9 612 3
5 8 5 730 6
6 4 6 791 8
1 3 6 219 7
6 10 4 95 10
2 1 10 36 7
2 9 2 577 9
2 2 1 599 9
7 1 3 292 6
3 10 7 812 3
7 10 10 212 8
9 4 8 90 9
6 3 4 158 6
7 1 7 115 7
10 10 9 234 7
1 3 3 339 10
7 7 6 530 9
1 5 5 387 4
3 9 1 771 2
4 10 1 157 4
8 10 4 819 3
9 5 9 507 3
9 9 10 289 7
1 4 9 583 4
6 5 2 784 4
6 6 7 454 3
8 10 3 66 8
2 7 6 439 4
8 7 8 533 4
9 6 9 302 2
7 3 4 749 1
8 10 6 438 10
2 5 9 50 5
1 8 9 169 7
9 9 2 801 5
5 4 5 105 1
10 9 2 157 1
8 8 7 467 3
5 4 5 272 3
1 1 10 735 9
