450
401 298 210 239 7
156 262 163 311 19
308 177 317 264 14
435 412 252 2161 12
173 183 419 1592 13
266 171 421 4340 11
305 361 425 1971 3
368 418 210 5108 8
378 264 248 1595 14
415 292 420 1053 16
158 211 314 6042 4
336 233 292 684 12
370 344 413 7231 16
448 165 180 7839 14
291 181 436 9051 12
303 283 280 11079 8
434 240 369 11651 1
403 292 240 5876 16
252 204 391 13458 15
307 214 297 8745 16
341 151 295 2619 16
335 186 198 13471 2
423 243 266 9518 3
260 363 317 3913 5
181 209 352 7205 15
282 402 314 8792 14
342 253 328 7489 10
172 258 420 6134 10
247 402 299 16656 18
274 328 242 7517 14
251 355 183 7835 3
193 384 369 23178 3
338 371 375 12354 5
341 180 182 3931 16
421 206 346 7038 2
336 205 331 12804 10
219 150 375 12502 12
299 261 314 21211 18
410 228 444 24468 3
217 271 285 27557 3
168 384 179 35112 9
158 239 259 20355 8
227 163 186 1279 9
372 417 366 1537 10
432 248 318 544 9
308 395 314 32381 15
409 157 388 25959 9
395 442 191 3147 1
183 178 256 10271 16
234 166 201 12039 1
264 215 189 29113 10
274 396 319 31374 14
301 254 392 45323 5
197 408 423 11086 17
152 375 155 29398 8
418 186 369 19450 3
168 181 207 46393 18
226 351 223 38458 1
331 394 186 4092 4
289 266 228 1645 18
393 382 256 37802 18
399 413 174 1594 3
233 328 216 9866 15
316 168 288 15923 12
319 152 206 28496 2
424 222 291 2507 3
364 449 213 7995 13
320 290 192 15601 2
333 402 404 15499 11
294 425 204 14155 11
359 273 174 50824 16
255 285 201 63404 3
391 351 304 44233 3
299 381 165 12694 12
205 344 275 26595 14
176 207 354 66349 8
310 224 261 28509 15
312 402 300 47090 13
345 415 171 28203 8
233 196 295 47213 18
270 242 251 62990 5
410 436 277 56678 10
277 297 370 59898 19
423 152 435 61815 8
356 152 444 66797 6
312 210 231 5333 13
201 193 397 14101 19
347 376 358 42826 4
418 370 203 11013 13
242 334 248 1368 15
412 264 236 52365 17
394 207 373 76593 12
347 196 418 29981 7
359 342 286 19381 2
182 405 428 11522 12
334 337 298 15909 7
304 162 348 25419 2
312 370 213 66360 16
332 295 246 26863 10
199 159 163 4897 9
372 243 329 80802 10
431 416 218 45521 2
292 342 341 32378 1
211 213 404 87350 14
234 322 395 19411 3
331 341 436 86019 12
443 318 261 71525 5
310 282 364 23472 1
224 310 431 25790 9
377 274 246 50600 9
287 246 422 42139 4
186 284 156 91288 3
159 438 431 44594 9
394 376 159 79388 1
284 422 429 43423 19
379 331 435 79591 11
348 409 311 44075 16
239 411 314 68089 18
354 439 393 63215 7
292 168 158 5343 5
183 339 380 74707 12
321 410 411 107115 18
427 162 299 72919 18
337 430 385 103391 17
350 163 402 43185 15
224 174 401 4139 4
397 285 250 59521 11
191 160 231 109641 8
235 292 159 77145 19
242 370 428 10414 13
303 279 291 3186 8
321 164 243 107701 4
240 431 260 34003 9
340 404 422 17576 18
188 299 384 78466 15
320 321 307 98385 5
429 298 172 50031 16
311 325 242 20873 6
259 162 262 80314 1
274 204 294 118852 1
264 400 218 21192 7
391 253 448 62021 13
218 340 259 93914 3
163 192 218 12802 10
447 203 380 107480 1
227 219 321 88658 4
175 389 416 61535 5
352 238 437 47934 4
220 320 169 80997 5
373 324 231 57915 17
415 361 390 53922 3
285 201 447 79713 16
402 287 165 34500 18
156 362 165 123780 6
417 232 361 93822 15
193 166 268 44041 6
195 157 329 112080 8
306 207 383 84891 11
187 200 283 105921 12
363 293 180 95928 17
359 267 211 137432 18
324 414 308 87465 12
233 369 397 133533 6
391 210 163 100673 7
241 189 358 75816 8
257 277 235 116550 19
326 376 403 39460 3
194 180 378 130798 17
166 377 401 5149 7
446 272 337 10285 11
214 162 182 79134 8
283 314 210 80790 2
187 388 244 22797 4
444 251 208 20488 17
409 232 413 20602 18
233 166 275 95080 3
424 150 230 105501 3
337 161 396 107535 12
278 197 310 18638 4
187 166 400 86770 18
319 162 348 66404 12
402 388 408 75737 7
352 385 200 136689 8
420 273 210 59452 17
246 223 262 145368 15
169 286 374 54520 13
242 254 373 101435 15
284 201 373 42804 11
322 361 383 83871 15
435 398 166 144797 9
302 268 303 141223 15
316 160 260 37379 16
425 393 310 118797 19
330 169 268 76330 1
283 287 211 68133 6
289 195 327 33063 2
175 343 195 162756 11
369 153 411 29825 10
282 224 221 168787 2
209 375 367 44553 3
333 406 257 119398 6
401 329 276 72076 13
183 434 153 40918 13
315 164 240 144686 1
325 406 425 30868 13
245 407 400 182814 19
357 262 378 40603 7
295 182 156 67301 14
214 446 440 35920 16
172 168 338 179303 10
345 305 335 13327 18
319 349 255 158608 3
326 364 417 51825 17
292 339 377 52838 10
159 262 433 158560 14
233 331 384 17108 2
333 223 168 12071 16
409 335 176 36471 10
350 198 414 162436 2
222 418 306 191605 10
328 186 309 18178 13
198 239 313 116994 18
270 259 449 31024 4
348 355 308 198092 17
282 337 298 42066 9
246 294 433 151417 3
331 443 190 123333 11
250 410 334 72099 5
313 392 392 180776 15
387 196 153 98074 11
182 390 304 5502 14
429 424 433 80186 2
315 271 425 114210 7
229 449 386 75001 6
262 401 154 165894 7
203 436 267 170339 8
381 429 242 183994 11
299 442 224 171587 13
367 164 263 63531 5
405 180 370 114825 6
298 336 167 46356 17
307 231 412 187764 9
330 165 432 192400 4
164 169 261 74597 19
190 341 178 165691 10
285 408 320 16358 15
407 228 245 58325 19
422 375 429 14126 5
394 385 193 173594 19
295 448 192 63787 15
234 425 406 60560 7
419 430 217 181084 12
289 257 345 8202 5
267 211 446 126470 4
369 218 236 21851 13
358 329 313 138801 11
377 189 269 135846 7
232 403 290 109810 8
174 297 402 129775 19
274 407 377 70368 15
392 229 337 31894 17
186 299 441 203064 13
446 327 286 54337 7
221 195 380 154890 16
383 372 261 37272 5
222 424 366 174673 5
165 239 191 220281 16
262 270 432 93585 7
197 255 327 184870 9
440 253 207 21159 7
428 366 409 188670 6
151 411 245 16928 18
194 302 405 239993 16
375 308 212 92085 6
380 409 418 138071 8
198 441 242 5574 7
329 417 442 157133 6
322 198 273 168689 7
217 328 239 18800 3
308 229 291 143509 15
422 382 376 175581 17
257 360 364 158368 16
329 357 359 215691 16
312 225 365 38130 15
285 248 384 19313 6
356 379 384 254249 7
425 449 427 223123 18
233 361 156 139307 10
155 170 263 78466 7
357 408 276 117679 12
340 376 166 41819 10
324 250 225 152595 19
272 199 441 49845 15
323 211 189 159031 1
397 421 248 138579 4
178 336 310 129167 11
414 306 283 100031 14
160 433 395 137161 5
303 216 366 60015 15
306 442 429 122790 15
238 344 428 138966 14
399 426 430 117913 11
266 363 186 177283 14
216 249 421 87561 17
239 390 311 72734 12
267 334 400 213593 2
181 166 402 114281 10
303 322 416 111777 17
378 302 173 134215 13
245 417 300 126693 10
376 228 159 265111 14
194 192 274 163961 13
330 161 162 98781 2
197 239 315 65511 16
247 193 427 118876 9
435 247 413 5419 10
406 272 205 104219 9
266 190 164 51047 16
254 250 325 172693 18
222 414 340 50142 8
365 414 285 98831 4
255 201 322 274416 2
412 414 339 49318 9
314 393 151 182567 16
388 268 192 117402 7
178 302 253 56014 5
206 442 440 2841 8
177 393 209 187793 6
385 443 218 191081 19
390 421 223 19185 4
156 293 445 269164 6
162 229 363 115082 19
425 207 366 172086 11
214 434 267 133309 5
350 447 336 230783 5
207 408 157 232647 7
300 282 297 222646 11
186 348 190 284727 15
411 372 394 101396 14
162 227 257 218992 13
316 287 190 127866 6
324 295 236 202127 19
448 275 359 42413 12
203 339 296 28045 14
356 213 181 159626 6
379 327 204 62285 3
199 216 280 79802 2
403 271 336 80628 6
196 240 224 177764 18
291 286 151 221118 1
280 372 359 108400 1
262 252 242 236288 7
434 269 322 82037 4
413 183 411 202830 17
304 246 294 225084 8
370 206 232 46148 12
244 432 191 278163 6
168 203 418 304137 15
271 377 442 127845 11
227 363 331 255245 6
357 365 287 227305 17
217 348 176 81612 12
296 308 389 224098 4
413 378 241 238358 18
399 400 382 150818 19
151 406 262 96365 6
237 241 196 256705 19
296 439 195 43112 13
222 238 182 187265 12
430 398 246 157502 11
217 439 376 317664 6
270 189 166 152448 17
423 268 239 101260 7
408 304 258 125429 19
308 164 368 57674 16
249 324 446 242881 1
216 361 411 299991 15
311 442 382 16227 9
320 195 251 172157 15
162 311 180 228351 17
427 325 229 151502 12
263 222 360 62976 12
432 384 349 313716 4
186 311 151 225616 14
261 332 155 214024 14
355 391 392 221900 13
184 241 278 16522 7
371 286 211 295788 11
449 263 428 116887 17
319 259 365 172454 8
166 182 177 255217 14
438 250 440 71366 14
422 398 249 198865 16
222 190 369 328569 12
168 243 395 206328 13
263 165 380 139204 14
400 431 156 352453 10
232 395 198 316150 8
222 273 310 127277 7
435 200 230 106406 14
170 338 185 358038 8
418 193 250 37610 17
348 318 440 167764 17
222 164 291 188778 1
309 340 371 304111 9
384 299 241 53374 14
163 224 154 161945 19
446 248 274 357267 4
163 264 265 140223 10
200 429 174 51925 16
408 359 410 172668 1
162 362 170 343927 9
203 322 379 55445 9
197 307 260 368094 9
210 181 311 150903 17
166 303 346 129056 12
282 312 219 344070 4
390 308 227 56096 12
381 174 153 253437 11
150 335 414 38396 1
296 160 198 218186 15
201 234 250 314505 6
435 241 209 341723 9
316 258 313 35657 2
435 373 382 54705 5
361 167 153 176794 9
244 310 201 346247 8
224 178 330 69699 16
319 403 427 104183 16
289 418 439 164910 18
449 163 255 12969 18
395 365 414 233914 6
287 396 448 121164 13
215 327 165 321889 7
189 259 284 4158 1
190 356 298 11186 15
306 205 215 271503 1
200 281 276 229892 14
153 325 316 162770 12
292 384 205 83129 10
408 382 434 257857 2
368 350 343 149064 16
230 300 359 48850 5
192 326 220 149916 17
294 312 430 195923 10
424 217 208 28390 12
234 314 411 131412 9
289 212 373 98059 2
365 210 157 163405 13
327 306 219 235709 6
