450
5 3 10 505 8
2 10 6 744 1
5 10 8 755 4
8 1 10 293 10
9 9 2 426 4
6 1 1 232 1
7 7 8 778 5
7 6 8 833 1
4 6 1 22 5
2 8 8 274 4
8 8 4 284 7
4 6 5 642 10
7 9 10 834 3
3 1 4 239 1
9 2 6 674 6
9 8 3 342 4
1 1 8 425 4
5 2 5 709 5
3 10 6 476 5
5 5 1 244 10
7 1 6 531 4
4 3 1 87 1
5 3 9 476 1
10 9 7 141 10
8 6 1 104 4
7 10 1 327 8
1 6 7 421 10
2 2 9 195 2
2 5 6 587 5
1 8 8 118 8
1 9 1 359 2
2 5 7 232 10
1 3 4 432 4
10 2 1 500 3
4 2 9 481 3
10 3 9 45 8
10 10 1 172 4
5 4 2 899 8
6 7 9 328 8
2 10 5 306 2
3 5 2 152 4
4 6 8 549 6
5 10 5 409 7
10 1 6 748 10
6 10 3 212 3
6 9 8 849 8
10 3 8 602 2
4 8 3 505 5
1 6 4 874 6
8 4 3 277 9
4 10 8 293 5
2 10 4 749 1
1 8 3 544 1
8 4 1 695 4
2 4 7 834 7
7 4 8 189 10
2 1 4 592 9
7 5 2 630 10
4 7 7 780 2
6 4 2 535 7
10 8 7 226 6
3 2 8 761 1
2 4 9 398 4
10 6 9 419 5
7 6 3 684 1
5 5 4 308 5
1 3 5 834 1
8 9 10 112 2
7 5 9 663 1
1 8 6 30 4
7 8 5 372 9
2 3 1 222 2
8 7 1 366 4
4 4 9 444 1
7 5 3 60 8
8 2 7 614 5
5 1 2 647 3
1 9 4 263 1
9 7 4 83 5
5 2 4 222 3
9 2 2 606 6
6 6 8 61 2
2 6 9 663 9
4 3 4 183 7
7 3 7 864 4
7 2 10 801 3
10 6 9 357 9
5 5 4 369 9
2 10 3 311 8
10 8 4 747 2
4 8 2 625 3
4 3 3 755 10
1 8 5 369 2
5 7 4 755 7
8 2 3 60 6
4 3 5 594 9
8 5 4 878 7
6 6 6 670 10
8 1 1 309 4
7 10 10 509 3
2 3 3 230 4
9 2 5 381 7
4 2 2 264 10
7 7 7 95 1
2 5 3 354 9
10 4 1 586 7
5 8 1 631 9
3 8 3 633 4
8 5 3 569 10
8 2 10 366 10
6 4 1 669 9
10 4 1 430 10
9 9 1 686 6
2 2 6 826 7
2 7 8 312 7
9 8 7 361 9
9 10 1 851 5
5 3 4 330 3
9 5 9 504 8
1 6 8 67 9
1 3 9 386 9
9 2 1 432 3
6 3 9 251 2
8 9 10 326 7
7 5 9 917 10
4 3 1 766 9
8 9 7 78 2
10 1 6 277 6
4 3 1 109 3
6 3 2 323 7
9 10 6 398 7
10 7 4 593 5
8 2 1 624 4
3 1 5 343 2
9 4 9 553 9
5 3 7 581 2
1 2 4 109 3
10 8 2 258 2
5 7 9 325 4
7 9 8 921 3
8 8 6 231 6
5 6 3 560 9
3 8 5 226 8
5 8 9 822 6
1 9 1 239 6
4 1 5 472 4
3 8 5 167 1
1 1 8 410 9
1 9 6 802 9
4 6 3 858 8
8 6 4 148 10
10 3 9 499 10
10 7 6 576 5
4 1 1 148 7
1 1 10 317 7
7 8 3 887 4
8 6 3 643 7
10 2 7 184 6
9 5 2 145 2
7 7 5 663 5
10 4 1 855 5
7 7 4 539 5
1 4 7 99 1
9 7 4 66 10
6 4 2 705 9
7 8 1 717 5
1 3 2 862 5
6 6 4 568 10
6 1 4 796 4
3 7 5 130 5
9 2 9 254 9
8 4 10 65 9
3 8 8 393 5
6 1 1 784 6
8 8 3 905 6
2 6 8 600 7
3 9 9 741 7
9 2 5 907 10
1 10 4 783 3
8 8 6 651 9
7 1 7 398 5
7 2 3 498 6
4 5 2 770 4
9 2 9 389 3
2 2 8 191 4
4 6 5 711 7
3 6 1 492 9
9 10 10 825 3
6 9 9 470 5
5 1 5 124 7
3 8 3 468 5
2 4 2 96 5
6 4 1 757 4
4 10 2 686 5
2 4 1 521 8
10 7 6 126 1
8 4 1 407 7
10 9 9 388 5
6 10 9 751 10
9 9 7 457 1
1 2 2 296 8
10 2 4 648 6
2 10 2 37 1
9 5 10 292 3
9 3 7 615 7
7 4 6 648 1
2 8 2 510 9
8 3 2 94 2
6 8 7 570 8
2 4 10 902 7
5 9 9 478 10
5 3 1 215 6
2 10 1 601 10
9 7 7 465 1
1 9 6 58 4
4 9 5 476 7
10 7 6 652 6
2 9 7 762 9
7 7 5 850 6
1 8 4 759 7
2 6 8 126 1
7 7 9 495 1
7 1 1 76 1
4 2 7 877 8
10 9 6 664 3
7 6 8 191 2
4 7 1 897 1
2 6 4 684 2
3 3 7 798 5
9 10 10 485 3
4 4 9 568 3
4 9 9 665 7
2 9 1 572 7
4 3 9 547 3
2 7 2 167 6
4 4 9 143 1
3 3 1 708 10
7 2 3 743 10
6 6 10 232 2
6 7 3 111 9
5 9 6 866 5
7 10 5 625 10
9 3 6 206 4
6 9 7 875 7
10 10 1 182 2
10 6 1 601 7
3 10 4 876 5
9 2 4 226 4
3 2 2 50 4
7 5 9 856 1
2 7 4 252 8
1 8 10 854 5
3 4 7 462 7
2 9 7 542 7
3 8 3 22 9
2 7 3 695 10
2 6 2 386 7
6 10 3 272 3
2 7 6 638 10
7 1 2 562 10
8 10 3 187 1
10 8 4 464 1
2 1 1 620 1
4 7 9 556 3
7 9 3 737 2
8 3 9 399 2
1 6 3 299 4
10 8 10 388 8
9 3 2 183 6
4 2 9 441 6
10 4 3 900 1
8 1 8 473 3
7 1 10 482 10
8 4 7 667 5
10 7 2 380 7
5 7 4 266 7
2 6 1 49 1
10 2 3 126 2
2 8 7 589 7
10 2 6 913 10
1 7 6 454 2
9 3 10 812 1
2 2 5 594 6
8 4 8 604 9
10 2 3 509 7
3 8 2 824 5
1 3 8 618 7
9 8 3 319 3
6 9 8 869 4
6 2 9 292 4
7 9 4 847 7
10 3 2 734 4
6 4 7 744 4
4 6 1 708 3
5 10 5 427 10
7 7 4 599 10
1 10 7 303 6
1 10 10 568 8
1 4 3 421 10
9 6 3 290 6
10 10 7 828 3
2 6 3 884 3
4 9 2 438 5
7 4 4 457 6
7 2 3 515 3
2 8 8 65 1
1 8 4 597 10
4 2 10 668 7
9 7 3 400 1
8 5 5 423 6
5 4 5 294 4
6 6 9 369 9
10 10 5 667 9
10 9 7 399 2
5 10 8 478 3
8 7 1 739 4
2 5 1 349 1
6 6 2 226 8
7 4 10 595 3
10 6 10 348 3
6 7 4 544 5
1 6 5 859 4
2 5 8 601 3
8 6 2 643 5
9 5 2 315 4
3 7 10 58 8
7 5 9 405 9
9 5 4 113 10
5 1 3 852 6
4 2 1 31 2
2 5 6 832 8
7 7 4 26 6
3 5 7 789 2
1 7 5 171 9
6 2 4 17 2
8 1 8 555 2
5 5 9 485 3
3 6 10 903 5
4 6 9 533 6
4 10 4 850 3
7 3 4 19 10
2 10 8 657 1
2 1 6 882 6
7 10 1 812 3
9 3 9 847 1
8 9 3 32 10
5 9 7 826 5
8 6 6 851 6
8 8 10 327 6
5 6 5 865 8
3 6 10 773 10
4 8 8 323 3
2 7 10 588 4
8 9 7 195 8
4 3 10 412 5
5 7 4 97 7
4 4 8 408 4
6 1 9 358 10
7 8 7 357 1
1 3 5 230 7
2 6 6 801 10
3 6 7 597 9
6 8 3 658 10
2 3 10 751 9
7 7 4 98 4
8 6 7 478 4
10 4 5 911 7
9 4 7 238 4
4 3 9 858 8
10 8 9 457 1
10 2 6 765 1
5 3 3 856 6
5 10 3 906 9
7 2 9 250 2
7 5 1 465 5
2 8 8 415 8
9 7 7 743 5
1 7 1 112 9
6 2 4 905 10
10 7 7 99 4
5 2 1 363 2
4 3 10 709 2
2 6 10 505 2
8 7 2 168 4
1 10 5 252 7
4 9 8 907 6
3 10 4 347 1
6 7 5 404 5
2 4 9 193 4
5 5 7 281 6
9 7 4 162 8
5 9 7 510 8
6 6 4 301 9
1 8 2 548 8
5 10 9 37 5
6 4 6 354 7
8 10 8 329 8
10 6 5 279 6
2 6 5 894 10
2 10 8 667 6
4 5 10 411 5
2 4 4 790 8
5 8 9 664 7
3 7 2 97 6
5 7 7 901 10
6 9 6 153 2
7 1 7 698 10
1 6 3 393 9
4 7 1 298 10
1 7 2 390 2
3 1 9 155 8
2 3 6 315 7
10 3 6 752 4
1 1 7 495 8
10 6 2 179 1
10 8 7 813 9
4 7 9 219 8
10 4 10 764 8
5 7 4 344 6
1 4 9 403 4
3 5 10 846 5
4 7 10 288 2
3 8 3 700 7
2 4 2 656 9
4 3 2 615 10
4 5 4 779 6
6 8 6 770 9
4 8 2 860 10
1 7 7 628 4
9 10 5 244 9
3 1 4 383 10
9 8 3 758 4
10 7 8 43 7
4 2 5 521 4
8 10 8 593 4
2 2 6 782 5
5 4 2 794 8
6 7 7 95 6
3 4 4 97 5
2 9 7 390 2
1 1 10 113 3
3 4 1 296 10
3 7 3 78 3
9 2 6 652 2
2 3 10 16 10
2 10 2 232 7
10 7 1 898 4
9 9 1 706 9
6 7 3 836 1
1 1 2 199 2
