50
38 24 32 63 17
31 31 30 78 4
47 36 29 177 15
37 19 36 42 16
22 33 31 135 15
33 39 46 155 9
39 22 28 168 5
17 49 17 365 9
33 32 40 95 7
16 31 43 874 5
27 23 32 828 10
43 45 16 1016 3
28 44 27 326 15
17 37 39 749 9
49 47 41 1295 19
16 22 44 1138 2
27 49 20 1543 13
29 21 24 918 12
19 35 32 575 8
29 47 41 967 1
39 46 42 1882 8
28 28 46 779 1
30 35 18 1426 14
48 35 30 2249 10
42 25 42 1429 13
20 30 19 1727 15
48 36 39 1547 7
20 32 23 1863 6
43 48 43 2553 8
18 32 17 2354 15
36 20 44 1094 10
17 21 29 2030 11
22 27 48 1446 14
23 41 46 2319 13
37 35 23 3282 3
42 43 33 1174 9
35 39 27 1572 13
39 36 42 2533 8
43 25 48 3234 13
48 40 38 2241 17
47 23 44 1586 13
43 41 33 688 12
25 29 35 4062 19
21 36 28 3060 19
48 23 20 3044 2
46 21 45 2514 11
45 33 25 3595 16
32 18 17 2201 4
32 27 27 2981 9
49 30 48 1175 6
