300
269 205 161 178 12
187 281 232 466 16
114 263 274 823 12
232 266 169 1078 19
253 199 225 1910 11
221 221 230 2559 14
155 257 279 1741 4
149 119 119 3244 14
137 146 200 1451 8
273 230 101 4618 14
124 259 196 4447 12
236 238 221 5191 17
181 201 267 3324 3
296 181 140 1954 3
164 129 215 351 15
233 199 243 5887 5
134 259 282 6291 8
112 295 266 1539 13
135 106 106 1981 14
213 292 210 9093 4
136 121 249 6907 2
258 101 140 4104 2
260 208 170 5663 19
111 189 175 11746 4
106 134 113 2151 13
287 108 242 14070 5
188 112 251 7876 6
176 199 121 4834 15
138 176 209 7580 2
162 240 220 1122 10
163 178 140 7471 15
284 272 293 13772 4
176 258 146 5155 6
246 230 262 6388 18
198 247 232 18809 18
220 183 147 4326 3
274 118 168 14931 15
206 268 194 6986 10
170 100 164 1933 15
165 284 237 15662 4
170 150 122 23641 10
203 109 297 871 5
119 277 206 564 8
203 228 123 12284 15
177 204 223 23736 15
130 277 242 18872 18
164 279 213 5864 7
238 206 196 8928 13
224 258 213 9316 15
252 207 128 18877 3
117 288 177 1821 3
292 164 121 29648 5
101 288 239 16540 2
143 110 117 16035 3
284 193 166 18426 9
105 121 280 19840 15
187 258 139 27874 19
299 238 124 746 14
169 110 161 24282 5
266 267 296 10844 3
176 110 199 16684 19
165 163 102 15760 15
229 182 134 36977 4
157 124 105 18315 19
129 216 207 20833 3
161 218 248 32477 1
256 267 265 29778 12
293 217 247 8764 1
273 275 127 7052 17
263 159 280 26217 2
247 142 193 27263 13
245 174 139 23740 8
205 162 240 18890 1
174 222 148 4813 12
118 202 109 41163 19
160 103 255 31163 7
115 177 278 1763 13
123 203 298 31561 10
236 137 222 26025 12
266 260 280 10429 2
182 257 248 32365 6
237 225 126 223 5
249 277 260 25343 8
271 136 185 13119 4
278 119 141 15373 4
285 174 123 25741 8
256 256 259 36077 16
212 116 275 15558 8
256 168 293 11364 5
237 172 289 45191 11
267 191 176 52458 15
251 115 127 4996 1
199 120 222 17773 1
279 153 110 11234 19
133 256 259 28334 10
151 294 244 34227 15
164 149 158 21626 17
108 275 187 10937 17
137 228 159 54364 14
181 270 172 3852 9
118 194 145 1552 5
135 222 239 55719 17
229 148 299 52770 3
289 175 148 14166 7
296 159 250 4055 16
208 241 123 3919 2
285 218 254 29580 6
273 217 202 31114 14
148 291 293 24521 18
135 211 206 51755 17
178 177 266 2460 16
156 212 190 23317 14
239 124 136 3230 6
125 164 118 16766 1
199 255 220 50457 3
186 218 145 21179 12
292 280 124 34170 16
143 220 132 33003 19
162 250 167 32003 11
110 230 294 13238 12
118 189 248 24923 18
179 270 207 58479 19
100 224 139 41570 6
165 103 173 23581 10
260 208 143 57075 17
141 220 243 682 14
192 254 265 67879 10
167 295 278 25086 12
133 187 155 36782 11
237 267 269 32118 7
142 107 150 68756 8
104 185 267 66946 17
115 132 171 30059 14
202 229 178 29915 19
164 277 188 16088 18
141 277 294 28988 6
160 187 233 26633 12
163 196 132 17673 16
195 206 154 15950 9
261 104 257 6640 5
285 171 127 328 11
100 233 188 58978 6
259 277 279 78558 4
114 143 127 25816 1
214 249 218 6299 6
230 275 210 83343 8
148 218 138 33910 2
255 128 230 66884 17
192 114 144 26033 3
107 112 241 34734 12
278 157 228 25866 16
174 299 169 21436 9
298 141 191 27291 17
242 261 269 14201 16
179 240 173 81877 16
238 139 260 92730 6
227 161 204 38583 11
220 236 157 48805 7
139 104 283 34931 16
254 246 238 85166 13
247 105 242 29682 7
211 274 192 57856 7
119 121 205 8756 10
283 222 137 39021 9
176 266 239 20104 18
186 158 249 77321 8
281 229 108 44978 19
207 297 213 82809 3
160 123 221 71169 7
206 270 147 68741 4
255 212 164 9884 4
232 242 233 102386 3
241 284 274 20078 13
121 179 209 94741 16
291 200 157 11564 18
245 166 284 45082 17
191 260 129 68578 2
166 219 288 99525 2
109 152 113 63617 15
103 277 238 76521 5
232 259 199 43603 3
201 242 249 55121 14
156 262 110 37907 10
103 154 249 46908 18
283 190 216 13702 11
217 173 202 88074 17
116 157 188 31439 6
250 260 160 996 13
153 254 179 72226 2
195 156 283 16792 9
263 245 126 66057 8
171 261 143 25234 5
282 241 262 28346 5
231 168 140 30465 5
129 142 293 57822 2
262 192 212 12210 19
237 236 247 84546 2
214 143 274 51133 11
218 120 140 12476 17
109 156 218 81427 6
213 203 232 52598 12
181 135 117 49491 14
209 181 233 110720 1
120 203 276 39157 7
282 193 296 21914 5
199 258 279 115077 8
208 254 113 48555 17
248 162 222 87948 2
104 268 169 120754 1
150 191 196 24316 2
184 215 280 30546 5
253 125 278 2112 5
266 198 253 44275 4
136 222 145 68090 19
155 237 138 44711 1
104 287 100 2173 17
152 224 277 60240 13
165 268 224 17784 18
243 221 285 37190 9
234 201 141 115463 17
181 183 224 128227 9
231 235 140 27432 3
225 131 234 91203 1
132 155 155 84055 10
274 137 177 82465 16
204 241 281 19124 4
150 168 205 68894 4
217 110 274 3463 8
176 167 129 86286 14
160 281 270 65442 7
140 275 257 28659 17
286 131 124 100311 4
268 156 245 3267 18
167 125 166 94470 4
128 287 114 10015 3
285 165 205 75893 1
106 227 232 24814 7
168 132 206 90082 1
192 176 225 74971 13
273 259 201 92334 19
217 211 191 90766 2
171 181 117 11485 14
157 221 236 68468 14
170 222 266 101735 12
251 195 250 1457 14
291 132 114 39471 4
155 249 120 108592 7
266 178 284 19656 7
159 110 111 135469 18
279 230 214 48224 7
173 278 278 96568 18
182 219 248 12581 11
160 149 113 32671 4
116 178 141 56875 19
149 288 178 105290 7
234 259 110 49521 1
285 145 264 151904 18
193 213 135 114039 19
238 287 159 58777 4
119 298 288 101812 18
239 241 243 85558 18
173 203 153 118993 19
160 180 162 55238 7
240 105 292 107589 11
276 222 258 111840 14
121 130 267 111102 2
186 295 281 132998 7
193 261 152 135454 12
116 275 103 128077 14
210 117 262 136866 10
292 110 178 92377 8
262 159 163 43663 15
174 131 285 32830 8
114 252 201 46968 10
207 170 169 14337 4
180 293 199 56382 8
155 285 195 71034 6
225 285 162 115343 1
282 221 124 12371 2
134 102 278 47514 19
175 119 239 44963 17
117 186 182 79366 11
214 110 136 81199 16
293 244 118 16797 13
249 276 150 2797 10
195 131 259 107791 17
161 120 279 86946 4
244 201 248 145699 15
180 191 117 76460 10
103 262 247 172305 8
287 271 155 115867 13
241 195 147 135520 5
181 236 158 119635 14
281 239 260 128954 5
181 120 195 62803 11
265 225 128 116727 8
186 226 249 85522 4
144 109 240 17400 11
161 143 194 165330 2
154 215 280 33794 7
