500
371 282 465 776 1
180 299 410 310 7
226 218 214 225 7
406 354 415 2759 14
216 474 292 3333 12
340 264 302 4359 18
409 316 396 4888 8
237 493 494 5765 18
346 445 188 5037 12
439 418 449 5849 14
234 234 373 337 4
358 399 213 2091 2
211 204 190 9560 19
420 388 293 8893 12
190 178 416 10594 4
275 262 433 9177 5
364 475 456 10625 5
327 240 307 5871 15
185 448 188 11729 11
410 220 390 513 9
279 391 197 17744 12
251 249 327 11217 4
347 218 401 9528 4
485 479 433 9976 9
283 281 371 1810 12
290 364 193 23290 6
192 436 413 14047 11
184 217 456 4307 12
433 329 363 20555 3
224 360 209 25551 14
358 490 437 5121 7
326 344 466 6469 13
388 206 216 1847 9
179 215 253 29369 8
450 350 369 31817 7
290 495 239 29052 17
486 307 259 15861 14
262 217 235 8192 8
314 221 318 7166 12
205 424 295 7096 6
234 366 181 39308 13
363 228 387 11190 12
493 248 416 35141 7
277 275 204 23371 4
203 238 397 16665 18
407 325 474 14083 14
287 425 207 10846 2
470 466 313 37144 17
412 418 179 37035 17
237 191 393 4540 9
363 262 484 35929 10
371 242 238 11742 16
307 463 472 1661 2
266 384 413 45269 15
450 168 396 8609 11
410 412 215 29318 14
213 413 476 41075 7
420 171 480 2935 14
215 178 194 18342 16
307 429 426 13420 6
332 337 423 6006 15
173 182 413 34114 9
274 339 436 38030 4
280 301 170 21969 1
304 297 247 57997 10
421 471 442 61401 15
435 418 299 1151 9
182 475 188 10545 13
186 190 281 32625 8
404 264 410 48978 7
383 325 387 37555 19
375 278 310 49172 13
237 183 291 15077 10
414 499 223 21141 19
234 206 209 53269 14
348 221 364 64282 2
200 352 365 41885 13
439 347 289 18475 12
242 405 421 17485 16
407 432 174 72213 8
420 435 246 25700 12
435 314 222 10258 6
288 210 407 80093 17
495 281 300 8133 5
306 176 471 2778 7
300 434 287 56069 18
426 235 475 74897 11
479 266 197 75577 10
378 357 462 43160 17
416 414 306 23710 18
314 334 347 70627 11
311 344 365 17460 1
417 293 468 58045 15
197 331 452 52753 3
376 239 175 44108 9
198 310 388 81064 7
422 411 219 15576 7
313 183 190 28091 15
374 274 237 47395 15
200 300 428 92305 7
328 266 476 76461 15
184 193 174 87999 7
201 217 450 16628 10
470 432 171 30618 8
466 442 320 101611 7
166 342 267 80294 6
375 191 224 43922 15
168 492 355 24270 11
467 463 262 54643 14
275 463 299 49969 10
296 265 197 20704 18
235 435 361 17161 18
248 238 295 2921 3
205 296 441 70404 5
482 378 465 55425 1
323 424 438 65189 13
372 479 414 43784 11
313 208 314 50967 6
191 341 455 103154 12
356 251 227 2734 2
251 181 426 59176 16
489 271 412 66423 9
203 414 424 121479 5
280 356 292 66260 12
494 453 485 123360 19
187 394 294 55423 9
398 233 414 72798 4
360 390 479 104077 6
399 258 253 65559 19
493 492 297 117614 11
280 233 314 114290 3
243 246 327 77423 19
192 491 197 116996 11
490 178 386 114774 3
224 219 402 127915 11
250 476 248 40927 2
292 224 406 19030 12
326 191 413 95914 16
414 391 243 44518 7
302 242 496 21327 15
380 287 423 129261 7
419 466 467 79365 17
376 427 202 41437 18
341 319 390 132792 7
180 373 312 7986 4
202 297 254 105561 4
250 434 282 44465 4
347 170 338 89421 14
257 224 184 129547 1
409 404 342 100695 8
368 178 243 101828 13
363 314 307 113755 11
334 304 292 88743 10
483 307 357 14310 4
216 175 469 143438 9
327 396 423 44042 4
305 288 269 106829 5
446 372 193 74936 16
347 191 205 52638 3
471 254 342 105727 5
291 385 208 23537 15
418 375 370 55334 7
396 229 206 45909 16
424 347 329 158490 1
406 488 471 13926 17
178 170 266 67874 9
424 194 341 138815 3
276 180 245 29946 8
245 407 479 109948 14
455 254 486 101859 10
270 350 227 144030 5
242 414 460 112609 1
202 424 429 100032 8
397 192 285 131973 8
492 348 196 143747 15
403 392 219 147623 16
351 426 400 161468 8
349 166 409 154163 7
169 274 451 168285 1
466 222 169 149704 8
475 429 395 90299 9
403 416 204 75852 16
409 204 489 44629 10
314 406 425 32481 10
493 299 388 166169 12
444 441 210 72948 19
494 316 284 139747 11
331 276 497 37255 13
386 225 381 90424 4
469 432 473 21732 17
456 479 330 170827 12
275 297 401 142729 1
344 479 251 18870 10
280 251 376 23399 6
398 293 410 43262 16
298 473 365 58772 8
334 283 233 37710 4
235 233 172 67527 2
262 248 246 102215 19
327 444 489 181739 3
496 178 311 150782 10
201 446 264 67871 9
308 400 235 84371 13
401 406 200 113593 3
455 319 449 90542 13
196 271 465 179884 13
385 363 370 88445 8
294 269 487 200737 18
199 339 443 133008 19
411 232 387 58968 15
260 302 208 8880 10
278 373 480 203723 5
305 319 342 133708 4
333 181 219 85764 5
481 227 414 118086 2
474 241 349 98738 14
316 256 217 88169 14
343 223 464 202629 15
266 449 482 2083 7
196 408 318 155747 13
270 328 436 23967 8
177 287 342 96232 16
434 194 456 90277 11
286 233 410 89102 13
259 221 318 29009 6
185 330 218 185460 14
374 419 379 175950 18
482 469 465 220443 16
472 293 376 127573 6
333 212 299 55356 18
402 346 241 16423 7
361 497 369 17287 12
334 310 283 110011 11
384 375 351 28249 15
242 274 447 171335 19
363 226 195 50675 6
493 220 235 227896 18
243 484 315 111066 13
231 209 369 147310 3
251 270 346 67308 12
295 389 479 163909 14
455 191 257 111622 8
230 438 321 6312 14
327 349 196 25706 19
471 480 333 163626 12
491 169 421 139631 17
432 413 166 30070 17
268 401 423 166330 1
402 307 327 19424 14
402 288 246 43239 1
353 359 439 63135 2
323 384 337 215731 4
223 241 177 4923 2
484 369 268 80963 10
471 264 430 184724 14
342 438 262 252487 12
416 181 251 168081 7
327 179 367 72189 10
432 181 312 96667 8
452 234 298 164429 14
257 412 200 95406 17
292 187 229 106164 14
455 426 467 246095 9
273 498 259 42838 6
315 284 313 145189 5
362 350 332 132157 11
486 247 363 257987 8
425 451 483 5235 13
244 207 480 199537 15
259 183 429 200484 17
268 492 282 213215 6
258 465 404 171808 12
217 481 430 152092 15
398 482 207 100055 16
351 459 300 102365 10
213 359 301 144531 11
453 403 184 22953 11
447 234 489 92405 5
173 285 497 154090 6
360 398 305 222434 13
413 409 215 155426 8
429 492 250 12774 6
485 415 357 166822 7
481 223 383 188614 15
289 322 255 107500 17
368 258 404 71119 4
344 284 382 278821 8
427 216 465 67861 15
398 292 481 48465 11
419 273 467 142646 13
217 229 292 92661 13
303 192 369 268739 5
494 367 214 87882 11
411 247 403 94888 14
213 399 360 21867 5
360 390 269 245092 17
240 286 473 133041 1
459 450 346 119190 18
284 415 265 125807 18
314 256 423 197974 18
477 382 239 190439 19
310 217 437 104720 17
172 342 286 16150 14
489 481 376 169011 4
354 487 260 178477 9
321 292 238 161505 19
341 348 214 126175 3
321 358 187 23538 4
256 488 179 239781 6
252 383 445 16828 12
239 340 406 138138 18
332 284 277 107310 12
219 174 461 7245 4
407 315 429 43230 6
241 184 319 4499 1
407 412 203 61296 11
341 493 220 170748 2
484 495 272 122871 17
249 391 190 256 13
409 290 318 96470 6
176 497 264 111158 14
219 340 303 133511 11
465 449 219 205768 11
489 171 210 204204 13
425 311 172 319703 7
167 243 373 183033 2
434 182 399 119840 10
318 206 192 217079 16
484 497 214 154098 18
320 393 454 111710 16
242 236 331 190553 4
477 431 398 229057 1
387 461 218 66712 12
386 183 321 241739 14
382 251 412 179371 16
203 209 167 182957 7
484 257 439 291111 10
227 475 320 284157 14
417 388 297 29367 9
475 418 315 19900 9
273 267 448 135145 5
425 436 374 91649 18
433 299 338 58044 19
166 324 364 259090 12
476 231 343 340372 10
221 366 338 259313 10
285 317 411 286579 15
277 340 273 203143 16
177 356 189 207290 9
365 456 412 246634 3
204 365 289 58730 18
428 306 378 30659 11
442 463 263 225925 12
466 390 257 297955 19
467 412 206 70022 13
413 187 385 101416 11
429 177 218 155974 19
369 363 313 156242 18
272 350 357 218657 16
394 278 243 234405 10
450 245 327 1864 14
415 388 486 284631 1
240 313 336 155288 2
195 192 470 355116 4
212 422 188 204435 4
442 401 318 238582 18
310 422 223 64497 6
498 448 486 28939 18
229 196 222 5508 1
480 381 449 368109 16
383 491 491 246407 6
187 171 267 76289 5
270 212 274 107536 16
246 328 479 137139 13
355 471 471 94646 15
290 226 210 313904 13
402 437 310 47495 14
239 369 491 168474 19
182 362 462 243288 14
285 411 226 214345 8
193 190 476 331125 9
439 211 316 327490 13
199 490 433 358288 13
377 368 469 39840 10
208 377 477 3844 9
293 482 445 76458 14
350 483 213 111271 1
265 491 341 64579 18
406 270 276 188533 19
317 245 453 221796 11
382 250 273 319759 9
280 220 299 216110 8
495 418 479 283036 10
473 382 445 50382 19
472 295 240 259955 8
265 432 420 271461 2
327 435 403 383837 16
193 264 284 341844 12
462 439 498 84037 8
397 480 179 223476 10
295 276 235 64487 15
228 388 389 139865 4
403 234 437 139455 9
396 325 307 400711 2
166 486 296 106809 17
208 372 418 239621 7
351 293 457 76771 13
497 200 348 393162 4
216 486 342 251050 3
335 433 287 277172 9
471 232 358 116724 11
376 461 362 159993 1
480 374 391 252097 12
332 238 227 258915 16
366 307 291 214343 10
287 258 418 360235 17
263 362 254 370610 12
287 333 243 299057 5
292 259 430 344976 13
422 179 478 339853 1
379 356 438 160073 12
289 488 366 181257 15
324 238 413 418688 15
432 336 446 386787 4
255 256 497 155882 3
282 312 336 87867 7
281 430 223 71976 3
477 493 249 240611 17
325 387 214 235935 17
238 420 457 406276 13
349 474 469 272306 16
330 215 172 2779 11
203 246 208 278794 11
388 421 379 67108 17
407 227 324 361573 13
191 205 232 30342 4
278 229 468 390957 5
302 306 399 372378 8
278 443 465 77916 18
241 289 497 178470 10
172 447 418 430616 13
454 229 374 395326 19
254 177 189 34893 13
283 231 498 195510 10
258 225 381 62010 10
478 439 408 181129 4
254 313 423 357678 11
364 205 424 418692 16
498 287 349 212148 8
179 416 408 155152 11
208 466 177 324506 7
192 311 465 157049 18
270 170 442 23400 5
174 255 395 228113 2
412 411 359 90312 15
166 393 473 388190 15
300 488 443 291052 16
179 195 253 51710 18
326 321 264 118513 4
477 444 207 226329 13
302 319 262 116296 3
435 322 485 274013 15
469 275 201 272017 6
357 167 388 112817 19
213 452 283 40168 2
207 214 268 13971 13
321 429 432 294433 11
477 221 363 361487 15
199 493 353 432612 1
208 332 264 202040 19
189 261 481 396297 14
458 471 215 94808 7
240 290 422 267102 2
390 234 172 48020 16
198 323 247 389482 17
404 483 434 257539 13
208 302 241 417806 19
373 262 183 435914 7
350 363 277 169706 12
359 244 289 225692 10
360 355 211 378812 3
320 313 480 314203 17
213 203 338 127380 19
275 167 222 317136 10
467 456 433 386072 4
486 330 457 236893 14
485 491 204 275533 11
206 410 498 205869 9
271 246 349 8213 3
497 452 272 262735 11
185 289 485 83047 15
361 180 432 243108 4
215 440 384 445243 2
356 270 214 257587 9
242 191 260 96913 14
218 448 453 331835 7
303 435 470 325163 12
364 369 332 281446 15
301 440 240 389894 5
242 237 249 61401 9
