150
9 10 1 102 7
9 9 7 147 7
1 5 8 143 9
10 7 6 268 6
6 8 6 252 5
5 10 6 179 5
6 9 2 256 9
6 10 6 277 3
5 5 10 304 2
5 4 5 221 2
7 6 8 135 6
1 4 6 47 10
6 10 4 93 8
9 7 3 212 3
7 10 1 306 10
10 5 3 194 8
8 1 1 148 5
7 4 6 190 10
1 2 8 184 2
3 6 2 159 10
4 2 6 250 9
4 5 7 124 3
9 6 3 58 8
10 7 8 39 1
2 7 3 23 6
4 9 3 98 8
7 8 4 230 3
2 3 1 21 2
8 7 8 271 9
9 2 5 131 8
3 10 8 223 1
6 6 4 217 9
4 10 5 186 3
5 2 9 282 1
1 5 5 207 6
5 4 3 283 1
3 7 10 291 3
10 8 8 290 9
8 6 4 304 8
7 9 9 137 9
1 7 9 312 5
1 5 6 211 8
1 10 10 267 3
2 7 6 251 2
7 3 4 297 3
6 7 2 121 10
7 4 2 312 10
10 9 2 116 4
3 5 8 230 4
6 7 10 125 3
4 4 3 179 6
2 10 3 307 9
1 9 8 223 7
7 9 1 172 6
4 10 10 28 5
7 10 10 165 4
4 3 3 292 9
9 9 7 77 3
7 9 7 198 7
9 4 3 161 2
9 4 3 296 5
8 1 3 32 4
7 9 7 212 9
6 6 5 132 9
7 6 4 25 3
4 5 6 100 5
10 4 2 125 10
4 3 8 232 4
9 4 9 320 10
9 5 8 320 10
1 5 4 35 8
3 2 1 10 2
9 4 4 235 2
8 1 6 173 3
3 2 5 290 7
3 3 8 38 1
6 3 8 23 4
5 6 10 80 8
10 2 1 86 9
6 5 1 159 1
7 6 8 269 10
9 1 9 61 7
5 7 6 310 6
3 9 2 68 10
5 5 4 221 8
6 9 1 291 1
3 3 2 174 2
5 7 6 219 7
9 6 4 280 10
7 5 6 114 1
4 9 9 249 8
4 2 4 254 7
8 2 2 277 3
10 3 8 81 6
9 7 2 68 5
8 8 9 228 8
5 3 2 139 8
6 5 5 204 7
1 2 7 110 4
4 5 10 221 5
4 9 9 34 9
1 8 1 10 5
3 8 7 234 1
1 9 8 153 8
4 3 5 50 1
2 9 6 122 10
2 1 3 10 3
8 2 7 119 6
4 4 1 153 3
6 5 3 102 10
10 10 7 243 1
1 7 9 304 2
2 7 8 220 3
2 5 9 223 2
2 8 10 96 7
5 1 1 152 10
7 2 6 73 9
8 5 5 177 10
3 9 3 314 1
3 3 8 72 5
9 9 3 47 8
9 1 7 272 8
1 10 5 287 8
9 3 9 131 9
9 5 3 122 6
10 5 7 132 2
1 1 8 276 7
1 9 8 95 6
8 8 8 103 3
4 3 9 142 9
8 5 3 27 1
9 8 9 282 5
2 9 3 79 8
3 7 6 292 3
8 8 9 236 8
5 4 6 150 6
9 2 2 294 3
8 4 7 123 8
7 2 5 196 7
10 9 6 216 4
2 10 2 298 4
9 2 9 316 4
4 3 8 201 5
5 2 8 213 3
3 8 2 109 7
6 6 6 234 10
5 9 8 151 5
2 9 8 32 8
6 8 2 18 10
10 2 9 191 8