100
61 96 78 75 3
43 52 44 179 8
93 72 99 368 4
44 99 34 473 14
52 82 54 693 16
75 43 55 839 14
50 75 89 629 8
41 42 67 973 10
90 95 33 958 13
95 62 89 1368 6
37 91 71 1109 1
86 52 93 501 11
91 69 34 343 7
74 68 97 1713 4
52 41 43 2155 16
69 67 55 273 17
80 46 47 2745 8
73 98 88 1430 7
40 33 92 586 11
88 47 91 2407 1
93 91 56 2178 18
87 57 39 1417 4
40 45 98 1579 10
47 64 96 2722 8
89 41 42 1712 14
45 96 87 786 1
68 42 97 3345 15
83 72 35 4589 10
41 90 39 1332 12
92 67 90 3401 18
50 65 69 2239 3
89 62 95 5995 11
60 84 68 5386 10
60 99 95 3865 14
90 86 62 4402 2
52 50 72 4716 4
68 90 62 403 14
62 73 55 4070 13
50 40 74 3168 14
50 96 96 2103 9
43 74 48 4594 6
63 54 73 1691 13
79 92 50 1428 5
73 99 53 1071 12
62 48 45 4308 13
96 82 42 2157 15
87 85 45 5672 14
67 51 44 7406 8
86 69 74 433 7
38 94 77 4152 17
35 87 68 490 17
38 93 68 8354 18
57 98 86 4523 14
45 37 68 3156 13
86 52 97 99 1
70 36 69 7857 12
79 43 64 1305 14
43 99 69 5462 16
86 99 52 10196 19
45 90 91 1649 19
86 97 81 5025 12
78 52 77 4021 8
58 92 48 6383 10
48 92 52 4184 13
84 68 78 6130 9
45 65 73 9538 1
77 93 89 6179 16
69 64 92 12038 12
58 40 42 13212 6
54 72 96 10232 1
67 82 41 9105 5
66 93 86 2385 10
54 54 44 7354 1
34 92 79 9153 15
71 37 89 3645 18
95 54 81 7429 12
50 75 36 14586 14
73 78 70 7340 14
38 63 43 9239 12
74 46 60 11745 16
99 70 72 12797 3
70 66 83 8523 11
65 37 43 12901 15
78 33 90 12057 4
35 86 60 10614 15
68 36 62 3892 19
70 66 61 3249 18
61 88 77 7681 9
84 72 64 16222 1
34 33 41 5345 15
59 68 50 17674 2
83 48 54 12468 2
90 97 90 12451 8
48 46 72 5778 6
47 66 46 2851 13
39 35 48 6055 11
71 42 33 1921 6
50 44 63 6785 12
88 77 83 18171 5
74 67 48 10532 3
