500
7 8 4 580 8
4 5 5 78 2
4 6 9 305 7
3 4 4 730 1
9 8 2 260 8
8 1 10 334 6
1 6 5 760 8
3 10 5 116 4
5 9 7 746 6
8 9 10 995 6
4 1 9 408 1
9 6 9 760 8
7 2 9 820 4
5 8 5 843 2
9 9 7 296 6
6 5 7 936 8
1 8 6 526 9
10 4 5 441 2
6 2 6 840 5
7 7 9 40 9
5 4 4 944 6
6 1 2 818 10
8 6 5 703 2
6 3 8 138 4
5 5 9 902 1
2 6 3 640 9
2 7 3 480 6
3 9 10 593 1
10 4 4 293 1
3 3 1 49 3
4 9 3 686 4
6 6 3 904 10
1 3 7 87 9
7 2 10 560 5
10 5 6 332 10
6 6 1 174 8
3 7 10 350 5
2 7 1 60 6
7 3 4 541 6
6 10 1 955 9
8 6 10 808 7
7 8 7 790 2
4 2 7 82 1
5 4 9 18 9
7 4 5 84 10
2 8 3 446 7
6 2 2 854 2
9 9 10 787 3
3 3 6 912 7
7 3 2 296 10
5 8 6 31 7
8 9 5 538 10
3 7 10 557 10
10 10 1 955 4
4 8 4 624 9
4 5 7 945 9
10 6 4 296 8
7 8 2 340 7
10 2 7 186 5
7 5 10 30 4
9 8 1 597 3
2 2 10 653 4
10 5 6 272 7
1 6 5 626 4
9 4 5 522 8
5 1 1 66 1
8 10 9 749 9
4 8 2 1003 3
2 3 3 388 6
2 7 4 621 3
10 10 8 414 7
8 10 1 653 9
6 10 6 739 9
5 3 6 587 8
4 10 1 751 7
5 2 9 807 10
3 6 7 941 6
1 3 7 137 8
6 9 2 282 7
10 6 4 793 6
10 1 1 701 1
4 3 5 356 2
3 8 1 453 10
2 6 7 927 8
5 9 8 65 3
4 5 3 535 5
10 8 6 133 1
2 9 7 611 1
2 10 3 58 7
7 5 6 864 5
10 6 6 721 5
3 5 2 169 5
10 10 1 492 10
9 5 9 534 3
7 4 10 498 3
7 9 7 626 6
4 1 1 989 10
3 8 5 682 4
8 4 4 340 4
10 3 4 788 8
5 3 10 438 4
9 5 10 581 4
8 10 2 308 8
5 9 3 620 8
9 9 4 304 8
5 7 3 447 2
8 10 8 968 1
8 8 1 263 1
1 4 8 560 6
3 10 6 383 5
9 1 6 145 1
7 9 8 177 8
8 10 9 694 6
5 5 2 406 7
3 6 7 435 3
9 2 9 969 9
10 8 9 192 5
2 6 10 1010 1
7 9 5 333 10
6 9 3 1012 6
10 10 5 395 8
7 2 10 690 10
9 4 9 298 3
2 2 4 985 9
3 5 6 834 2
2 7 7 723 5
5 7 4 772 4
9 9 8 316 6
6 3 5 694 6
5 1 1 699 4
8 6 3 702 7
9 5 10 666 4
2 10 4 203 4
10 2 1 310 3
6 5 10 612 10
10 3 1 131 10
7 6 7 690 9
1 7 2 586 4
6 2 8 658 8
7 8 9 104 8
7 6 6 437 7
3 1 9 44 10
5 6 10 597 6
9 9 6 925 2
8 1 4 172 10
1 5 3 798 10
4 3 4 743 6
9 7 2 477 3
10 8 7 1015 8
6 8 1 512 4
2 9 3 900 9
9 4 10 68 1
1 8 8 524 4
2 5 6 365 1
8 4 7 636 9
8 5 6 938 4
4 9 6 492 7
3 4 9 164 10
9 5 7 839 2
4 10 6 336 4
7 8 2 996 6
3 7 7 416 4
9 8 6 243 2
3 7 5 131 1
8 10 5 833 7
3 8 10 551 8
8 10 2 670 9
2 10 7 362 6
4 3 5 551 3
8 10 9 979 10
2 8 1 156 2
10 9 10 751 6
8 8 8 144 9
8 4 7 66 3
6 8 7 335 3
3 9 4 854 1
3 10 10 413 5
8 1 4 41 4
3 9 3 863 10
6 5 2 754 6
10 5 7 327 5
8 3 2 738 8
3 2 1 728 5
3 1 3 686 1
4 8 6 312 5
1 5 8 20 6
3 6 7 191 10
7 5 9 440 4
4 2 1 288 7
10 9 10 777 7
10 5 3 387 5
4 5 1 451 6
5 10 7 771 5
3 8 7 423 2
1 5 5 657 7
7 6 6 719 6
1 5 3 364 10
6 6 1 272 1
6 1 7 980 6
8 8 8 362 3
2 5 8 150 4
8 5 9 645 9
4 9 5 927 5
4 9 9 136 6
2 8 1 1007 9
3 7 9 915 3
9 2 7 675 5
1 3 8 438 9
9 5 5 519 7
4 9 8 603 10
1 4 10 593 1
2 7 8 408 2
1 5 1 993 6
10 6 1 904 2
8 2 8 68 5
3 9 2 688 6
6 7 5 778 8
10 2 8 568 10
5 9 9 171 4
1 1 6 310 6
9 2 4 660 9
6 4 9 196 3
2 3 7 440 10
10 5 8 841 10
8 8 5 291 9
4 1 9 160 6
10 1 7 765 4
7 2 1 832 7
8 4 3 203 8
4 7 8 158 6
4 9 6 260 6
4 3 2 598 7
10 2 6 275 4
4 3 9 179 3
2 3 4 500 3
7 8 7 993 6
10 2 2 85 8
1 10 8 201 6
4 9 6 74 1
9 6 6 377 2
2 2 9 862 5
4 10 9 199 2
5 7 1 654 4
5 4 3 546 10
3 4 1 264 2
4 5 5 763 7
2 10 1 198 5
2 1 5 32 7
4 5 4 174 2
4 10 1 237 9
7 4 4 979 8
2 2 5 723 10
4 3 6 680 8
5 7 4 249 3
7 10 3 667 2
1 4 8 644 8
2 2 3 29 3
1 2 2 453 7
7 7 10 69 5
8 5 4 935 5
4 7 8 879 1
3 9 10 1012 2
5 5 8 950 8
3 10 1 676 5
4 3 4 759 6
3 7 3 683 3
5 6 10 425 1
10 3 6 960 5
3 9 8 726 3
3 4 5 748 4
4 10 2 497 1
2 8 8 817 5
3 3 5 201 4
7 2 2 847 8
7 5 6 928 6
5 9 1 441 10
7 7 7 252 4
2 5 8 284 5
2 10 1 563 10
9 3 6 440 10
9 1 3 853 4
7 3 5 114 10
6 10 6 118 7
10 6 2 123 1
8 3 7 266 4
5 2 9 875 3
7 9 10 176 2
1 8 6 983 2
9 9 7 328 8
6 4 8 390 9
8 9 2 65 6
7 10 5 1011 10
5 6 9 428 7
7 7 6 234 5
4 8 4 755 7
10 5 3 468 5
8 6 9 317 5
7 2 2 494 10
9 8 6 241 3
2 6 7 290 7
9 8 4 565 5
8 8 7 572 1
10 3 10 77 5
4 10 6 416 5
10 7 1 50 2
5 4 3 838 5
9 4 3 967 8
5 7 7 450 2
3 1 2 83 5
5 6 3 441 7
6 9 2 392 8
7 3 8 567 4
1 6 6 177 4
6 5 6 234 9
8 8 6 798 4
1 1 10 778 4
7 4 7 1011 8
2 8 4 638 2
8 10 6 227 7
7 4 5 569 4
8 8 9 490 7
7 9 10 661 2
3 5 1 82 10
6 7 9 637 9
3 10 7 291 4
8 2 7 33 7
3 6 6 979 2
3 2 3 904 8
4 9 7 768 2
5 6 1 309 10
9 2 6 838 3
2 3 3 728 2
3 2 4 158 5
6 1 10 911 9
8 6 9 360 2
2 3 5 517 3
7 9 6 600 1
8 9 10 343 4
5 2 10 682 2
2 5 3 928 5
2 10 3 135 10
1 3 1 522 5
2 4 9 805 5
3 10 1 145 10
8 5 5 465 7
4 7 4 725 7
9 6 3 309 10
4 5 9 238 10
7 9 2 784 1
5 2 10 152 9
9 9 4 143 2
5 7 9 989 8
4 5 10 664 6
10 10 6 663 1
3 10 1 698 4
6 6 5 529 7
4 9 3 641 10
9 7 2 891 6
5 6 7 475 7
1 4 6 169 8
3 5 8 855 3
2 5 10 845 7
2 4 6 477 3
9 10 5 549 9
9 8 7 599 5
3 4 4 476 9
6 10 9 247 8
10 4 9 643 1
9 4 9 924 1
3 10 3 356 9
2 8 6 357 8
4 6 5 831 7
10 8 9 904 6
5 10 2 321 6
7 6 1 898 1
9 4 2 803 9
6 8 2 678 7
10 6 10 830 6
4 9 5 205 3
4 10 9 86 8
3 8 1 149 6
6 9 4 842 1
7 8 4 981 4
6 6 5 605 1
6 4 4 606 7
9 5 6 255 6
5 3 6 18 5
2 8 1 827 3
8 8 9 409 9
9 5 8 409 2
10 8 1 122 3
3 3 4 141 8
5 3 3 149 9
1 5 3 635 7
6 4 1 185 3
2 2 8 999 8
10 8 5 975 1
6 2 4 236 9
7 4 7 682 10
4 3 10 911 5
6 5 6 820 6
1 6 8 700 8
5 2 9 556 7
10 7 1 209 2
1 7 7 498 1
2 7 2 914 3
10 8 5 153 7
1 10 7 504 2
10 3 8 415 10
7 3 6 251 10
10 9 9 1024 7
7 3 5 213 7
10 4 10 267 8
9 3 6 640 7
5 4 3 679 1
4 4 7 529 7
10 2 2 765 2
1 2 9 691 8
3 7 10 720 1
1 2 4 755 9
9 4 7 400 6
2 3 6 629 8
10 2 3 415 9
9 8 6 252 7
5 8 5 377 4
5 10 2 808 3
7 1 6 392 7
3 2 10 176 6
2 10 10 297 3
5 6 9 128 4
1 4 9 887 8
8 4 1 810 5
1 4 1 763 7
4 10 9 790 10
2 10 5 188 6
2 5 7 639 2
6 9 8 808 8
1 10 3 706 8
4 3 5 998 8
5 8 4 160 5
8 2 10 995 4
10 6 1 346 2
1 10 1 151 8
1 7 8 725 10
7 9 2 840 8
1 6 7 533 8
10 9 6 211 4
5 1 8 812 2
5 5 6 175 8
10 8 3 151 8
4 5 3 567 7
9 4 4 603 2
7 3 3 537 6
9 6 9 539 2
7 6 1 418 1
3 5 7 948 8
2 8 4 710 8
6 3 10 233 3
1 3 4 111 5
10 10 8 466 5
10 7 9 158 10
7 3 2 1010 2
5 10 6 724 8
5 10 7 921 10
10 4 6 370 5
7 10 6 332 4
5 6 7 94 1
1 4 2 1002 7
6 10 10 1000 2
7 10 1 760 10
10 1 3 797 10
9 7 1 218 3
10 5 3 781 1
3 1 2 386 10
1 9 4 634 1
7 7 6 916 2
1 1 2 867 3
8 5 2 275 4
8 7 6 987 5
8 10 1 525 8
9 6 10 151 6
4 7 1 971 5
7 3 2 238 8
6 4 4 547 9
10 3 4 142 7
8 10 9 28 7
8 8 6 928 6
4 3 9 824 8
3 4 7 706 8
1 9 8 797 2
1 8 4 687 5
4 4 8 564 10
10 10 5 179 5
9 5 2 543 6
4 3 5 762 10
9 4 4 808 4
2 4 10 343 8
3 7 10 310 6
6 8 4 520 5
4 7 5 166 9
