100
1 8 3 176 6
8 7 2 119 10
6 8 10 209 2
6 1 4 132 10
9 10 1 29 2
4 8 1 118 9
10 1 6 204 5
9 9 3 155 9
10 8 4 126 6
7 7 1 55 1
3 1 8 62 8
10 2 9 110 10
1 7 5 79 1
1 1 9 201 3
8 2 3 130 6
7 4 2 61 6
2 7 8 171 1
7 1 8 131 1
7 5 9 217 8
8 5 4 76 5
8 1 5 14 5
9 1 2 62 4
4 2 9 43 8
6 8 6 200 3
5 2 10 156 1
5 9 4 139 2
2 5 2 178 1
8 4 5 62 5
6 8 8 170 7
10 9 9 55 1
1 1 1 197 1
3 2 5 27 7
9 10 3 86 5
7 10 6 146 9
1 2 8 101 3
3 1 5 39 9
7 10 8 168 6
8 1 7 203 8
9 10 4 30 9
8 8 5 78 7
5 8 1 22 4
8 8 9 74 3
9 2 1 163 4
9 7 5 104 9
1 2 7 110 1
10 1 10 188 10
9 5 1 192 2
8 2 9 150 5
5 8 2 174 8
1 7 10 146 9
1 9 3 21 8
7 10 1 52 10
1 9 7 186 10
8 2 10 42 5
6 10 8 59 8
1 2 7 82 1
4 6 2 127 2
6 7 8 202 6
4 5 7 187 2
3 4 2 35 4
5 1 9 183 7
4 5 9 154 2
8 2 10 133 4
4 5 9 120 2
2 2 6 125 10
4 7 2 16 8
4 2 10 211 6
3 4 3 149 10
6 2 8 206 3
6 6 5 176 9
5 9 9 99 8
6 9 9 104 4
8 10 8 142 2
10 1 9 68 5
7 6 1 133 2
4 2 6 180 6
10 9 4 138 1
3 4 6 139 4
3 7 5 131 8
7 6 1 127 8
6 6 3 170 1
8 7 6 59 1
2 10 7 79 6
1 3 3 160 2
3 10 2 18 8
3 9 3 118 3
10 10 5 171 5
1 10 5 215 5
8 10 2 184 2
1 10 10 216 4
4 2 1 137 10
3 3 10 155 2
2 8 8 214 5
8 2 4 203 10
10 2 8 83 8
7 3 8 20 10
9 2 8 163 9
6 6 8 192 7
4 10 2 180 5
5 7 9 181 3