200
31 12 48 5157 103
38 47 16 5363 30
31 46 10 5510 36
9 40 43 5653 37
35 22 8 3252 103
12 24 5 3872 75
31 8 9 5435 49
35 12 19 1135 10
16 16 5 4924 48
9 10 34 4577 60
33 22 49 5647 50
21 24 39 2443 29
28 20 31 5532 36
50 28 13 3998 35
15 20 14 5391 54
37 15 43 3769 24
46 36 18 5139 32
21 21 49 4036 70
49 18 32 5732 38
15 30 40 4766 52
9 36 23 4246 90
38 50 6 3061 61
6 12 8 4340 66
14 15 40 2840 89
29 6 20 2900 73
28 9 10 5432 102
33 30 32 5239 63
25 44 38 4743 27
18 14 8 2058 13
32 36 47 5317 79
42 20 25 2039 88
17 17 45 4849 104
47 11 27 5751 101
17 37 46 2805 13
18 13 46 5388 52
39 38 44 4743 58
32 44 19 4497 37
25 26 25 5387 71
7 28 13 4772 80
46 9 35 4512 40
31 47 23 3457 11
25 27 9 3356 45
37 41 42 4857 78
13 48 41 5856 82
43 18 25 1920 72
33 13 22 5169 75
41 35 40 2035 57
24 13 7 5371 21
44 12 29 1754 103
6 44 22 3054 12
11 39 6 5456 52
17 15 39 5498 57
40 50 17 2520 71
33 32 10 4493 65
17 8 12 2430 56
50 10 18 830 75
30 34 37 3414 50
30 23 14 1620 25
48 27 49 3666 42
32 29 47 4719 96
8 33 36 4226 36
15 14 8 3731 81
21 43 13 5520 77
46 25 6 5432 38
37 7 38 5324 103
8 50 11 4810 8
47 24 35 5258 99
29 50 31 5633 36
12 14 43 2300 47
37 30 40 5342 80
12 47 23 297 90
11 28 11 3483 33
44 21 11 5708 38
26 42 12 4269 44
24 30 22 4717 47
27 44 45 2504 81
18 10 27 5398 89
49 47 50 3965 16
45 33 34 3222 68
16 47 29 3769 19
46 5 12 5246 42
11 27 12 5262 72
14 43 10 2854 23
12 46 33 4807 61
46 5 31 2861 38
23 7 18 2100 84
14 32 46 3533 91
42 21 10 4633 70
14 46 24 1104 90
27 37 11 1494 32
32 11 32 5276 75
8 13 34 5750 69
13 14 38 5095 99
32 41 38 5552 54
40 36 23 2692 5
9 13 33 4855 19
42 27 49 5311 30
48 27 50 3849 47
38 46 21 4421 22
30 33 32 3671 27
22 22 19 2386 50
16 8 24 2852 63
50 35 42 4096 102
8 8 44 5690 86
31 11 10 4448 16
16 22 50 4201 15
45 5 5 819 80
16 10 36 4467 21
15 40 12 5126 25
29 23 22 3440 34
17 16 47 4106 14
48 36 41 4175 49
36 37 19 2098 31
5 43 25 4191 98
15 10 46 4781 64
37 36 47 837 83
7 32 47 4129 76
22 17 50 5709 74
24 23 28 5698 46
22 10 15 4595 63
18 11 37 2538 54
28 45 46 4436 87
34 19 10 2487 20
41 25 13 577 7
48 30 11 4499 47
32 7 30 5053 94
37 49 18 5717 75
30 5 25 5241 77
31 46 40 3821 70
29 14 19 5746 26
29 33 36 5450 78
26 47 33 4932 17
35 10 22 1394 50
12 35 15 5764 101
29 47 29 5209 60
36 42 10 4715 38
16 50 11 3950 60
34 30 8 4254 81
34 6 13 4721 18
5 42 35 4087 26
23 37 5 5415 49
15 10 26 5230 67
5 25 15 5636 88
20 22 21 5107 101
8 11 8 5161 10
44 5 32 4960 95
44 40 50 4027 81
46 34 31 1190 72
9 9 31 4134 97
20 8 28 5651 62
25 21 11 5451 67
24 47 28 4157 49
49 37 16 1030 7
31 41 5 5774 100
38 20 22 1120 61
27 17 5 3928 63
38 45 27 3148 24
8 16 8 3889 69
44 38 45 3768 100
48 14 21 5827 57
26 6 18 5588 102
17 46 6 5245 92
23 5 48 1600 32
12 49 9 3786 92
19 23 44 3609 63
7 32 32 4236 97
40 5 17 5597 34
41 9 37 4825 26
32 16 17 5597 75
23 22 47 2275 22
27 19 30 5477 26
25 17 37 4149 58
9 35 35 5035 91
8 42 21 4458 70
45 26 5 5182 40
11 14 8 4736 68
5 32 40 5333 79
30 21 24 5575 55
32 24 25 2436 88
18 38 34 4895 65
14 34 42 5404 92
46 47 50 2054 77
32 10 39 4950 86
28 21 32 5436 82
48 13 23 3167 95
10 39 11 5444 74
17 16 13 4406 80
16 22 11 4908 37
48 42 38 4812 40
21 49 50 4832 98
31 45 19 4611 17
50 6 38 4512 71
5 33 22 1480 57
13 43 5 5518 78
28 39 30 3965 49
30 21 50 4536 64
41 34 49 1783 87
20 11 33 5766 102
35 12 17 5126 39
32 27 28 3936 96
