200
8 7 8 1667 9
6 15 6 1419 9
11 7 6 1666 9
16 16 18 916 7
9 11 2 303 3
15 4 18 2186 9
3 8 1 168 10
2 16 13 2278 4
3 4 18 1951 3
15 18 8 1442 8
16 15 2 1041 4
11 6 19 577 4
2 2 6 432 10
16 19 6 883 10
14 19 8 692 6
11 14 10 1049 10
9 13 16 1042 8
3 8 13 1564 4
1 4 8 1383 6
10 6 18 224 8
4 1 16 1654 10
13 14 3 1872 7
3 19 5 787 10
16 7 9 568 9
6 19 10 753 2
3 3 9 2189 2
8 9 12 1058 3
15 6 19 685 6
16 18 6 657 8
4 10 11 1872 7
14 10 11 2086 6
12 14 1 1071 9
14 3 19 938 10
17 16 20 1281 9
7 7 11 1013 1
19 17 19 667 7
1 14 5 1776 7
18 19 14 2159 4
11 20 2 1837 1
15 17 5 1466 2
19 19 15 1608 5
14 4 19 712 7
17 18 8 837 4
6 16 14 2256 2
15 2 16 1502 9
8 9 13 109 1
12 6 13 1185 10
18 2 12 1221 10
7 13 5 1763 10
2 5 1 1901 8
2 7 19 1532 6
9 9 17 266 8
4 1 7 537 3
4 2 2 479 9
2 16 1 605 4
1 12 11 980 6
20 4 4 297 10
7 15 5 1282 7
12 4 6 1930 1
17 8 11 179 1
16 19 4 1711 4
13 8 18 2208 2
15 20 10 1453 5
6 16 5 567 9
5 10 9 935 8
6 10 11 1587 6
19 13 6 892 8
4 12 20 2215 5
16 7 1 315 4
5 18 13 481 1
6 17 20 448 4
6 13 10 1553 5
7 12 18 244 3
17 13 11 344 10
3 10 2 2085 6
11 10 6 360 1
5 13 4 1396 4
19 5 14 2248 5
9 8 14 2035 10
19 5 19 510 9
17 10 11 768 3
4 9 4 485 10
20 10 3 701 7
14 13 20 2050 8
11 7 6 772 7
20 6 3 1936 2
9 20 19 606 3
5 15 3 1349 3
16 14 7 553 6
9 13 19 1788 5
15 12 3 1814 1
4 10 2 1461 9
4 12 2 2080 3
18 9 4 1849 8
18 6 10 878 6
7 20 1 482 1
7 4 9 1666 2
2 15 10 1501 6
1 17 19 940 4
18 15 14 1295 10
10 17 10 2030 9
2 1 2 160 3
14 19 18 204 2
7 20 8 1890 2
3 7 17 388 7
8 9 19 212 6
6 18 10 1970 2
6 13 13 1708 6
4 11 10 2110 3
13 4 18 1858 2
2 9 12 495 10
2 20 20 2014 6
16 20 13 790 5
20 4 7 2285 10
14 6 14 2074 4
13 14 8 1625 6
16 9 6 218 7
14 6 9 1511 9
3 11 9 538 1
6 6 15 164 6
8 7 20 1133 1
9 1 1 73 1
20 7 11 1324 9
10 15 3 1038 1
7 4 11 1246 6
1 9 15 379 2
19 4 19 1839 1
20 3 13 1418 2
12 6 10 300 7
2 20 1 973 6
18 3 14 2125 10
6 4 18 1780 7
15 20 11 78 7
9 6 5 414 1
15 1 18 869 10
3 15 5 1721 6
5 12 20 85 3
4 12 20 970 5
7 5 17 2245 8
9 20 7 1479 10
6 10 8 1433 4
4 15 9 1072 10
11 6 20 1201 2
8 15 5 330 1
5 2 6 1727 7
4 15 13 1735 2
18 11 15 1720 7
6 1 1 1272 10
18 12 16 750 8
14 14 4 1538 8
5 5 4 514 10
6 19 6 1385 1
5 11 4 1911 1
13 10 10 1000 6
8 15 5 1657 5
7 8 12 1107 1
13 20 20 1894 5
10 8 8 2271 5
13 1 3 1612 8
18 13 3 1108 1
18 4 10 400 2
4 12 10 1983 2
11 11 2 1629 3
16 11 9 211 9
11 10 19 156 1
4 3 5 989 2
7 18 17 328 8
10 11 15 540 6
15 10 16 96 6
4 11 5 607 5
4 5 5 107 10
13 4 13 1114 3
1 18 15 2145 1
2 13 1 1529 6
19 6 8 1308 5
14 2 9 2135 4
13 18 11 1395 9
15 8 1 1427 8
6 1 8 1062 1
3 18 18 312 6
5 6 18 677 4
9 11 10 777 3
12 15 18 1592 7
15 5 17 1384 1
17 19 16 833 4
8 12 12 1322 3
18 14 18 1623 7
2 2 11 1060 9
6 19 18 1351 9
11 9 19 1239 2
14 7 20 1157 7
9 14 13 1207 4
4 7 13 1178 1
14 12 15 1974 5
17 20 16 405 9
20 11 8 327 8
14 2 7 1352 9
2 20 10 507 8
11 3 17 2055 5
11 13 7 1377 3