500
48 30 22 14144 22
28 23 42 14714 62
7 26 18 9126 88
21 5 42 12548 31
43 21 24 10271 45
23 21 18 14311 71
34 13 9 8102 55
31 29 40 14083 23
49 5 26 13334 80
42 45 14 12391 62
37 47 45 8245 37
27 29 48 14304 9
7 22 9 1805 96
41 36 49 11521 89
37 45 20 11752 41
30 29 28 15063 14
47 9 48 12112 89
26 47 39 14060 6
35 30 19 12202 50
36 41 27 13929 15
23 34 25 10998 85
39 18 15 6124 15
31 33 36 13934 51
37 20 11 14655 66
33 21 10 8461 54
42 7 20 13527 5
25 5 9 9774 90
30 41 20 12673 62
49 6 6 13092 67
17 47 46 6156 53
8 10 22 11244 37
26 25 42 12050 51
36 6 35 14736 23
29 39 26 11443 9
32 36 36 13627 78
38 33 44 14927 25
29 38 16 9293 68
5 8 27 5415 86
7 37 43 4815 64
9 23 32 2707 19
5 26 12 11626 78
19 10 5 14984 33
8 21 39 13739 53
35 16 38 6464 76
22 45 22 6761 78
19 39 33 7094 35
37 5 35 7922 97
49 30 32 11814 28
31 26 43 13484 36
30 38 30 7931 8
32 21 23 12046 21
5 9 16 10504 7
14 26 24 14464 41
37 36 8 12115 103
16 17 5 10897 53
39 8 8 5498 59
47 39 15 13950 52
21 39 45 6771 78
24 7 48 14522 10
38 35 50 14890 85
48 30 10 13392 17
31 17 43 9729 84
9 34 31 10780 40
48 31 30 8836 88
19 39 48 14618 88
31 35 42 10651 24
28 16 24 13255 60
16 34 6 6347 44
37 25 41 13325 55
19 29 45 14868 21
35 20 49 6809 48
31 23 16 14254 15
18 50 38 12049 66
30 22 31 14268 91
27 20 16 13930 103
13 35 33 9844 88
19 21 40 8984 82
21 36 21 8363 76
36 16 39 14289 73
17 9 8 12841 30
42 37 30 4334 45
34 6 28 9288 76
45 18 16 14167 12
39 37 35 11657 39
36 49 7 5248 91
25 44 36 14496 45
41 47 7 13917 86
38 10 7 8946 103
49 38 37 11074 78
47 35 45 13127 62
22 18 22 12840 43
28 46 47 15041 80
9 38 42 7410 39
36 30 31 11501 8
47 36 16 12684 85
24 39 44 11721 100
30 25 39 8851 26
49 40 10 14778 5
20 36 17 14612 49
28 18 29 6487 36
43 26 35 14968 5
23 20 29 14004 46
45 10 28 8139 18
16 43 36 434 44
50 11 21 13474 85
6 35 11 9369 100
8 38 33 10908 71
33 41 19 11429 6
29 38 5 13835 84
20 8 33 10854 102
45 45 38 8628 54
37 22 34 6062 102
31 42 12 12476 19
9 12 46 186 76
20 43 27 10684 21
49 8 15 6338 82
14 12 8 13279 74
47 42 29 6848 27
38 20 44 13518 70
19 31 40 7333 43
9 31 40 13939 39
44 42 10 14890 74
35 45 33 11423 15
20 48 50 13878 9
37 45 7 4870 15
13 14 35 14464 19
6 20 28 14923 12
47 33 49 14638 20
37 35 50 10944 20
45 17 29 11589 23
12 45 29 13308 23
35 49 6 9365 77
50 46 18 13909 12
11 36 24 14550 89
27 40 25 14687 30
24 22 48 12444 77
28 50 40 10288 81
20 21 12 6435 95
33 19 21 9272 23
24 36 20 12715 89
27 20 47 8158 23
44 32 21 12408 83
19 28 50 5651 35
11 40 33 14732 17
30 14 7 13039 98
12 26 33 13935 22
40 38 13 5469 29
48 30 27 14426 100
44 39 44 11842 77
8 18 39 3904 93
31 14 45 10315 20
38 50 44 11795 28
17 44 29 14736 86
37 39 46 8857 88
7 36 21 7713 83
11 30 10 15112 67
7 40 48 12178 39
25 22 16 3174 17
44 33 39 12444 43
37 28 42 14986 69
5 6 41 14736 21
11 22 13 12652 100
38 24 48 9477 96
13 6 13 2252 47
42 44 50 10709 80
6 26 29 9301 61
44 6 9 9000 19
32 19 25 3264 64
36 28 15 850 74
47 43 36 12966 20
38 46 36 12585 81
28 16 26 12276 63
32 47 43 14401 98
25 41 46 15061 27
29 29 19 11912 32
38 33 20 872 86
18 49 27 3189 46
26 13 30 6559 30
20 7 20 11318 50
38 26 24 14536 9
47 32 13 12303 95
6 19 18 10761 71
19 32 23 13720 26
31 46 20 12297 45
29 41 39 8265 14
39 22 31 13091 72
20 39 30 12363 10
19 34 23 13334 62
16 46 47 12973 41
35 20 35 10609 98
14 9 37 14451 94
41 7 37 9281 23
47 21 8 8180 99
43 41 14 8757 16
9 21 49 14813 78
47 39 12 12104 20
6 14 8 12636 91
37 45 9 6491 53
21 26 37 12850 19
22 22 10 12501 103
43 19 20 11625 8
45 35 42 3339 56
41 21 26 14829 56
20 11 16 13513 81
29 25 17 10838 50
15 7 45 11420 15
41 24 30 13681 49
37 33 13 13795 40
30 5 48 14244 100
14 46 48 14898 45
21 5 14 12467 75
31 21 36 10861 80
8 50 26 15032 52
48 39 41 11909 54
45 18 9 12031 24
35 33 10 14748 59
36 50 48 7906 50
27 8 48 14093 42
14 38 20 5905 89
25 26 12 5965 78
9 27 17 11744 25
35 29 32 14209 44
21 20 12 12983 71
34 22 25 10900 43
23 7 9 14609 18
10 9 24 10383 60
43 32 50 14344 56
24 37 16 14853 96
33 36 13 14717 55
24 45 29 14865 68
41 35 30 3694 78
13 11 41 10103 41
5 37 28 14397 71
31 14 24 4408 38
10 8 10 7394 20
22 35 16 13101 73
18 40 15 10216 88
26 43 35 9212 30
38 7 39 14556 74
35 44 16 8889 84
46 25 22 8784 24
14 33 12 13845 16
33 49 48 8160 104
10 19 23 12355 43
35 33 23 11106 103
46 12 21 14814 72
16 36 14 14554 43
38 17 47 9170 63
21 18 44 13523 52
14 38 5 2603 95
9 40 24 5451 15
25 47 20 15003 58
7 8 45 11800 48
16 41 12 10509 25
46 48 48 11068 42
16 30 34 2372 37
14 44 24 7646 24
29 22 7 14736 94
49 35 33 13178 27
12 12 20 14940 45
38 26 44 14209 94
28 19 35 6475 81
26 10 14 12666 26
32 20 27 10284 80
39 16 17 2275 66
45 43 30 14177 59
23 47 24 8675 63
20 28 25 14465 33
43 40 10 14443 58
15 12 16 14664 48
15 27 38 14266 90
6 16 8 8595 49
47 7 41 11775 46
34 22 49 14582 101
20 7 36 13499 36
27 22 40 14161 96
23 34 36 7503 82
42 47 41 15034 66
33 30 46 13299 6
50 41 42 6178 82
9 36 36 7347 18
39 22 14 5375 17
50 21 41 5257 7
23 18 49 14485 31
22 42 35 14139 80
39 43 39 10577 32
26 24 27 14238 96
47 46 41 4989 49
20 43 19 4397 14
17 36 34 13053 55
36 7 12 8300 42
24 27 43 11012 23
16 23 38 11584 40
27 30 37 14800 48
9 16 26 14585 90
49 26 26 13862 14
28 19 44 11299 83
18 22 22 13632 73
50 12 31 13325 13
40 43 26 11317 12
36 21 48 12946 27
47 50 36 10417 52
6 30 21 14486 11
18 39 43 13779 59
24 24 25 12445 66
30 35 8 10519 81
7 36 16 7094 91
36 42 32 7254 89
19 18 41 13077 64
10 11 18 12463 69
22 6 42 10853 72
9 45 12 7150 78
33 36 48 9233 94
7 50 21 12778 13
9 26 6 14290 11
11 17 50 3340 51
25 24 7 9727 81
7 17 27 8346 21
28 26 38 14840 32
43 24 7 12318 13
9 35 35 8968 54
29 21 21 8700 57
16 41 49 10878 70
13 12 8 10794 14
42 6 5 8097 13
30 6 20 14353 44
32 32 28 10730 44
24 44 47 13771 71
24 9 33 12931 64
30 16 49 8904 39
40 25 40 13738 46
5 22 24 7046 27
23 49 34 2210 68
44 13 35 4871 93
42 48 45 13185 5
38 31 20 14051 67
15 46 37 6502 61
22 49 32 14238 52
22 16 35 13644 25
46 6 47 8877 82
17 9 42 11140 8
21 13 42 10346 24
41 48 17 10948 97
26 32 44 9240 43
30 11 28 14125 12
24 20 17 13170 30
26 46 38 10303 25
30 45 23 1248 43
39 26 5 15028 47
34 6 44 14134 74
37 41 12 15074 36
42 27 30 2679 82
40 19 25 10743 52
34 50 8 5610 98
24 37 30 13505 91
23 48 34 13425 56
44 28 35 14267 46
43 43 14 10816 60
40 36 17 13453 86
10 10 37 12489 104
32 46 50 14971 56
15 25 46 14261 52
48 5 21 11633 76
37 33 46 10050 42
20 46 42 11927 24
14 11 37 11945 16
12 21 11 14838 24
43 5 48 8501 92
38 14 44 11289 77
29 7 49 12053 65
17 34 36 2792 69
29 26 45 7315 77
20 9 43 13322 74
10 7 26 8578 89
22 24 24 5345 22
43 12 29 12531 45
14 7 12 12862 15
21 22 41 12805 56
47 16 44 11071 54
33 22 45 4720 38
25 39 39 14251 63
30 46 35 13675 89
47 27 46 13006 29
32 37 45 14510 90
22 11 41 6735 30
10 36 40 14274 52
12 29 24 3336 63
46 38 38 14023 96
44 14 25 12200 30
20 37 5 13615 83
8 11 37 13636 71
14 15 50 2160 80
41 42 21 7145 57
28 44 42 6394 14
34 26 45 10746 34
27 23 17 14065 103
15 32 20 10753 45
20 25 12 14420 22
16 26 47 11190 12
28 49 38 11506 26
28 33 43 14101 87
43 36 22 9954 104
32 15 39 10591 34
47 19 19 12764 90
41 50 45 11733 67
46 23 32 2033 61
16 9 49 2284 24
35 46 23 12782 71
47 6 36 13045 33
42 50 35 14363 38
21 6 14 11524 67
28 21 31 2189 6
24 47 32 8705 101
16 5 39 14989 71
21 48 7 13878 94
24 32 21 9366 97
13 6 5 10048 104
37 40 26 11515 29
44 41 21 13574 46
15 14 9 7159 63
36 43 20 5916 62
46 19 18 9525 100
42 26 26 9864 32
33 48 20 6333 19
44 6 38 7028 39
36 39 7 10805 92
25 6 34 14054 14
7 23 43 503 85
42 49 15 13797 33
16 15 7 8141 62
18 12 17 13565 28
12 27 28 14577 85
5 6 9 13352 75
46 17 28 4516 25
14 18 17 12931 22
6 50 40 11783 103
31 30 43 12669 100
47 45 34 6931 71
24 50 5 12145 101
28 40 5 14364 91
30 47 17 11500 70
41 46 19 10653 85
48 27 19 8957 64
29 25 45 9469 48
25 15 7 14697 82
21 11 9 9495 51
18 7 6 10229 61
7 26 21 5714 62
17 22 19 8510 30
22 24 38 14925 85
41 18 34 14827 27
47 18 20 14141 96
33 27 34 9037 19
15 35 31 11419 56
39 44 43 13751 21
14 12 14 11249 102
36 38 44 10440 66
50 29 6 4670 35
14 9 8 3816 74
48 10 37 8682 52
26 14 39 14983 46
23 40 15 12143 14
13 49 38 5452 88
36 46 43 12456 93
21 19 5 12256 97
16 44 27 7490 97
44 44 7 6423 101
16 21 21 13022 86
23 46 19 13804 67
18 9 44 5840 46
26 14 15 11370 61
50 19 17 11443 94
10 16 42 11862 94
39 24 13 7889 17
19 9 45 14851 23
27 17 50 7923 24
37 16 45 13891 101
20 41 15 11158 79
41 18 28 11942 80
31 39 46 14553 12
29 46 23 11470 101
34 28 13 14018 76
48 45 18 6381 43
27 8 48 13794 70
11 11 8 5142 32
31 10 9 12394 18
34 6 31 9006 49
27 29 6 12970 5
36 48 10 12641 18
29 50 31 14330 78
42 33 36 14824 86
34 12 42 10477 33
30 48 47 12551 86
36 14 34 13697 9
34 16 38 13825 23
48 21 29 14828 47
25 14 33 7213 5
24 34 24 9650 48
48 37 48 13398 94
37 50 44 12172 83
