400
18 15 17 11286 87
24 6 31 9054 55
45 22 39 3672 103
7 32 37 7180 94
40 42 9 11027 16
38 23 20 11188 51
29 6 29 10760 44
16 37 6 9267 10
15 38 27 7972 67
14 21 38 9743 62
48 7 41 9011 76
20 41 20 10197 55
31 9 20 7770 55
49 37 23 12201 33
47 23 42 8942 85
11 28 44 9629 73
34 11 9 10572 65
40 39 39 10912 22
48 44 20 10969 102
26 29 37 11276 13
11 14 24 6725 58
41 24 31 10776 55
8 8 20 7296 26
50 16 11 11885 48
12 32 34 11732 15
40 28 29 7988 93
24 11 46 10657 8
15 17 30 8206 94
22 41 43 11225 11
47 33 39 11247 31
15 21 48 9092 22
27 8 19 11580 84
25 21 50 8143 80
30 31 29 8574 55
43 13 5 12228 30
5 10 11 9011 32
23 39 14 10898 44
27 24 31 12168 79
13 29 44 9125 36
12 20 14 8074 29
8 6 19 11779 52
15 47 6 7157 20
13 38 23 7468 69
31 12 11 11140 79
43 14 37 12263 16
20 19 48 6458 37
7 19 49 8238 69
7 26 47 10321 67
21 21 48 9935 38
20 24 19 6890 50
28 14 5 10911 87
26 41 25 10262 104
31 16 34 11302 68
17 14 47 10092 77
13 43 20 7341 41
9 22 20 7336 16
30 32 20 5102 96
35 36 46 7415 92
29 24 33 6709 24
42 49 34 10279 87
49 35 37 9697 100
5 28 12 6290 32
28 23 30 5282 30
18 16 24 11601 80
44 14 48 11264 36
42 43 36 11258 69
26 33 10 7186 64
33 33 49 5594 76
20 5 43 287 63
35 17 44 11469 36
43 10 24 5007 42
31 8 21 12075 8
32 6 39 7973 84
47 49 27 11846 95
23 32 46 11228 24
5 32 29 7203 71
10 31 12 11531 69
25 9 35 12131 32
6 42 49 12181 47
48 37 33 7958 32
15 6 19 11519 89
25 21 25 5280 31
28 28 44 11785 15
40 38 31 4743 34
49 6 47 8757 80
50 5 23 7730 86
36 25 33 11253 38
29 5 30 2918 5
37 50 30 11283 38
48 45 49 12054 75
38 39 36 11592 79
46 49 5 9548 77
49 40 9 10490 42
36 8 28 11759 69
27 11 45 9187 24
31 8 30 11489 67
17 28 10 5725 69
15 40 35 10518 34
47 37 15 6597 48
11 30 35 9424 67
6 9 22 9361 38
37 33 19 10746 88
50 12 50 6526 84
44 27 16 11840 47
25 20 8 10101 87
38 13 8 10232 28
34 33 46 9469 50
30 14 11 6828 37
17 43 9 6391 96
17 23 8 1929 7
44 21 15 10268 88
50 36 18 6815 66
18 33 49 6054 23
49 44 12 10254 76
11 25 6 8421 8
14 31 49 9907 90
6 6 8 9826 90
23 7 40 11919 26
28 7 34 7932 94
44 38 12 10619 7
17 6 10 6899 21
36 25 28 6841 18
35 41 28 7052 16
6 36 43 8110 77
40 25 17 11849 29
26 38 42 5212 45
35 24 27 12173 85
50 28 21 3333 34
14 24 49 11945 84
29 19 19 10635 43
6 46 48 9135 36
5 45 17 12004 16
43 5 31 7205 77
23 34 42 2500 53
31 9 20 9519 73
19 45 46 11767 44
12 13 32 4524 83
9 22 30 10448 8
20 39 10 11825 95
30 13 20 1846 69
17 49 7 6839 48
21 49 49 8545 84
29 23 23 11590 59
39 8 35 9829 85
19 22 45 5523 28
40 25 41 11258 10
33 12 12 8452 25
45 44 35 10432 62
37 22 37 10613 46
9 22 47 8738 86
7 6 16 6928 37
45 33 40 6013 8
38 32 15 4032 51
16 8 23 10604 54
39 8 39 12200 6
21 32 47 9447 84
35 40 5 10510 88
40 7 47 10010 8
32 30 17 6551 94
11 27 50 3444 21
37 14 48 4360 71
48 39 10 5398 29
29 41 10 9558 86
42 8 40 10554 104
6 13 22 9599 45
8 18 13 5800 53
49 39 28 2533 20
48 29 29 8963 40
27 13 28 11922 54
25 45 30 10215 9
16 34 31 4262 46
26 18 41 8373 7
41 39 23 9172 46
32 13 37 10651 102
25 22 50 4798 26
45 7 37 3061 38
45 35 48 6884 10
5 40 20 9103 59
9 29 38 6513 50
20 19 6 10561 69
49 49 16 8647 46
48 15 6 8313 80
15 26 16 9441 74
8 11 28 7842 50
40 8 16 9870 71
20 22 25 8689 37
15 38 12 10995 14
24 31 19 11720 79
10 7 13 9373 10
32 26 13 11865 43
38 32 8 3928 37
39 43 45 10182 89
26 40 31 8815 27
10 9 9 12108 48
35 32 50 6166 16
9 25 36 8821 100
48 17 48 10864 44
22 24 30 3962 37
28 38 13 8227 65
19 47 27 9987 43
20 37 29 7560 34
38 50 12 11091 35
21 16 38 7470 90
22 39 13 4072 9
20 15 50 11689 60
31 49 44 10781 24
36 21 20 1820 63
9 7 37 4077 80
41 12 8 8305 102
20 20 11 12056 42
5 22 40 7704 58
11 17 13 6050 55
20 40 19 11158 19
21 11 31 12232 83
44 12 39 7397 13
49 23 43 11081 32
34 48 44 9658 92
35 13 6 10348 14
22 48 8 7939 71
35 5 31 7195 53
19 40 41 4227 87
14 9 49 3823 81
13 14 31 9478 25
30 39 48 8312 99
31 17 31 10088 10
38 20 30 8907 41
28 14 50 9710 15
31 26 8 11795 20
9 15 34 9831 53
27 17 23 7866 92
8 11 20 9131 96
43 49 11 6975 78
35 32 37 11067 58
39 12 45 10375 17
21 7 47 6847 48
11 7 35 10748 55
20 30 38 284 91
39 45 24 11547 57
10 35 12 8648 98
5 29 12 5086 16
22 8 36 6133 7
27 46 48 10176 104
10 44 31 7838 40
9 32 34 8533 59
49 36 12 9720 99
36 41 14 11401 69
16 39 30 11867 87
49 49 16 8747 16
49 28 45 10402 10
34 45 14 9484 33
31 21 5 2193 76
8 34 37 9936 97
12 31 39 10759 74
6 22 9 8021 75
20 39 26 8629 96
24 32 20 10144 6
45 6 16 11770 98
45 43 10 7506 24
42 38 35 11869 88
33 42 14 3090 100
14 29 29 9472 62
18 35 10 8830 61
49 41 33 8362 100
19 46 35 8414 71
15 45 14 10706 66
28 29 44 10757 23
41 12 34 11143 18
39 27 16 8134 61
50 29 9 11803 48
11 43 49 9261 55
48 12 8 4476 71
16 37 29 10996 31
20 45 29 8893 54
16 16 26 9554 50
39 10 11 4783 66
10 46 29 12176 54
11 17 7 12273 100
47 14 29 11615 14
21 39 35 9510 36
35 46 10 10949 62
7 39 39 10072 100
24 17 39 4749 9
7 46 34 11555 43
19 24 45 10813 88
16 19 43 11495 80
26 23 11 10572 17
28 44 44 10372 21
48 20 43 7720 22
7 27 8 9273 85
7 9 44 5127 88
8 15 22 11599 61
43 48 15 6416 77
47 47 46 10715 60
15 16 12 11304 49
31 47 37 10037 5
11 50 32 10988 13
30 24 30 3726 59
35 44 17 10234 79
28 47 24 11508 12
43 16 46 5329 54
49 40 46 9208 88
20 7 9 5939 97
45 5 22 5514 48
32 11 31 7637 81
31 49 39 7742 96
8 46 40 9985 78
28 10 35 9462 100
20 42 39 9302 59
43 13 48 8704 36
47 40 6 3749 56
7 38 49 5940 64
5 44 37 8012 7
10 41 18 9857 98
23 42 37 11893 59
45 41 29 11821 40
41 7 42 2575 45
36 50 7 10167 76
42 23 9 10676 81
40 35 23 9552 53
17 25 39 9224 44
16 43 18 11851 11
7 44 41 9775 96
17 36 26 9940 93
5 14 13 9434 73
18 20 48 10975 39
21 39 34 7652 76
38 30 14 8184 74
39 49 23 8172 78
27 41 26 6891 21
42 31 28 9464 100
24 50 26 2491 50
29 13 8 4231 61
27 43 50 9293 83
36 14 45 4656 79
41 46 47 2946 41
27 29 36 2432 93
49 47 25 6352 42
39 38 24 7948 65
47 25 6 9485 75
41 16 32 11333 59
31 11 14 9963 18
5 30 12 3703 47
16 36 39 10383 43
19 5 22 721 101
8 34 47 9152 20
48 17 16 5024 27
30 6 30 6776 63
50 49 38 6201 35
5 29 41 6236 46
31 20 8 6998 65
50 31 39 1305 13
26 24 41 8520 47
11 7 42 12137 65
22 47 24 11367 91
30 28 17 11794 97
43 42 35 7597 23
41 27 18 11240 66
8 9 48 8260 30
28 17 45 9500 86
26 29 35 9812 91
35 48 48 11375 21
39 22 43 10696 48
9 24 10 12001 25
19 11 48 6045 70
10 6 50 5764 13
21 40 17 8571 96
50 37 29 11696 10
20 40 41 11008 56
17 23 42 10507 82
44 32 36 10054 24
15 25 16 10225 68
15 12 41 11116 79
36 24 13 8248 91
41 17 26 11272 34
21 35 37 9005 14
13 37 9 10899 44
8 39 29 3832 60
8 11 5 2978 10
27 45 50 11378 53
22 23 8 11651 103
15 49 43 4907 64
8 30 42 9784 64
35 38 43 10717 55
32 21 8 8015 67
10 42 9 9131 81
17 27 44 10481 86
43 41 33 9382 18
34 39 5 9987 96
49 9 46 11314 9
7 40 18 727 54
27 15 10 4866 32
35 43 11 9128 97
7 47 29 11298 81
50 40 41 12144 66
19 36 17 10639 94
43 47 28 11073 24
46 24 35 10566 50
37 12 22 10481 50
11 8 27 8250 6
10 16 31 7532 46
