150
18 1 17 1110 5
8 3 9 127 3
18 12 11 311 7
13 20 16 933 10
10 14 10 511 9
17 13 12 770 2
2 12 8 694 4
10 17 13 1320 3
11 6 16 1658 6
12 10 9 448 2
13 5 10 147 3
3 16 18 559 3
16 5 20 890 10
12 7 3 722 9
16 14 13 1718 2
11 5 17 617 10
12 2 4 1247 10
12 10 16 76 9
9 3 8 680 7
19 17 1 1791 7
7 1 12 93 4
5 6 14 848 2
2 18 5 122 3
7 17 19 184 2
17 13 11 1388 3
20 8 9 1536 8
14 6 17 1389 2
18 9 13 1208 9
10 19 10 887 9
8 14 11 345 3
20 18 14 1431 7
6 9 3 235 2
10 6 8 1101 9
7 8 5 412 6
16 19 2 1383 4
9 11 9 735 9
6 5 3 1721 1
2 20 5 1010 4
12 3 12 583 7
18 3 14 1345 4
7 20 6 1033 8
13 5 10 1062 3
8 15 15 326 7
1 6 15 541 5
14 20 9 345 8
14 17 19 1350 10
14 14 18 248 1
15 12 8 475 2
18 4 19 675 9
3 18 16 1441 1
15 11 19 260 5
5 8 13 1674 8
13 7 6 222 9
8 16 9 622 6
19 14 4 705 8
5 20 18 1000 2
17 1 12 1236 2
20 1 20 186 8
13 10 11 469 10
11 7 13 1549 1
20 7 16 672 6
6 4 6 233 9
5 2 17 585 8
7 13 4 235 6
19 9 14 1259 1
6 19 20 1453 3
16 8 17 146 7
7 11 4 1064 3
3 11 1 952 4
20 1 9 882 10
1 14 13 957 8
15 10 3 741 2
17 9 19 1712 7
13 13 12 1193 10
14 17 6 266 1
11 20 11 104 9
15 16 14 1639 5
4 7 18 1483 10
16 18 19 1282 6
13 1 18 579 6
15 12 2 1328 6
11 6 6 1717 6
1 16 17 1098 1
12 3 9 294 6
16 16 13 1653 1
5 6 3 1508 3
2 20 18 800 9
16 20 19 1173 2
16 3 17 323 1
17 13 16 1221 2
13 15 14 978 1
20 5 12 617 8
14 12 4 678 1
8 8 20 1619 3
17 10 17 826 7
19 5 13 381 6
18 1 18 1222 5
11 8 2 1701 5
6 10 11 1739 8
15 10 2 971 10
5 9 17 794 1
6 14 7 391 8
13 13 3 150 1
18 13 5 1514 8
12 12 8 1714 2
3 4 20 902 7
10 20 3 858 2
4 18 4 1108 10
10 14 15 1421 2
6 20 6 1473 8
6 10 15 1013 4
12 20 15 1269 1
5 15 8 142 9
7 7 14 1117 10
7 14 19 1523 2
8 6 5 465 10
1 8 4 838 4
15 9 16 982 5
14 16 6 1621 9
20 16 15 1290 5
18 1 20 434 8
15 11 6 1607 3
10 2 1 1541 2
3 13 4 1757 3
6 5 20 1605 3
3 5 12 1138 2
3 17 16 209 7
14 9 18 464 8
19 19 10 832 5
6 11 14 712 10
3 7 2 1046 9
7 17 16 378 8
8 19 8 1629 5
19 10 4 490 3
6 3 18 66 2
7 20 9 1745 7
14 11 1 1354 8
16 16 18 1533 7
14 5 10 440 7
8 11 3 878 9
6 13 1 490 7
7 3 1 1229 9
10 3 13 710 3
15 20 4 296 8
18 18 14 1330 7
19 12 15 1778 9
8 3 10 1508 6
5 8 4 910 3
17 19 6 1794 4
19 17 3 645 1