50
18 12 1 131 9
7 5 20 361 10
7 5 9 561 6
17 18 12 432 8
6 13 11 230 8
15 14 10 131 10
11 16 2 643 6
4 6 7 29 3
13 9 11 536 5
2 20 7 92 8
5 20 4 358 6
19 13 20 262 6
7 2 15 463 8
19 12 3 249 1
17 7 12 433 7
8 14 4 624 6
15 20 1 313 10
14 12 17 615 3
4 3 7 397 1
14 9 10 117 1
11 14 11 568 3
13 17 20 526 4
14 4 7 154 9
11 18 2 307 2
7 14 20 93 4
4 11 12 146 7
16 20 16 317 6
8 11 6 393 6
13 18 16 651 6
4 10 19 226 6
14 15 7 410 1
15 5 3 296 1
14 4 3 584 9
12 4 16 269 3
3 18 20 613 7
2 17 6 165 6
12 1 8 50 7
20 12 15 178 6
20 9 7 298 4
6 8 17 507 9
3 3 8 115 8
6 16 7 193 1
11 16 8 565 7
2 8 20 515 5
17 4 15 475 3
15 6 9 164 6
5 9 15 386 4
11 7 18 660 5
11 6 19 433 4
16 9 10 679 6