100
19 3 5 819 8
16 14 9 1066 8
17 13 9 808 9
9 19 11 60 3
12 13 5 125 8
14 15 18 238 7
2 16 8 309 7
16 9 13 336 8
4 2 4 389 7
6 5 14 1123 6
11 5 17 789 10
16 7 20 1013 3
10 8 1 1006 3
12 19 15 632 1
9 9 10 708 4
6 10 2 606 10
8 4 8 417 3
11 7 13 122 8
19 17 4 385 4
8 10 10 1126 3
13 9 9 83 2
6 8 6 981 7
18 3 13 303 6
20 3 7 478 10
14 19 10 976 5
16 17 11 1109 5
12 10 3 1122 1
1 18 5 659 8
3 6 5 602 1
1 17 14 231 9
7 17 7 113 3
12 20 6 695 2
1 1 16 585 9
18 12 15 183 8
8 3 8 143 8
3 7 11 719 4
20 6 1 978 9
9 16 4 600 8
12 6 16 1057 1
9 15 6 239 7
17 2 15 443 2
20 15 12 348 10
3 7 4 351 5
4 12 6 561 9
10 19 8 1071 2
14 8 11 422 10
5 18 15 902 6
19 20 9 423 10
20 19 11 277 9
18 10 15 1100 6
6 6 20 190 4
3 3 17 869 6
4 3 9 569 8
20 1 6 445 7
3 2 7 683 2
5 18 13 524 3
10 7 1 937 6
1 16 3 836 2
20 20 18 1056 5
4 4 6 1113 5
6 20 7 820 3
10 17 13 260 5
8 15 15 739 3
6 20 16 320 7
14 2 1 720 6
19 1 9 931 8
2 18 1 863 5
15 10 15 497 7
20 4 1 646 5
2 2 20 823 2
19 19 7 750 6
16 4 19 168 9
16 11 19 608 5
14 5 10 864 5
3 4 20 203 1
10 19 11 1031 6
16 1 11 635 10
9 7 16 570 2
18 11 11 585 5
3 16 10 954 4
4 8 1 750 2
16 20 15 678 5
14 13 9 389 9
8 14 20 476 7
10 10 9 730 8
6 4 20 528 8
5 6 4 260 7
12 18 2 524 10
14 10 4 887 10
3 3 11 99 4
15 12 2 681 3
7 11 3 227 9
10 11 18 425 10
20 9 3 896 6
11 14 1 244 2
18 11 6 847 4
9 4 4 375 9
1 17 2 917 8
1 19 12 116 5
11 4 15 333 10