450
4 11 12 2627 8
12 6 5 711 2
11 5 13 1166 3
14 19 10 1457 8
19 13 12 219 10
7 7 18 1211 5
17 11 3 1523 6
1 8 10 696 7
12 18 6 1741 3
16 18 12 3473 7
9 14 6 1633 7
7 9 4 1407 1
14 14 11 4259 2
20 2 9 758 8
17 19 2 4662 9
4 6 1 3667 9
16 16 10 2548 9
15 11 7 412 3
1 4 6 954 5
14 20 13 4867 9
16 19 9 4101 2
17 16 6 4383 8
15 6 12 2268 8
11 18 5 1233 6
15 1 9 3658 9
18 9 19 4043 10
10 8 17 3223 7
3 1 14 1934 2
17 17 2 2303 3
16 19 5 4171 1
19 16 13 3915 6
13 7 6 4664 5
5 10 9 3018 2
1 11 18 2690 3
12 18 9 3792 3
18 7 12 4519 10
3 2 18 3241 9
20 11 19 1289 1
9 7 15 1419 8
5 9 3 2040 4
15 20 10 4433 3
1 18 11 1203 1
18 3 15 2278 4
16 16 12 3584 1
17 17 11 771 7
1 15 16 4308 9
5 3 9 3561 9
8 17 7 698 5
5 17 6 1829 3
1 18 7 1620 2
6 2 17 2972 10
6 19 18 2522 4
12 6 9 1186 7
6 1 19 104 1
17 6 6 3484 9
1 6 7 450 4
5 8 17 618 1
3 16 17 3491 5
12 16 20 2734 9
5 15 5 2298 3
14 12 12 3619 8
16 3 3 2565 1
19 8 13 1157 3
8 3 16 3457 6
3 14 18 4134 8
19 4 9 2390 10
8 12 7 4655 4
5 6 7 2001 10
15 17 19 337 7
14 17 6 2117 2
18 15 8 2301 2
4 14 13 3712 1
8 11 18 486 7
5 8 20 1882 5
13 4 18 1230 10
20 4 17 3955 10
10 10 8 838 7
20 9 9 3872 10
5 6 19 2179 5
16 12 13 3223 7
16 11 16 3525 1
8 8 2 870 2
19 2 2 2369 3
19 2 6 4723 1
9 11 15 2063 5
4 20 14 4397 5
19 10 11 1128 5
16 5 17 1922 10
7 2 13 261 4
9 8 13 4603 7
20 11 1 615 5
15 20 2 4822 4
17 17 11 4412 1
1 15 5 2008 5
18 18 8 4607 8
2 14 17 4100 10
18 3 10 2201 8
18 14 2 72 6
5 14 16 4785 10
19 8 7 2419 8
17 7 17 4925 8
1 6 2 4118 10
5 10 13 4472 8
17 11 4 322 8
11 9 9 4590 4
9 8 12 4182 6
15 19 6 4609 9
9 6 5 4413 7
5 10 4 1337 1
5 7 14 1852 3
18 16 5 2975 5
20 7 2 1416 3
8 4 3 2317 6
8 9 9 2135 4
5 3 3 3800 10
18 17 15 874 2
1 5 12 2561 9
9 16 11 1491 10
1 19 7 4718 7
17 7 10 2084 1
13 12 1 826 10
1 8 17 2790 9
18 2 7 4339 2
15 10 12 1103 2
10 16 5 476 10
4 11 6 4908 10
9 15 13 329 5
18 13 8 4346 6
14 18 1 4262 4
20 15 11 1913 2
8 17 16 735 8
10 2 5 3360 5
4 16 17 1361 6
18 12 10 3697 7
6 19 3 3828 8
5 9 10 3145 7
3 12 4 1738 3
14 5 4 4070 2
16 17 1 4704 2
4 16 16 3289 7
4 9 20 2206 2
3 9 13 3973 5
11 19 12 1102 6
13 5 1 3059 8
18 7 4 716 2
5 9 11 3570 8
2 15 18 2018 7
15 9 5 1315 5
15 16 11 4657 9
15 9 18 2923 7
3 4 12 1670 7
19 15 10 3937 9
2 20 19 1598 7
12 20 11 2516 2
9 4 9 3449 3
3 11 10 3395 6
13 14 18 1674 10
2 16 19 1728 2
7 2 16 3546 2
19 16 16 370 10
17 1 14 1541 5
19 2 16 1285 3
12 1 6 1412 1
18 13 8 4280 3
16 2 15 3725 1
4 16 13 1182 6
13 1 17 382 4
1 12 17 1060 5
12 12 19 4475 9
8 2 14 1910 8
13 17 9 3514 3
10 8 14 2134 9
18 16 18 1091 6
10 20 11 2830 5
8 14 14 4233 4
16 13 8 2122 3
8 19 2 146 2
14 6 19 2244 5
17 13 20 3628 7
10 3 2 4112 8
19 3 18 2663 2
11 12 19 2862 6
17 2 10 3204 2
8 8 17 3308 4
14 1 12 4724 3
17 7 1 4312 5
6 7 9 2291 5
10 12 15 4070 5
10 19 14 4083 5
5 3 11 215 3
15 19 2 2366 2
17 15 11 1069 5
14 13 8 2163 6
2 7 3 1979 8
12 10 20 2823 9
2 9 1 1394 9
15 18 19 2086 2
19 20 12 2452 9
14 17 2 2079 7
1 13 16 3500 5
16 2 13 4885 7
11 3 9 1365 1
17 8 5 779 9
13 3 6 181 6
17 11 4 3774 9
12 2 17 4837 7
14 10 17 2732 7
12 18 17 1018 3
5 19 7 3739 6
3 2 9 3089 10
17 12 7 1769 4
10 13 14 2782 4
17 14 16 1788 3
18 17 10 2461 10
16 20 15 4453 2
14 15 20 2935 10
12 7 17 1432 4
9 15 15 1446 7
15 7 13 1528 1
12 20 17 3195 2
8 11 20 4638 7
5 9 7 4691 10
2 12 16 3125 2
8 10 5 2405 8
6 11 3 4634 10
14 10 11 604 5
2 4 8 252 2
1 7 5 2360 10
1 1 1 2607 6
5 17 15 3012 4
8 17 3 1335 7
8 13 1 1054 4
18 2 8 145 7
12 14 18 2554 10
6 4 5 3401 5
18 2 8 1821 6
12 20 18 923 10
4 10 6 2055 6
15 8 17 249 10
20 15 9 2904 6
9 14 11 4344 5
13 5 6 954 3
8 13 14 511 4
8 18 2 2112 3
18 14 16 3044 9
16 13 19 3380 9
14 13 11 2591 3
12 10 4 3567 8
12 16 17 3827 2
10 11 5 4428 10
15 3 17 369 10
20 13 6 4647 5
10 19 14 1317 8
17 5 16 3186 7
5 18 7 3291 4
13 5 12 795 7
7 7 4 3388 7
9 5 14 86 3
16 9 17 486 1
17 8 12 1224 8
16 19 17 1651 7
4 1 9 1503 9
14 7 9 4554 8
9 6 4 523 4
18 4 19 2350 5
15 15 7 795 1
20 13 2 1230 6
18 8 17 4794 4
8 11 6 4743 10
6 1 18 950 7
13 5 5 2896 5
18 5 2 3365 7
8 13 7 4197 1
14 17 10 3897 2
6 16 3 2255 1
20 17 7 3571 5
16 13 11 2158 3
19 9 17 2381 4
12 5 1 2184 9
3 1 1 2053 4
7 2 20 2062 5
1 1 7 4395 10
5 1 13 3835 1
10 11 5 4881 9
5 4 19 2640 3
15 12 7 1942 9
14 15 6 586 2
14 13 11 2694 1
2 4 13 3001 7
14 7 2 2449 3
17 7 6 3833 4
5 13 6 497 7
7 4 4 3235 3
4 19 7 3657 3
13 8 12 1048 10
16 11 20 2868 3
7 3 20 2332 5
16 8 15 2487 2
16 20 1 4137 8
8 15 6 3662 2
3 15 12 4359 3
8 10 15 4809 1
13 19 5 1585 6
8 19 15 1820 6
1 18 10 442 1
17 16 10 1763 6
7 20 19 552 3
12 5 18 1007 1
2 18 13 1485 1
7 9 9 4200 1
1 10 6 2627 10
12 16 19 832 9
6 7 6 2326 1
19 9 15 1250 9
7 17 15 3881 7
14 9 8 4444 1
15 17 6 4252 7
2 5 8 3430 1
3 4 17 4568 8
5 20 7 1560 7
14 7 5 4873 7
7 2 9 4011 5
2 1 12 4829 6
5 10 20 4296 1
4 18 16 4189 1
7 1 17 3658 8
11 11 5 2930 4
14 16 8 4336 6
7 12 4 851 10
7 1 17 1988 5
14 8 16 674 4
2 9 6 124 8
7 11 4 3344 8
15 15 1 4108 6
8 3 7 2609 7
6 3 12 289 10
12 17 1 3337 6
12 8 13 1901 10
1 14 1 4576 7
13 17 17 4686 4
11 9 10 862 9
18 2 8 4568 5
20 3 5 3678 1
19 2 17 3166 3
3 1 19 2685 8
4 6 1 872 2
6 16 11 73 3
10 3 3 4179 7
12 14 8 545 8
14 10 10 579 10
3 4 14 3432 10
13 5 18 3027 2
11 20 20 2907 2
8 3 19 4499 9
13 6 5 4080 7
18 8 11 2241 2
11 18 19 4584 10
6 4 8 3703 4
7 15 14 2467 4
8 17 3 228 2
8 10 13 1142 4
9 2 4 817 9
16 5 19 1399 1
11 15 16 2526 10
3 2 8 3315 5
12 12 10 779 2
2 13 12 4028 7
20 16 13 181 2
9 3 17 3701 8
7 2 16 2431 5
7 12 9 3134 8
18 20 6 3058 9
13 2 20 273 10
12 13 1 678 8
17 10 19 1773 8
7 12 17 890 9
18 15 11 576 9
4 9 9 2740 2
5 2 8 1825 2
3 14 20 401 3
10 14 15 4027 7
9 10 18 4546 5
11 18 19 3410 3
1 19 5 4805 8
18 11 18 982 3
6 4 2 182 10
9 13 6 82 3
12 16 18 3888 7
20 10 20 3789 2
6 4 1 760 9
11 3 14 3974 6
3 12 14 1665 4
19 12 14 4154 10
17 12 6 2298 2
6 5 17 1523 2
15 16 13 4831 6
13 12 3 3837 6
6 7 10 2040 6
4 4 2 4385 4
12 8 1 3219 5
19 6 2 1070 9
1 12 16 3075 10
3 6 1 2825 6
9 14 2 2591 1
2 19 6 173 10
9 10 1 3359 9
2 14 2 1387 4
1 7 2 3537 2
16 3 14 1719 9
2 3 14 166 5
6 11 11 1965 3
10 15 6 3928 1
9 3 12 2974 4
15 9 15 3821 3
20 19 8 2332 1
7 16 7 3918 2
8 10 16 287 5
10 3 4 2298 2
10 7 18 436 6
15 16 16 3309 7
9 14 16 1549 4
7 12 2 3023 1
18 20 17 1744 8
1 9 1 3206 2
9 16 13 4236 10
15 14 17 3755 3
20 10 11 689 1
17 16 16 506 3
5 2 19 3111 3
20 12 15 4767 6
5 4 15 4158 5
15 1 10 145 6
8 12 12 680 7
5 4 14 974 1
5 9 3 3277 8
9 15 17 2798 9
6 14 18 590 7
2 4 14 4268 1
15 18 15 635 1
8 2 2 1879 4
12 10 9 2505 1
9 16 4 3282 10
16 19 5 4915 7
7 15 9 1322 3
3 18 9 4375 10
9 4 7 2389 6
12 15 4 3840 7
15 15 11 1337 1
14 18 11 3330 9
5 2 5 1850 1