500
14 6 15 4981 7
18 11 19 5572 4
7 11 16 4906 9
15 6 14 607 1
11 3 17 4171 4
3 15 7 482 2
8 14 14 5130 8
11 19 12 1215 8
7 14 5 2372 10
2 17 14 5549 2
15 15 17 3690 3
5 5 15 3261 10
9 13 4 2412 8
19 10 11 944 8
1 6 14 2631 5
20 1 17 3648 5
15 9 18 5420 10
16 19 12 664 4
17 17 4 3513 1
5 9 19 2348 2
8 16 11 1633 5
20 10 3 2072 8
20 4 16 2950 2
17 2 17 3312 7
2 11 20 3470 9
12 4 3 414 5
16 5 12 2604 1
11 20 8 4083 10
15 18 20 4501 4
1 2 15 5286 8
12 11 13 1207 10
2 6 11 2417 3
13 4 18 5373 5
19 4 4 2102 4
10 13 20 2594 7
11 19 9 844 10
4 19 17 2539 6
19 11 3 4447 10
18 14 9 3494 4
18 4 4 4243 5
18 1 10 3471 6
20 16 2 5112 5
14 8 1 1741 2
1 18 11 3373 4
13 16 17 3558 2
2 9 10 1305 1
4 4 9 4509 10
3 20 11 443 6
2 17 10 4768 8
4 17 2 5077 2
11 6 11 2400 6
14 3 17 5453 10
1 1 9 4636 10
12 4 9 5173 6
2 16 7 3026 7
13 20 8 794 2
12 4 5 3401 9
10 1 7 4923 6
7 15 6 1730 6
7 6 19 5231 1
4 12 19 4291 6
4 14 19 3899 6
16 4 12 502 6
12 12 8 758 4
19 20 5 3869 2
14 17 3 2852 8
4 16 12 2092 1
14 20 16 3906 8
17 18 11 1740 9
9 10 17 1067 4
20 17 11 1097 2
9 2 16 1682 4
20 1 2 5166 3
19 20 7 4864 5
10 1 15 5437 1
18 8 18 2012 7
11 10 17 1703 10
15 2 5 4309 3
2 19 12 1445 1
12 17 9 1514 2
19 10 5 3165 6
13 2 10 3398 2
17 7 7 91 2
15 2 4 1441 8
4 8 2 1336 4
12 20 2 4914 1
9 10 13 1480 6
20 1 17 2226 8
9 4 11 801 2
15 14 9 486 4
12 7 7 1780 2
3 10 20 146 10
2 11 11 3986 7
16 17 9 4014 8
9 16 7 4607 4
4 9 20 3656 2
17 4 11 1326 9
20 20 5 528 7
1 10 6 2822 1
6 6 18 1541 4
1 6 17 870 2
8 15 4 2802 2
14 19 19 1402 9
20 18 6 4413 8
1 16 10 3774 9
2 2 19 1179 5
10 5 17 475 7
4 19 6 2864 7
7 14 16 1464 3
12 13 5 2029 7
14 3 4 2500 6
20 17 5 4636 3
20 15 6 4468 7
10 10 15 1272 5
5 15 15 4347 2
11 17 4 1735 6
4 11 8 5010 3
2 1 9 3111 1
20 2 10 906 8
5 6 13 1158 8
17 19 6 806 8
18 2 15 3347 8
6 13 10 4538 8
5 9 20 180 9
12 10 8 1252 8
9 14 9 366 7
14 20 7 4134 7
20 13 17 4976 5
18 18 15 5333 7
2 1 16 3266 8
10 4 5 2415 10
7 12 20 4433 5
6 15 17 4168 7
1 1 15 2507 1
13 20 13 3454 1
16 15 5 5091 5
6 3 11 2813 2
17 17 7 3749 9
18 20 2 800 2
16 12 8 5315 6
2 4 15 4250 10
2 3 11 666 4
9 4 10 3162 10
6 9 5 4949 10
1 20 11 313 6
14 7 4 216 6
14 11 14 3861 1
8 10 12 1965 5
1 9 10 4412 10
10 13 1 1143 7
12 17 2 935 7
17 18 13 4709 10
12 9 2 3397 4
12 12 7 1965 5
2 8 15 4592 10
11 16 6 5073 8
10 17 11 2877 3
1 9 4 2485 9
5 8 3 3069 5
4 1 8 522 1
15 7 1 3621 7
3 20 3 1842 5
1 19 13 5351 4
5 10 3 5481 7
4 20 5 3083 6
9 1 7 3446 10
17 10 19 1609 7
18 5 5 3331 5
4 19 1 5054 4
15 12 6 1774 3
11 15 3 4772 6
8 17 2 3279 8
13 12 17 2273 5
12 4 6 4916 2
15 20 11 1678 4
17 19 10 1687 10
5 9 2 2260 4
5 20 5 3953 10
6 1 20 3722 8
10 15 11 3665 10
7 19 7 1277 9
13 20 15 5148 8
11 14 10 1242 5
6 3 11 4452 8
1 14 20 5049 3
20 12 13 4781 10
8 2 4 3150 8
10 6 7 176 5
11 4 11 3963 7
12 4 2 4366 5
12 18 10 2174 4
12 9 7 4856 6
15 16 17 902 6
14 3 18 3916 5
11 11 6 2134 9
5 15 9 987 8
16 7 5 5187 4
16 2 9 5495 9
10 4 20 1611 7
2 3 9 4757 7
6 19 15 5185 1
17 6 1 4971 9
19 2 18 5515 3
7 19 11 2523 9
3 17 8 4646 2
20 8 4 4496 3
3 8 6 1591 6
9 5 10 1884 10
3 2 7 747 8
20 17 3 5368 3
15 11 17 4754 4
4 19 9 4433 4
12 2 2 2356 6
10 1 7 1811 10
8 9 11 604 2
3 5 19 4935 9
4 12 4 742 8
3 18 10 3788 2
16 16 1 1202 5
1 13 18 4048 9
4 17 11 5576 2
17 2 19 5127 2
13 2 7 2619 4
17 8 1 5487 2
4 8 7 1943 8
2 6 8 4614 3
16 2 18 557 2
15 6 17 2808 10
9 14 16 278 6
19 1 14 638 7
18 6 7 47 3
8 3 18 1107 4
12 16 19 2780 7
4 3 1 3167 8
8 10 20 98 10
20 14 14 4535 7
14 19 14 3596 2
9 19 5 4037 2
10 6 20 1391 8
11 4 13 3295 7
1 14 6 1872 9
16 8 13 687 9
12 16 15 4095 1
15 10 5 2111 8
20 2 13 5510 4
3 12 12 1049 10
18 14 15 1337 2
2 1 5 2360 3
15 15 12 2709 5
9 17 12 1981 3
18 6 9 948 3
12 5 8 210 6
5 11 18 4145 3
12 2 12 5079 1
16 12 9 2430 5
15 2 14 473 5
10 11 9 546 5
3 10 15 3422 1
8 11 14 641 9
10 11 2 687 6
2 3 6 5589 8
1 1 6 4272 2
1 17 11 5131 9
14 3 17 371 4
16 18 15 1355 7
17 16 9 209 3
11 3 15 2194 3
10 15 4 260 10
2 5 20 2740 7
3 5 17 4879 10
11 5 7 1634 9
2 8 20 4359 4
3 8 12 5413 3
13 14 3 3514 2
20 5 17 638 8
5 8 7 141 8
9 18 8 3422 3
8 9 20 752 7
18 3 19 5508 7
2 8 7 386 5
5 12 3 335 8
9 14 2 2019 3
17 3 9 2317 1
7 9 4 2678 1
5 10 20 3718 10
5 20 11 2938 7
16 5 10 940 2
4 3 4 5454 10
10 14 1 3102 6
18 15 16 4323 2
8 16 4 1412 7
17 17 14 4107 8
4 18 14 2450 9
19 13 4 3538 2
1 5 13 1878 6
17 13 9 2952 5
14 1 17 121 10
20 3 20 835 9
4 12 6 2176 4
13 11 14 3289 7
17 19 3 2384 1
4 13 15 4685 1
20 14 9 856 2
12 9 17 2911 4
9 16 13 1246 9
15 7 20 5291 3
17 6 11 3553 9
13 14 20 777 10
8 4 5 5598 3
20 20 9 4002 1
1 15 14 4321 2
5 12 8 4714 4
15 14 10 738 5
17 3 20 5197 8
16 7 6 4104 9
17 10 13 4502 8
14 12 17 1585 6
4 5 17 96 3
20 18 19 3833 3
19 3 20 4800 7
8 11 2 3783 9
13 2 12 2824 6
4 8 20 4842 6
16 8 4 3030 1
20 2 3 5047 3
19 14 13 2340 3
15 11 16 1197 1
11 7 3 427 3
17 14 3 1180 1
4 12 16 1766 1
10 2 18 4562 2
5 12 6 1869 10
8 16 4 2667 9
20 17 11 2223 4
19 8 8 3100 6
11 20 14 605 7
15 11 20 418 3
10 16 2 2183 2
13 7 13 4083 3
10 4 16 351 7
18 11 1 2449 1
14 11 5 3231 1
20 8 1 3004 8
13 16 6 3182 4
7 8 9 3550 4
17 19 1 200 1
1 10 14 1443 5
14 10 1 2787 4
5 4 8 2261 1
20 20 17 4243 10
9 13 13 4299 5
7 4 20 3051 2
3 19 18 2145 6
4 20 18 2489 10
15 6 2 2037 2
5 14 5 5132 5
14 8 13 388 10
16 13 5 2208 7
5 1 11 344 8
1 14 7 3873 1
18 2 6 5073 5
6 17 1 2695 5
11 6 12 3454 1
5 13 13 1681 8
11 5 5 2513 7
9 15 6 1279 10
14 8 3 1823 6
1 15 6 3356 2
3 3 12 1061 8
12 13 7 4253 4
16 10 17 5324 6
2 14 12 2972 5
12 11 15 2920 2
17 6 6 3642 8
9 5 19 978 2
9 19 15 2470 8
3 13 1 1321 1
17 17 11 3094 8
20 18 6 2659 9
2 5 12 4396 3
3 14 5 3795 2
12 13 7 705 2
8 8 11 5084 6
19 15 2 212 5
8 7 2 1635 4
14 12 12 2654 8
13 2 8 2286 7
18 1 18 473 6
20 17 14 3166 2
5 5 4 5040 3
8 2 5 2124 8
10 1 15 3851 7
17 19 2 1492 7
10 20 7 202 5
18 15 14 1943 7
1 11 4 3924 8
6 18 15 3633 1
2 15 8 5393 9
12 12 9 997 8
11 7 18 2282 6
9 16 8 693 10
11 4 19 2967 9
14 8 8 3351 4
2 11 6 3768 9
17 13 9 4669 8
11 10 20 2579 4
9 18 14 2843 7
11 4 20 298 6
13 7 10 2989 6
11 16 11 3134 1
19 4 13 1817 8
5 4 17 1295 8
12 8 11 5054 8
14 1 8 2164 10
6 16 16 1076 6
1 19 12 3778 4
2 2 9 4781 10
11 17 4 5381 3
1 12 5 2043 8
3 1 3 1146 8
14 5 8 3242 8
16 10 15 4914 1
20 8 16 4048 8
17 18 9 1348 5
4 10 5 3311 2
18 6 3 4957 3
14 12 17 3231 7
15 19 4 2104 8
8 15 11 2605 4
4 11 5 2096 5
8 15 19 3536 8
18 10 16 915 1
9 10 9 3965 1
10 20 4 2256 8
16 17 16 1924 5
5 18 17 4547 4
4 5 14 5577 3
16 15 19 5246 1
8 13 3 3042 6
14 4 4 3635 4
4 13 10 5027 9
7 19 11 1924 5
13 1 9 1895 5
15 2 14 2041 9
19 1 6 1014 4
13 10 19 3966 2
16 20 10 1434 1
6 14 10 1541 6
1 19 4 3013 2
6 15 8 2861 1
19 17 12 3022 4
15 19 19 3759 10
13 1 19 4626 2
9 10 4 260 4
14 4 11 3807 5
16 5 20 1112 3
8 13 9 5294 3
3 1 16 2371 7
4 8 10 4781 4
13 18 6 4208 5
1 17 12 185 5
10 19 3 1614 10
12 5 11 2304 4
3 8 3 989 6
10 9 7 3561 5
9 4 15 5382 10
3 3 7 4661 4
1 13 12 4705 5
14 18 1 3437 1
8 11 7 530 8
18 13 10 2706 7
3 15 17 2656 7
10 17 13 4831 10
10 14 2 604 6
1 6 14 4189 6
17 1 7 1871 5
18 16 8 4356 2
7 15 2 5237 2
10 5 5 4629 7
7 1 7 2334 9
15 5 20 1156 7
9 3 18 1819 1
11 13 11 4589 10
10 20 10 1641 8
15 17 5 2641 4
9 7 3 1946 10
2 13 1 2474 2
15 6 4 5184 2
18 11 8 4851 1
7 18 10 3190 7
18 20 6 382 8
17 13 8 1860 5
4 5 3 1802 3
1 3 8 4950 2
19 14 19 2740 6
17 9 15 3348 5
13 3 15 4373 2
12 18 5 3256 4
2 7 9 2543 8
10 1 13 515 2