300
47 35 27 7524 53
36 12 35 5361 99
21 30 6 7576 57
26 12 7 7065 87
6 42 6 6159 43
25 44 18 6538 25
9 49 8 7226 90
37 35 27 3193 74
36 45 20 6641 17
9 25 40 3464 102
33 12 27 6600 91
44 46 47 7321 85
16 43 39 4776 90
50 37 16 8621 77
22 30 45 6956 9
44 5 27 8155 49
50 18 16 7604 97
25 21 29 7923 12
32 23 10 8296 34
29 15 30 7960 29
36 12 8 7281 53
40 8 46 8481 36
40 12 17 8683 73
26 37 21 4216 9
23 22 45 6580 91
25 26 31 8239 31
5 38 21 7713 20
27 43 5 2731 96
37 29 41 7662 27
15 45 47 7212 94
27 13 6 5991 58
34 44 10 7359 54
41 23 5 7403 27
5 38 29 5387 42
48 50 47 7152 87
48 38 47 8424 99
12 44 28 5574 40
29 25 6 5947 60
32 6 40 8022 98
22 17 26 4593 73
26 38 17 8450 57
7 18 27 6086 71
46 13 5 7076 96
20 7 8 1069 17
22 10 30 8450 101
37 38 45 2094 98
19 31 30 7249 32
49 19 27 5699 27
16 40 39 6620 20
28 49 6 6927 69
21 20 46 5131 38
24 31 33 7857 80
19 43 45 2412 66
40 34 41 8726 69
33 46 11 6006 79
24 15 48 6771 83
20 42 41 8685 99
16 16 8 7660 103
18 27 39 8709 19
21 6 36 7507 39
37 35 17 7282 101
6 15 18 6497 48
35 8 45 7333 22
29 22 33 3567 43
35 5 10 8603 78
20 8 31 8231 10
19 21 42 5282 96
30 23 9 6919 57
36 44 42 2296 63
33 14 19 8571 36
50 7 28 6948 19
21 25 34 5030 20
47 33 47 5461 47
31 12 23 7604 64
31 21 11 5813 87
29 46 42 7260 89
10 35 20 5464 62
6 50 21 8231 99
23 10 21 4773 45
27 34 25 5990 53
9 50 47 1771 37
15 23 7 8564 72
29 49 22 6060 98
45 41 36 4556 6
13 28 47 6769 53
36 34 40 8680 93
50 12 6 7777 56
11 31 23 2027 25
41 26 49 7831 58
5 28 20 7052 91
50 48 18 8106 19
39 8 16 8242 83
10 14 23 6768 49
45 12 24 7472 57
48 34 24 8279 97
48 46 42 6764 103
39 9 8 6447 74
20 36 19 3217 63
21 36 21 2818 26
27 8 35 2371 35
30 22 8 6234 49
16 11 8 5990 16
32 15 38 3001 85
23 6 10 8032 25
44 48 43 7982 99
49 34 46 4427 35
21 32 37 1886 16
10 24 14 1290 7
11 32 33 407 91
12 14 30 4593 97
24 6 36 7136 18
33 29 44 6314 59
36 42 7 3540 24
33 44 39 8700 57
11 33 14 4389 24
30 23 23 7668 65
23 15 14 5105 58
30 35 7 6742 96
17 26 30 6793 24
28 37 39 1749 39
8 39 16 5496 61
31 22 43 2020 84
9 9 21 7413 11
18 30 47 8374 43
22 15 20 6884 74
42 27 39 4781 77
13 49 18 6727 64
35 20 47 2556 97
46 13 36 5492 49
5 39 27 7899 58
20 45 27 3715 76
20 9 5 6908 9
9 33 43 6945 7
38 10 18 8215 80
19 34 22 4403 25
7 38 35 6860 104
26 30 23 5744 16
22 13 8 4215 95
20 47 22 7002 66
37 21 34 8463 83
14 30 12 3805 75
34 27 43 3143 63
37 46 28 6334 55
8 10 15 6247 20
50 9 42 6082 104
37 40 29 8267 44
39 34 28 4080 75
12 31 22 5735 81
41 18 43 7834 51
25 25 44 1785 41
28 13 24 8484 75
44 48 21 7638 38
25 14 41 6087 44
36 47 23 6800 80
20 5 8 4626 33
27 35 11 5210 36
18 21 38 8306 27
27 38 36 3765 77
28 48 28 8282 49
21 42 24 1575 61
13 31 15 1070 69
37 15 42 5318 98
23 15 50 4548 58
17 37 39 8679 86
41 15 38 8411 82
23 14 8 7813 8
22 43 29 8099 12
48 17 24 8668 92
18 5 47 8705 20
29 21 39 1962 76
48 23 23 2776 60
42 15 20 8365 45
30 43 41 282 70
37 21 45 8562 64
26 27 35 5989 10
18 35 40 4264 77
46 20 18 4327 86
13 18 37 8381 29
16 15 20 7168 90
26 5 49 4996 45
22 18 21 8601 42
17 30 37 7888 27
17 30 21 5265 52
13 32 7 5934 14
15 30 43 4892 102
36 13 13 8305 64
23 29 47 4231 41
7 38 24 6039 60
41 38 12 8079 81
15 39 14 2492 14
32 46 13 8571 70
26 18 25 6453 94
12 20 33 7927 85
8 10 46 6627 42
14 37 16 6262 35
23 12 25 8508 43
39 22 42 5530 96
26 45 49 3338 83
27 5 44 3790 69
31 17 14 7970 61
39 42 22 6558 22
12 29 19 4144 63
7 25 9 5771 33
36 34 42 6678 66
14 12 42 8551 47
41 6 42 7277 20
18 14 34 3386 43
8 9 32 7098 49
49 6 11 6480 93
13 5 33 7901 33
6 33 35 6666 99
28 20 44 7803 32
42 36 32 7224 22
20 24 13 8586 29
47 22 49 7532 97
23 9 10 2902 88
40 16 36 2162 59
11 30 30 2422 94
42 35 32 6958 90
18 48 41 7657 24
6 15 5 8595 88
46 39 26 5661 27
27 13 34 6934 43
20 9 45 7014 55
36 40 40 6692 52
28 8 17 4793 97
22 26 15 4438 84
45 33 28 3341 88
45 24 50 8136 77
39 16 39 6902 18
26 23 36 8290 14
46 24 37 1266 64
25 38 23 8390 87
32 50 37 7439 27
27 29 44 7401 96
15 6 20 7993 27
21 20 15 4276 76
23 42 18 7500 17
24 27 38 6372 38
35 38 11 2499 102
33 13 20 6929 10
15 49 8 1823 80
16 44 8 1550 54
38 25 8 7816 80
23 32 9 588 90
48 20 11 5363 77
15 29 18 7893 20
8 49 30 5719 72
30 16 40 8115 49
12 19 35 6281 26
29 21 19 6622 78
40 48 7 8122 44
37 32 6 6558 39
16 15 33 6475 7
18 24 36 6813 52
40 43 46 6982 72
13 38 7 5730 75
13 36 16 4023 97
19 48 33 4902 21
9 50 9 6794 69
44 47 50 4673 21
20 50 15 5890 9
19 39 16 6216 30
43 49 32 3421 73
18 11 45 8402 86
26 7 8 8656 53
6 41 15 6402 68
46 36 36 8134 38
35 35 43 8455 74
19 11 10 3250 19
26 10 5 8559 89
47 6 50 7933 93
8 35 35 5101 8
16 30 18 8011 41
14 20 46 5835 104
35 9 24 8299 29
40 15 44 7818 89
27 38 24 6723 34
30 34 46 4219 79
46 11 48 5164 29
10 45 47 7755 87
49 12 21 5227 101
24 48 6 4882 48
41 35 11 8157 38
39 41 13 7864 8
10 36 8 4000 79
42 47 46 7474 102
43 19 36 7668 58
21 8 50 5530 29
41 35 10 5992 85
32 40 49 8142 14
42 18 38 8110 17
49 44 21 3266 94
7 46 42 5609 94
29 23 14 5680 77
44 40 46 7337 55
36 35 39 5735 26
47 43 25 2030 88
36 14 37 8205 85
27 8 38 1704 97
