350
2 1 5 1997 6
5 2 4 648 9
14 9 10 1417 4
3 9 8 274 1
19 18 20 959 1
17 14 12 2163 4
17 15 16 1862 7
17 1 8 3496 5
5 19 6 2302 1
18 4 19 3149 5
19 9 3 1105 3
17 6 5 1490 7
17 8 20 3173 9
1 1 9 3310 4
6 10 4 3453 5
20 9 6 947 2
19 20 19 2185 1
5 12 2 2563 1
20 16 11 987 10
3 6 13 2477 3
11 17 15 1838 7
4 4 1 299 9
1 20 17 1632 3
3 4 6 2629 10
3 17 18 2270 10
17 1 6 2940 2
12 8 9 3677 3
9 4 7 3315 6
12 18 5 1218 2
16 4 20 3048 3
4 17 2 2786 3
11 3 5 669 6
18 15 18 862 10
17 12 17 3595 2
17 19 5 2566 4
19 11 20 1702 3
1 1 8 136 6
5 4 19 1787 9
5 17 4 419 9
14 19 16 1934 1
6 12 17 896 4
8 19 3 3296 9
12 10 2 2396 4
20 19 10 1146 9
18 16 13 1929 7
11 20 3 3279 4
14 6 18 2682 7
14 11 9 1520 8
2 19 5 1278 3
5 4 15 726 8
7 6 5 2812 3
19 18 18 810 5
18 15 15 2396 4
4 4 16 3491 6
15 16 5 122 2
15 9 15 3731 9
20 4 20 1551 1
2 17 17 2026 2
10 16 2 3148 8
11 5 13 540 10
15 18 13 3833 6
11 20 13 3001 3
1 19 11 2503 10
16 5 5 3437 10
4 4 12 1467 3
4 17 14 2089 5
8 18 13 513 2
4 8 4 3498 4
12 8 18 3639 4
17 5 17 324 2
2 10 18 3432 9
13 14 2 697 1
9 10 9 2041 4
6 1 18 1116 6
9 1 2 3843 1
10 10 2 3420 1
2 13 9 1925 5
14 2 15 3611 6
17 17 13 1456 3
15 5 3 3394 9
20 10 12 2738 4
14 18 16 1191 1
10 1 8 2182 1
6 12 16 278 9
9 20 9 1568 7
11 11 5 2571 10
12 15 9 2375 7
6 6 10 171 8
14 20 11 313 3
13 11 6 554 10
4 7 7 1232 6
8 13 18 2969 3
9 14 13 1520 8
15 8 9 1885 9
12 2 2 1497 3
17 10 9 1324 9
15 17 12 3380 6
4 6 16 1039 7
3 15 15 934 8
18 10 7 1938 5
10 4 16 1855 4
1 17 18 2435 4
6 5 17 3887 2
14 7 15 2845 1
1 9 11 2788 7
18 20 12 452 9
1 1 15 2868 5
10 20 19 2543 5
17 11 12 3818 3
6 10 8 1078 7
6 1 17 623 6
6 14 4 558 8
3 10 13 454 3
9 11 17 1040 6
8 14 9 2737 9
11 5 1 1802 10
16 11 2 730 6
15 10 16 3903 3
20 11 2 991 7
3 18 19 2340 1
11 8 14 2880 4
20 4 5 3610 3
2 12 9 1043 8
19 14 11 1000 5
6 2 2 2722 1
11 6 19 746 2
13 6 10 2554 3
7 17 16 1975 5
3 20 5 1958 8
11 11 11 2600 1
1 5 13 2393 4
18 4 8 3842 3
12 20 7 1048 2
3 16 13 142 3
3 16 3 1831 4
5 14 5 2733 6
20 9 14 2424 8
16 8 8 352 7
10 17 20 3743 9
20 11 2 3251 4
12 17 19 989 6
17 2 19 872 8
2 10 18 724 8
9 15 18 2705 5
11 4 10 3799 2
2 17 9 2137 6
9 2 9 2578 4
5 19 7 3319 4
19 3 4 300 8
5 19 4 3281 7
8 15 12 3635 7
4 14 15 1090 5
17 10 20 367 6
16 6 7 1906 10
7 15 18 2140 3
11 17 5 2462 8
16 10 4 1540 2
19 11 6 3318 8
12 5 12 3722 3
1 7 7 552 4
10 18 3 397 1
17 11 8 1830 3
7 2 20 3828 4
9 12 14 1327 10
6 1 18 2973 1
14 19 10 3652 5
1 15 8 2902 8
16 3 18 2283 9
12 14 1 685 9
5 15 8 2985 10
8 1 3 684 6
10 20 6 2609 9
8 18 12 2240 9
2 6 14 3502 5
19 11 7 794 10
2 14 8 3069 3
14 1 17 99 10
10 15 9 855 9
12 5 5 3490 5
1 20 15 2549 2
13 3 15 574 7
7 18 20 3024 4
5 2 13 3068 5
1 14 20 170 8
17 4 4 996 2
6 18 6 2125 5
12 9 17 3549 4
15 15 16 3255 2
4 3 9 1605 3
15 16 20 2204 3
2 19 15 1404 8
19 2 5 2213 9
1 9 7 2518 6
6 3 20 781 5
7 5 3 715 5
3 9 8 1068 9
5 2 14 1957 6
19 1 19 2363 10
7 7 4 1629 6
14 17 4 352 9
5 9 16 1728 5
1 6 16 3529 9
15 6 18 648 1
6 18 15 3264 7
5 13 1 1732 5
1 17 17 3210 7
17 3 16 1405 1
19 19 5 1263 3
19 12 12 2023 8
8 17 5 2736 7
5 13 10 3688 9
7 9 8 391 10
5 12 1 398 5
19 16 16 1180 7
6 7 13 250 9
4 15 18 2083 2
12 14 16 2033 7
3 10 4 1177 6
19 13 14 3123 9
8 18 2 3744 6
16 17 8 421 1
4 8 7 2849 4
2 10 1 3394 8
18 16 4 3263 1
14 11 18 3097 3
7 10 6 3915 8
5 1 6 3415 7
9 18 6 1588 5
17 14 8 1362 9
16 13 14 1144 7
12 8 9 958 3
17 20 1 2775 6
17 16 16 2287 3
19 6 3 3852 2
2 10 5 2395 7
7 19 17 1668 10
11 13 14 1481 4
5 15 20 406 9
19 3 19 702 9
4 19 9 630 5
3 9 4 846 3
19 4 16 2909 6
19 12 10 1577 7
16 16 9 1463 6
9 7 5 536 4
4 4 5 1605 7
17 17 16 2479 7
1 6 10 3348 6
14 19 10 1715 5
4 4 17 3287 10
2 9 9 2853 9
19 7 7 3147 4
16 2 19 2129 7
20 13 16 3518 3
9 11 16 67 9
20 4 12 2863 4
4 10 20 231 5
8 20 3 337 10
7 13 4 1217 4
20 10 20 261 3
19 12 6 667 6
4 6 14 1667 8
20 3 1 2370 9
19 7 2 2664 8
8 20 10 3167 9
1 5 4 474 2
17 8 3 1966 1
8 14 10 1149 10
12 14 4 3609 5
1 13 15 563 2
14 19 8 316 5
8 16 5 3804 5
10 2 15 2941 6
15 4 15 2712 8
2 6 14 3712 2
13 20 5 782 8
11 14 15 3351 5
1 12 14 1500 8
16 11 17 2798 7
14 1 7 3360 4
11 2 2 3464 7
8 4 4 1557 2
17 5 3 616 7
3 20 3 2350 1
6 13 9 2299 9
11 19 10 1062 1
16 8 14 2077 7
13 10 8 3554 10
10 7 16 3903 3
6 14 4 175 3
9 20 19 3017 10
15 10 18 3449 5
14 3 9 666 2
13 8 12 3787 4
3 7 4 2212 10
5 3 1 1162 2
18 1 3 1424 4
1 16 10 2622 10
3 17 12 1761 10
6 10 6 2455 6
3 7 16 2353 9
9 6 18 880 1
19 13 2 3804 4
8 15 7 1334 3
14 2 11 848 9
1 20 5 1477 10
4 11 18 605 10
5 18 9 3374 7
1 16 20 1373 1
13 2 7 3304 3
15 5 2 3794 6
10 6 17 1230 6
12 7 1 2761 4
3 3 9 3627 3
13 4 6 1896 8
2 12 12 3117 9
15 19 13 490 1
12 8 13 113 7
10 10 13 2189 3
7 11 14 1219 7
11 17 6 3263 2
6 1 16 208 4
6 8 5 2862 10
15 2 12 1721 8
6 1 6 1395 5
4 2 12 2606 10
16 12 17 2650 7
11 4 8 3783 1
8 5 8 482 3
4 20 16 1737 5
4 19 7 3251 6
10 16 7 1532 3
19 13 14 1798 1
19 17 9 3097 5
10 1 5 1565 6
16 18 10 1746 2
7 11 5 1278 1
20 1 8 3677 3
12 15 7 408 4
13 11 1 664 10
6 12 4 1246 7
9 20 5 1247 10
2 19 8 822 3
20 19 20 126 6
4 1 1 1179 2
5 2 13 3384 10
15 5 13 3694 10
20 11 4 1408 3
7 1 20 366 8
1 10 17 3229 10