150
20 35 7 1462 21
19 36 43 2572 26
25 5 26 3766 60
20 29 12 4010 48
23 12 8 3126 42
11 40 30 3777 62
7 38 27 3524 66
11 23 22 3004 98
50 12 10 2015 28
18 47 15 3049 15
38 22 33 3867 74
37 49 48 2450 44
21 11 26 3972 69
21 27 34 3637 75
45 29 46 3909 66
37 41 8 3773 91
23 50 37 3722 74
35 31 18 4066 90
23 12 21 2684 91
15 29 15 1757 75
19 48 29 2827 92
31 35 48 2484 14
6 22 12 2562 82
48 33 8 3973 95
10 46 29 2087 56
16 20 23 4086 36
44 19 15 2970 29
29 27 13 3929 66
35 39 26 3201 56
41 35 5 3842 52
5 8 40 2832 54
18 31 43 4304 33
19 49 43 2779 104
32 16 28 1479 34
9 15 5 2098 86
49 46 23 3000 103
32 23 11 4068 35
13 18 5 2903 80
35 6 43 1305 14
26 27 16 289 28
38 5 43 2472 54
45 23 45 2841 96
40 6 40 3199 48
17 29 13 4120 75
44 36 43 2164 101
50 8 44 3227 34
20 8 9 2654 80
26 28 23 3376 26
39 31 5 3064 9
29 13 17 2583 51
45 8 44 859 86
13 32 34 3646 44
49 34 21 3121 99
10 9 38 4209 80
17 50 14 2487 89
19 26 20 4105 50
8 36 26 2124 68
31 23 37 3169 80
47 11 36 3370 38
33 25 18 3473 12
7 23 8 3696 59
17 37 34 601 93
10 14 17 3152 38
14 30 46 4090 13
43 30 27 3917 5
50 46 14 3674 65
45 43 12 4321 49
49 7 47 3583 102
43 27 28 1767 68
31 26 41 1864 13
41 29 21 2825 60
37 46 47 2953 104
39 30 31 4253 94
28 5 37 2873 31
15 7 33 3370 66
48 43 7 4103 43
48 31 11 3569 14
24 42 49 2493 28
12 50 26 4045 7
24 9 26 1959 104
37 7 42 3846 66
43 8 6 1861 34
18 28 49 1483 34
23 27 35 3804 82
31 43 11 1514 83
18 7 14 4202 22
19 48 16 3471 58
31 29 45 3237 22
18 19 30 2947 36
28 29 30 3283 87
42 50 35 3182 79
40 8 50 2695 90
32 44 48 2915 84
49 18 27 3929 38
36 7 33 4199 94
24 7 33 967 25
17 45 26 3226 19
20 33 15 2272 7
49 42 22 2166 43
36 25 35 3890 61
41 43 25 4277 88
27 20 42 3757 40
36 39 13 1409 40
5 25 36 2556 48
38 43 8 3187 17
13 44 5 2335 88
47 50 26 3606 81
14 26 18 841 42
13 35 42 2627 59
14 8 21 3336 81
41 15 10 1524 104
25 46 34 1622 60
18 18 50 1693 63
38 33 31 2486 30
6 21 14 4063 37
27 20 14 4046 6
37 6 31 3828 56
31 35 49 2835 78
42 22 26 704 84
19 16 45 4167 101
32 42 30 2721 23
40 6 19 2090 25
32 30 43 4092 61
18 9 22 1977 104
9 44 45 2168 6
33 30 48 1915 68
5 34 40 3287 53
47 36 34 4042 67
36 50 45 3411 58
45 17 18 1894 100
9 12 38 836 23
7 34 10 1173 51
34 12 35 3593 55
33 14 10 2187 5
19 32 6 1012 38
13 10 41 2847 33
28 5 24 2475 96
39 7 12 3262 49
30 48 12 1824 89
30 44 9 3957 50
24 36 34 2665 95
43 36 50 4241 33
34 44 30 3277 79
5 33 25 3804 56
34 10 50 4093 84
37 6 29 2014 45
33 5 10 3995 55
12 45 11 3631 38
30 8 11 4011 54
18 33 5 1473 99
