350
6 33 29 10233 77
48 35 17 9661 20
46 13 44 9332 35
9 12 25 9821 98
38 38 18 10079 79
26 5 23 7988 84
24 28 11 6560 38
40 37 28 7165 41
17 7 11 7318 6
45 9 33 9178 75
35 14 36 9491 97
50 20 17 8676 65
30 50 36 4362 102
12 15 39 7055 41
38 6 15 7527 86
43 22 17 8905 31
46 41 16 8941 61
9 45 10 6987 83
22 29 27 9279 32
20 47 29 6155 61
21 36 19 9537 45
31 11 16 7328 80
29 19 22 9688 64
20 24 28 6919 10
5 10 42 3088 48
35 5 29 9231 94
47 15 19 7872 7
41 9 33 9292 50
25 14 34 7166 32
12 35 43 7512 69
40 48 50 2971 28
11 30 35 5491 16
17 5 30 8200 82
15 27 29 5266 81
7 22 40 288 93
42 10 8 7300 30
36 32 31 6489 13
5 10 19 9296 32
5 25 27 9654 18
11 8 31 10294 37
40 11 17 7997 19
8 6 32 10309 70
37 45 28 10286 59
15 5 15 7498 22
24 46 43 7274 23
18 48 21 5565 37
44 48 27 1514 70
50 41 12 6682 97
30 13 50 140 54
40 18 8 3407 49
16 47 37 10166 31
50 46 16 9179 74
47 17 21 5019 37
25 28 45 4289 102
43 13 36 10284 91
41 5 5 6325 46
27 9 36 632 71
15 23 38 9309 71
15 8 32 9992 58
27 15 40 5493 86
11 45 34 10108 58
47 37 25 9971 30
21 14 19 7016 97
31 35 37 9218 81
43 17 10 7524 19
14 19 44 7151 36
29 49 28 8595 8
16 5 33 9096 91
43 16 34 8560 30
35 9 18 9452 72
16 7 5 6904 30
12 38 29 1591 72
10 9 27 9051 7
27 20 5 942 67
34 44 33 2691 7
10 12 16 8322 79
28 7 47 10279 15
45 28 8 3971 93
15 17 49 9003 102
43 15 33 9028 68
5 47 6 5122 61
19 48 46 4490 9
29 16 35 10098 23
27 18 48 8202 12
34 29 7 3213 83
14 8 43 7911 103
41 42 38 9944 84
39 16 28 9451 65
43 33 37 9197 71
46 11 48 8838 66
37 40 45 8460 79
50 39 23 7435 34
45 16 44 8351 74
9 31 23 10248 91
18 27 30 6794 93
27 41 22 5384 30
48 46 44 9962 74
22 41 20 9035 13
24 45 33 4528 86
12 35 5 8802 45
28 43 6 4750 58
10 12 46 10172 8
22 30 19 7712 74
34 36 42 1676 84
13 27 35 10162 95
41 27 24 3850 82
28 8 18 7577 43
44 30 36 8147 80
43 29 32 9787 48
5 39 26 9446 36
45 38 24 9966 45
34 5 38 8014 25
35 25 26 7869 78
43 49 12 9834 35
20 35 34 9669 50
14 9 47 4516 6
7 17 11 9976 104
45 14 42 10078 40
47 12 9 8140 7
30 7 31 2373 41
7 28 12 265 28
37 25 21 7932 97
42 26 48 9245 21
21 17 17 8021 63
26 19 36 6539 47
21 10 22 10070 21
24 43 32 3742 58
22 41 48 3833 98
33 15 43 7987 9
31 39 20 8409 35
7 14 5 8969 80
20 16 5 5718 73
6 14 8 3936 21
21 48 37 2378 12
13 22 26 9394 77
36 9 5 8505 55
33 32 15 2359 79
50 39 9 8255 32
9 24 7 7803 19
18 49 38 8994 15
23 22 30 765 38
45 37 7 9317 85
42 48 13 9544 83
5 15 31 8989 18
34 45 44 8958 58
31 8 10 7933 67
22 47 7 9495 34
29 34 29 6246 17
16 5 20 7765 84
45 13 28 6747 94
26 49 9 6297 83
30 10 38 9134 46
32 48 45 10314 62
37 21 39 10188 53
8 44 10 6419 94
13 36 22 9690 45
35 46 43 5407 86
9 9 45 8098 75
12 44 38 8122 76
28 33 38 7205 58
6 24 42 8668 69
27 30 40 5894 19
12 21 21 7659 65
43 23 13 8227 65
8 50 27 10238 30
43 7 43 8650 71
20 16 16 7587 85
33 30 9 3566 16
40 44 44 369 37
23 24 45 7416 71
13 18 43 7847 46
35 21 25 8616 46
50 17 31 10237 42
19 11 38 9616 42
36 18 41 9252 39
5 50 49 9537 82
10 36 40 4283 102
13 35 15 8987 67
32 12 43 8368 8
20 6 15 5583 14
35 9 36 3894 82
40 26 17 9248 65
29 20 13 6166 21
46 20 40 8913 91
50 49 5 8776 86
17 19 14 10011 90
50 8 28 9712 63
48 18 47 4723 23
5 11 36 5661 72
50 18 42 8053 83
38 9 48 9921 28
5 14 6 3668 32
13 46 11 6007 11
28 17 12 9768 25
37 35 34 3192 86
12 31 46 9454 25
39 13 12 8277 5
21 49 29 10085 43
22 48 9 5625 86
31 9 43 9356 85
26 41 23 5022 17
5 14 29 7405 37
40 34 37 9913 97
24 32 14 9357 47
29 6 20 4755 75
10 39 14 9930 42
16 46 29 9964 9
37 21 38 4336 37
9 43 44 10209 79
25 28 20 5849 16
39 16 43 8876 89
30 49 37 8852 44
10 10 50 4645 68
47 38 38 10057 9
41 24 37 8193 104
19 29 26 9124 61
39 6 23 5499 54
22 35 15 9766 22
20 48 41 9765 95
44 49 44 9410 67
40 34 15 5030 83
47 10 33 10302 57
37 21 43 8864 62
19 32 25 8988 56
33 28 32 2870 26
13 24 39 9632 75
18 29 20 8728 100
45 15 12 9902 11
46 11 13 5629 72
32 8 42 9599 13
6 40 7 8432 74
31 14 32 7561 70
35 31 7 3673 60
25 6 17 5660 84
10 8 36 10179 96
17 15 31 8037 24
28 42 49 9975 88
40 19 49 8432 67
8 34 21 7510 80
46 26 30 8305 8
20 27 20 5441 40
47 50 42 6847 100
49 47 19 10150 32
14 26 14 9607 57
29 34 17 4757 100
28 9 33 5649 17
27 23 34 7340 26
39 12 36 8950 90
19 36 6 9911 42
16 42 33 6352 89
50 5 5 1283 81
46 49 40 9876 54
5 10 23 5233 62
43 47 7 8343 58
33 50 38 4878 45
7 22 30 4449 93
5 34 32 6314 54
49 48 5 9886 70
35 20 23 8901 76
43 26 36 8275 44
29 12 31 5086 41
8 7 13 9636 99
42 14 29 4999 75
36 11 45 8511 36
10 33 35 9800 28
13 48 41 6494 17
43 25 49 5742 93
29 11 15 9687 32
48 41 28 6740 53
37 8 41 3959 85
29 25 37 6579 32
23 47 21 8455 101
32 20 39 7348 16
9 33 5 9847 40
27 16 34 6804 6
22 12 19 9950 82
42 35 21 6618 58
29 48 16 4682 72
35 27 31 8668 103
19 18 36 6176 33
26 12 35 8237 104
43 29 42 9415 33
5 34 24 9734 5
12 14 42 8346 66
31 11 26 8726 14
21 28 45 1111 54
17 37 50 6859 92
29 40 5 5674 45
7 29 15 7453 94
34 47 18 7573 20
29 50 24 7172 79
48 14 9 9737 39
5 15 50 9985 15
13 6 14 6565 28
39 11 45 4591 81
6 15 30 8620 86
8 19 41 9430 50
38 11 43 8934 58
50 47 7 7238 83
35 35 10 4440 98
11 28 22 9470 11
17 7 26 7207 80
27 50 29 10137 38
16 5 41 5980 76
40 41 40 5443 74
37 15 48 3960 93
13 24 30 9029 95
32 21 21 9240 31
9 20 10 6510 45
32 41 16 8909 28
33 32 23 7491 8
20 28 11 9051 67
40 27 39 9594 103
9 9 42 9678 20
24 13 49 10028 67
5 13 31 9728 76
22 39 31 9525 17
48 31 49 9094 11
22 9 20 8706 20
33 36 36 5645 95
50 34 18 9589 20
30 5 17 7524 85
31 24 19 5825 19
44 18 41 8311 81
45 35 8 9759 61
21 42 38 7391 85
20 42 38 6037 42
42 40 46 10023 47
49 15 49 6690 31
33 24 36 6526 20
21 38 40 9061 58
34 42 43 2853 25
15 32 22 3220 104
19 5 18 8758 88
12 40 37 10269 30
20 12 46 7704 86
22 48 21 1025 15
27 33 22 5497 39
13 9 30 7929 12
34 13 37 1225 28
37 35 19 9270 27
33 46 43 8832 48
37 49 42 3284 91
33 7 29 10307 54
36 15 15 9539 81
22 32 40 9926 93
11 32 27 5786 100
46 38 16 5673 68
32 12 27 2905 65
44 10 10 10161 81
