50
12 35 12 1159 33
8 40 40 387 54
19 49 47 727 77
38 31 41 1492 70
28 20 19 652 16
36 18 46 1510 52
30 39 46 369 39
18 46 47 321 23
12 39 31 1486 79
19 14 33 660 61
13 7 34 1080 76
11 42 20 1239 89
26 30 36 1052 21
38 16 33 1324 69
16 27 44 821 5
17 36 13 1158 65
47 43 32 1372 6
6 14 48 980 60
33 6 27 574 74
23 31 40 1407 55
44 23 39 1438 11
28 34 7 611 42
9 50 36 1227 5
41 11 50 862 93
20 41 26 630 54
16 22 27 338 46
12 20 36 894 8
44 38 33 767 102
50 42 20 1289 59
19 13 23 758 5
50 6 10 1472 44
40 14 14 1532 44
19 13 35 1247 57
38 43 50 1489 48
33 5 43 1648 21
48 47 5 493 101
6 47 12 1183 44
43 21 47 693 41
43 17 9 1124 84
41 46 20 1197 33
12 8 22 1512 28
38 47 37 614 88
11 13 19 1604 88
40 20 25 946 15
22 39 39 973 44
9 38 16 597 29
22 44 45 500 11
41 22 11 238 94
28 21 23 739 16
6 10 21 706 76
