350
6 3 2 1432 3
1 4 7 496 2
3 7 1 190 1
5 1 3 758 1
7 3 7 1266 7
3 7 5 1429 7
2 5 5 88 5
5 7 5 362 9
7 3 4 1381 8
7 3 5 1381 4
7 2 2 354 1
2 3 2 96 9
1 4 6 1295 7
7 3 7 299 5
3 7 7 623 7
7 3 7 1417 5
2 2 2 1144 2
4 6 3 221 1
3 3 7 1259 2
1 6 5 871 6
7 7 3 1154 3
4 5 4 1446 8
4 5 1 156 3
5 3 5 109 6
1 5 6 289 8
3 6 6 1455 1
3 2 7 396 4
4 5 6 339 3
6 4 6 576 9
3 3 7 1149 6
2 7 7 354 5
6 6 2 1312 5
3 1 5 935 2
4 1 7 1416 7
6 2 1 959 1
6 1 1 708 5
5 4 2 882 2
4 3 3 551 2
6 4 3 1136 7
4 5 5 1048 1
2 6 2 640 2
6 3 6 1027 6
1 2 5 1027 9
3 1 1 265 8
2 6 7 646 9
6 2 5 1423 5
4 5 2 394 3
3 2 7 460 1
1 5 2 527 5
5 7 3 145 5
7 2 5 1369 9
7 2 4 567 9
3 7 3 826 9
4 3 5 1250 9
1 3 3 873 9
5 2 3 1363 3
5 4 7 475 6
6 3 4 262 5
5 6 2 824 7
7 1 6 1392 2
2 5 3 1249 2
3 2 4 1174 2
6 1 1 1289 1
1 7 4 1279 5
5 1 6 544 1
5 3 5 721 5
4 1 5 526 3
2 5 7 976 4
4 4 5 569 8
7 6 4 373 2
6 1 7 797 8
7 7 4 311 3
4 2 5 1017 2
5 3 6 1176 1
5 7 7 1028 2
1 7 7 264 9
3 2 1 411 6
4 1 3 305 1
6 3 1 346 9
4 2 2 606 6
4 4 3 182 6
3 5 6 130 7
3 2 4 776 3
4 5 4 860 1
7 6 3 442 6
5 6 1 759 3
2 5 1 610 1
5 1 5 647 6
2 4 1 599 2
1 5 2 304 2
4 7 2 594 4
2 5 4 151 7
7 3 3 308 6
1 6 7 581 3
6 6 4 477 8
6 1 6 459 5
2 5 3 310 4
5 7 2 1421 9
4 6 7 693 2
6 3 7 978 3
3 5 2 1273 6
6 6 7 396 7
2 5 7 601 3
4 3 3 442 9
2 4 5 924 8
2 6 1 1163 8
7 2 3 234 7
2 2 3 924 2
2 3 3 445 9
2 1 7 371 9
3 2 4 548 4
5 5 7 321 9
2 5 4 127 1
7 6 6 1033 4
7 5 7 1299 8
6 6 1 504 6
6 7 5 1374 4
4 1 4 1454 3
7 1 3 1359 5
6 6 4 407 8
5 1 4 581 3
7 6 4 321 4
5 7 2 137 5
1 1 4 1416 1
2 4 1 113 3
7 2 6 828 3
3 2 6 1268 8
6 4 2 956 9
7 4 2 1145 3
7 2 3 1152 7
2 3 4 888 5
2 2 1 1210 7
6 7 1 983 8
7 3 1 863 8
4 1 2 790 5
6 7 1 1173 9
1 7 5 180 7
7 4 6 1264 2
4 6 4 707 1
6 1 3 1425 1
1 6 6 107 3
2 1 1 502 3
3 2 1 931 6
2 6 2 143 8
4 5 5 1262 4
1 7 5 379 1
2 3 1 140 9
4 6 2 922 1
6 5 3 1354 6
4 3 6 1219 8
4 4 1 1219 6
2 7 2 825 6
3 2 3 1191 2
2 3 1 13 4
5 5 2 400 5
7 4 1 621 5
6 5 4 182 4
1 7 5 616 6
1 3 4 146 4
1 2 2 241 5
7 6 1 82 1
5 3 3 624 1
2 2 3 671 4
5 7 6 1447 7
6 5 3 792 1
4 5 2 284 2
5 5 6 67 3
6 4 3 1007 6
1 1 7 416 3
3 7 1 536 2
1 5 5 846 2
1 3 3 1380 5
1 3 7 1076 9
5 4 1 553 6
5 5 7 192 6
6 7 7 555 3
2 1 2 515 6
7 2 3 695 2
1 5 2 800 7
1 6 6 879 8
4 4 4 398 5
4 3 1 563 7
5 2 4 1288 8
7 2 3 973 9
2 4 1 674 5
2 5 3 123 5
4 1 2 978 8
2 3 5 262 9
7 7 4 286 5
5 7 7 56 3
7 1 6 1045 7
6 7 5 1285 5
5 4 3 62 8
1 6 1 671 9
5 3 7 913 8
6 3 3 87 5
7 5 6 184 8
1 4 3 911 9
7 4 3 1423 3
1 1 1 825 4
3 4 2 628 8
5 7 2 1002 3
3 1 5 938 6
1 5 7 713 8
1 5 4 666 8
4 6 5 1236 4
4 1 7 1229 1
7 6 1 685 6
2 7 3 595 6
3 5 5 960 5
2 3 4 965 6
7 6 1 967 9
2 3 5 27 5
3 3 6 1011 2
7 6 1 84 2
6 5 6 359 6
5 5 5 350 4
7 1 1 440 6
4 5 4 1320 3
6 5 3 1384 1
4 2 3 899 3
5 7 2 1324 8
4 6 1 757 5
2 1 4 1352 6
5 4 6 735 7
1 2 1 1361 1
7 4 2 439 9
7 7 4 340 1
1 1 4 837 9
4 2 4 1302 4
6 3 4 1079 2
6 2 2 236 4
1 7 6 506 2
3 5 7 947 7
7 4 1 896 2
7 5 3 729 8
5 1 1 295 4
3 5 3 1415 2
3 1 7 1063 8
4 1 1 40 5
3 1 6 932 9
7 5 6 1161 7
2 7 4 1118 7
5 1 6 701 1
2 6 7 237 5
6 7 5 1234 7
6 7 1 176 1
4 4 4 622 8
6 7 3 1367 2
4 2 4 538 5
3 6 2 110 9
1 2 1 1342 5
4 4 3 695 2
4 2 3 629 6
5 1 7 631 3
4 5 2 943 2
7 2 3 152 2
7 4 2 16 1
7 7 6 967 5
4 1 2 1426 2
1 3 5 758 8
5 7 1 717 8
3 7 2 1059 9
6 1 7 1296 8
7 1 7 1445 4
4 1 4 333 7
4 3 3 105 3
1 2 1 563 9
7 6 6 145 8
7 4 4 1097 7
1 4 4 415 3
5 4 5 876 3
7 7 7 1171 1
5 6 2 112 5
1 6 1 499 3
1 6 4 1261 3
6 5 2 815 8
3 7 6 1470 2
7 4 7 862 7
2 4 4 486 1
5 5 3 228 2
1 7 2 439 2
7 5 4 497 8
6 1 6 344 5
2 7 2 161 3
1 7 6 1403 7
7 7 4 1347 2
5 3 1 1342 1
1 1 7 1085 1
4 4 7 1174 1
6 6 1 828 2
2 4 4 980 1
7 3 3 704 5
4 7 4 856 1
2 1 3 862 6
4 7 2 752 2
2 6 2 651 7
2 2 7 869 3
7 4 1 613 3
2 6 1 412 1
5 1 1 188 7
1 5 7 189 5
7 2 5 219 2
1 5 5 1057 9
3 7 6 1368 4
4 7 3 861 6
5 1 5 83 8
5 3 2 843 7
2 4 7 686 5
1 6 5 722 3
5 2 1 20 8
2 5 3 805 5
6 5 7 576 6
5 6 1 90 5
5 1 5 821 5
1 5 2 149 7
7 3 5 1287 2
5 5 5 337 1
2 7 3 513 7
4 1 5 1417 1
5 4 3 494 1
7 4 6 1308 3
2 5 2 331 7
6 1 3 985 3
6 4 2 429 6
3 4 6 1195 3
4 3 1 65 4
7 2 3 676 4
5 3 7 365 2
5 4 7 529 4
2 1 2 301 6
1 2 7 1010 2
1 4 7 431 8
3 2 7 896 3
3 1 4 292 9
3 2 6 1369 1
1 6 1 209 8
2 7 4 1141 6
4 6 6 1079 8
1 4 1 668 5
6 5 2 114 1
5 6 4 1368 6
2 6 6 1184 6
7 3 2 1108 9
2 5 1 492 7
7 2 1 305 5
6 7 2 1093 7
4 2 1 938 1
1 5 1 1074 7
6 1 6 977 1
