200
7 7 6 58 3
4 5 5 314 6
6 7 3 162 3
3 6 1 37 8
3 6 2 187 5
2 7 1 409 6
7 1 3 678 8
7 6 2 206 2
3 3 7 315 4
5 6 5 558 2
5 7 5 211 7
6 6 1 491 2
5 3 7 126 5
1 4 1 738 2
7 7 7 82 9
3 2 2 358 9
1 7 5 625 7
2 6 1 661 3
5 4 7 240 5
5 6 7 223 2
3 1 4 627 4
2 6 6 253 2
3 6 6 122 9
5 1 2 324 8
7 1 3 681 6
5 1 6 386 7
1 4 4 435 2
7 4 2 697 7
7 1 7 660 3
3 6 7 135 5
2 7 6 498 4
7 3 6 671 3
2 1 4 595 4
3 6 6 127 1
2 7 2 695 8
4 2 3 557 6
6 1 6 659 4
3 4 1 544 7
7 4 4 368 9
5 3 6 302 1
5 6 2 148 5
1 6 2 456 1
2 4 3 22 3
3 1 7 366 7
7 4 3 579 1
7 2 7 594 3
3 1 3 298 6
2 4 6 175 2
2 4 3 200 2
2 3 2 213 4
2 5 7 60 6
5 3 2 539 2
3 4 2 253 1
2 6 4 393 7
6 5 7 185 5
5 5 1 292 2
7 4 4 82 8
7 1 1 290 9
1 1 6 253 2
6 4 7 499 4
5 2 7 545 4
1 3 4 480 2
2 3 3 769 7
3 7 4 615 3
7 3 4 832 7
2 6 6 623 1
7 5 1 17 3
7 4 4 86 5
3 5 7 615 8
4 7 6 559 7
6 1 4 144 3
6 1 2 561 9
1 4 4 399 1
7 2 1 391 2
4 6 1 201 2
1 2 5 463 8
5 7 6 687 5
7 6 7 773 8
7 1 4 170 9
2 3 6 34 1
7 5 6 388 4
3 7 3 840 7
7 5 7 708 1
5 3 5 106 8
5 1 2 434 6
1 4 3 252 1
7 3 7 202 6
7 1 1 563 2
1 7 6 29 4
7 1 5 217 9
3 7 2 427 9
5 1 5 38 7
5 7 7 462 6
1 2 1 127 4
4 3 4 387 4
2 5 3 214 1
1 2 6 119 6
4 7 4 702 9
3 2 7 529 1
4 3 1 555 6
5 1 7 834 9
3 3 1 32 2
2 1 3 326 8
3 7 3 30 2
2 4 1 355 2
5 5 7 471 1
7 3 1 775 3
5 1 4 339 6
6 4 1 698 7
6 1 3 86 9
4 6 1 654 9
4 4 3 448 3
2 6 6 380 3
5 3 2 659 7
3 4 6 427 7
2 6 6 565 1
6 2 1 774 7
6 7 4 14 9
1 7 3 364 7
6 1 4 143 6
5 6 1 149 9
4 2 1 368 3
7 7 6 134 1
6 5 4 771 2
3 5 5 81 7
7 6 7 459 6
6 3 3 322 9
4 1 6 351 8
6 6 5 287 9
2 7 7 599 3
6 6 6 556 6
2 6 4 285 4
2 4 5 142 5
2 1 4 231 8
4 3 4 42 8
1 2 6 648 7
5 1 4 777 3
7 4 6 608 6
3 7 3 95 6
4 4 6 410 4
2 4 2 179 4
1 1 1 490 4
7 5 5 376 2
4 2 1 835 7
6 2 3 219 9
3 2 4 373 8
2 1 5 493 8
3 3 2 437 6
1 5 1 685 9
2 5 7 620 4
4 2 5 590 9
7 7 6 620 2
6 1 2 242 8
3 7 7 575 4
1 7 7 471 1
4 5 1 421 4
7 7 7 796 4
5 1 4 424 4
6 4 6 152 6
3 7 2 135 5
5 5 3 485 1
4 5 3 744 3
3 7 7 773 8
7 3 3 142 4
2 2 3 748 8
6 3 1 247 3
7 6 7 273 8
2 7 7 773 9
4 4 7 778 7
4 2 2 603 2
4 2 2 442 4
4 3 3 715 9
5 3 3 592 6
7 4 4 532 1
1 1 5 126 6
1 4 1 816 4
5 3 2 134 2
2 5 6 50 8
5 6 1 309 8
4 7 5 571 8
6 3 3 458 4
6 6 2 421 9
7 2 2 712 1
6 5 2 401 9
3 3 3 254 7
5 4 3 258 3
2 6 3 241 2
1 5 3 488 1
2 2 2 326 3
2 1 1 548 8
4 1 7 135 9
7 3 1 427 7
7 7 5 176 7
4 7 4 807 9
4 2 2 323 2
3 2 1 134 8
2 2 2 92 8
2 1 7 736 6
4 6 3 615 7
6 1 1 499 4
