300
4 5 2 463 2
4 3 4 936 1
7 7 4 379 9
6 1 3 492 2
7 5 5 297 3
4 5 6 792 6
2 3 7 1252 2
7 6 6 279 9
2 5 3 988 4
2 4 4 852 3
5 6 3 527 4
5 1 6 605 6
6 3 2 465 5
4 1 3 119 5
7 4 4 100 2
3 6 3 460 3
1 3 4 703 7
3 2 1 581 6
1 7 5 696 1
7 4 6 286 7
6 4 6 350 5
5 3 6 496 6
5 3 4 468 9
2 4 4 319 8
3 3 6 1235 4
7 2 6 141 8
1 4 5 889 6
3 7 4 855 4
6 6 6 819 4
4 4 3 289 5
5 2 4 26 3
7 3 6 1082 5
5 5 3 137 5
7 5 5 888 1
2 7 3 884 3
7 5 6 1171 6
2 2 6 179 2
1 6 3 1130 8
6 5 4 673 9
6 1 4 266 2
5 1 3 1227 1
2 6 5 1202 1
5 3 4 722 4
3 5 5 658 4
4 6 4 171 9
2 7 3 593 1
7 4 4 130 9
1 2 1 683 2
4 4 1 742 9
7 1 4 142 3
3 6 4 179 9
4 3 2 979 3
6 2 5 32 2
5 7 3 1238 2
7 6 2 155 7
3 7 4 977 9
4 5 5 526 7
7 1 4 951 8
3 2 6 1082 7
7 6 5 17 8
4 7 2 842 7
2 3 2 727 6
1 5 7 716 1
4 5 6 682 9
5 1 2 167 5
7 1 6 102 8
4 5 7 1196 7
3 5 2 773 2
4 7 6 603 9
5 2 1 378 6
4 3 3 124 5
1 2 2 1017 1
5 3 4 418 4
3 7 2 797 7
1 4 2 123 8
1 4 3 366 1
5 1 6 737 5
5 1 5 250 2
2 5 3 43 1
2 1 4 728 5
2 5 1 1175 9
6 3 7 1241 5
7 5 6 501 3
1 7 2 421 2
6 5 1 855 5
3 3 1 339 3
1 5 4 1055 4
2 4 7 111 7
4 7 4 560 6
7 4 2 946 8
6 1 1 302 1
7 6 7 967 3
6 6 5 106 8
5 4 7 1202 9
5 5 5 506 4
7 7 1 1180 9
6 3 1 1000 4
7 7 6 1243 9
1 6 2 633 2
4 3 3 499 4
4 4 2 1182 4
7 5 6 368 7
7 6 3 524 8
5 6 3 239 6
5 3 2 248 7
7 7 3 575 8
1 4 5 866 6
2 2 2 620 8
2 5 7 307 3
7 2 1 542 4
6 5 4 670 5
7 6 6 70 4
2 5 7 1062 3
7 7 1 304 5
3 1 1 758 2
3 2 3 675 4
4 3 6 473 5
5 3 6 528 2
7 7 2 808 1
3 5 6 1109 7
5 7 2 205 6
6 5 4 924 4
7 3 1 1257 3
3 6 2 283 4
3 4 5 1065 2
4 7 6 1077 6
4 1 1 164 8
3 5 3 846 9
5 1 7 506 9
7 5 5 109 9
5 4 7 1132 4
6 5 4 227 1
1 2 3 996 8
6 5 1 972 3
1 7 1 567 5
1 7 2 1141 5
4 1 6 656 4
5 2 6 561 8
7 6 7 969 3
2 6 3 876 1
3 4 7 1128 9
7 5 1 859 2
7 6 4 521 8
2 7 1 153 7
2 2 4 630 8
6 3 2 651 8
3 3 3 509 1
5 3 6 801 8
3 6 3 257 4
6 5 6 952 7
4 1 1 524 6
6 4 2 485 8
1 2 3 227 6
1 4 6 201 7
5 4 4 178 9
3 2 5 656 9
4 1 7 381 5
1 3 3 977 8
2 1 4 335 6
6 4 4 1038 5
7 7 2 513 8
4 5 1 51 5
3 2 6 99 2
5 2 1 358 5
5 7 3 1225 3
6 6 4 666 8
6 2 3 387 3
6 3 4 402 5
2 3 4 145 4
5 3 7 849 1
4 1 6 433 4
2 1 6 408 3
3 6 7 347 5
4 5 1 748 7
5 1 3 640 6
5 4 2 679 7
5 2 1 247 5
3 2 2 189 7
6 7 6 698 6
3 1 4 740 7
3 6 3 648 5
1 6 6 781 7
5 7 6 549 4
3 1 2 470 2
3 6 6 915 7
7 5 6 33 6
6 5 5 166 4
5 2 4 578 7
1 1 7 219 6
4 7 2 556 3
3 5 5 445 4
3 7 7 65 3
3 5 6 571 3
3 2 3 867 7
6 3 6 748 4
2 7 3 629 8
1 7 5 935 2
3 6 2 220 4
4 5 5 598 2
1 7 5 93 8
4 4 1 306 8
5 6 2 322 7
5 5 2 158 4
2 3 4 821 8
6 4 1 68 7
6 3 5 383 6
4 4 1 451 7
7 7 3 776 8
5 1 4 955 3
3 4 2 1035 7
1 7 7 545 8
5 7 5 1241 1
4 1 3 875 4
1 5 7 1257 6
1 6 2 454 4
4 6 3 1234 4
6 1 7 800 4
3 1 1 216 6
3 3 7 893 2
2 5 5 821 6
3 7 3 1196 7
4 5 2 187 4
6 2 5 162 8
1 5 7 291 6
6 7 6 455 6
7 2 1 800 9
7 1 5 561 3
4 2 1 889 6
4 5 4 523 2
3 2 3 815 6
2 4 4 908 1
5 5 3 182 8
7 2 1 986 1
6 5 7 1226 8
6 1 7 864 2
2 1 4 678 4
5 5 4 723 8
1 6 2 1129 5
7 6 3 435 3
7 2 3 1099 3
1 6 5 1073 2
4 1 3 398 7
1 1 7 937 1
1 3 4 788 7
7 3 1 187 6
2 3 5 847 7
7 3 4 190 7
3 6 2 235 6
4 6 2 88 1
3 5 4 1223 3
1 1 4 1040 9
2 1 7 355 1
7 4 1 45 3
6 4 5 1082 6
7 4 4 358 6
4 7 5 990 2
2 2 5 1010 2
4 1 4 276 1
4 2 3 982 9
4 2 7 1252 1
2 7 1 133 9
4 4 7 442 7
4 5 3 816 9
3 3 7 644 6
2 5 5 191 9
1 1 2 705 3
1 6 6 278 1
5 2 3 791 9
1 5 3 113 1
7 1 4 79 8
6 2 6 895 7
2 5 2 978 7
4 2 5 25 5
6 5 5 482 3
6 7 7 548 1
1 3 3 317 7
3 3 7 1009 3
5 2 2 1058 9
3 6 1 743 3
1 2 4 1226 1
4 5 3 1087 6
4 3 3 1123 5
7 2 7 1101 5
4 5 4 743 1
5 2 7 597 5
5 2 4 509 6
4 2 7 557 9
2 4 1 573 7
5 5 6 261 6
4 2 1 51 8
5 2 4 1230 9
2 4 2 94 8
1 7 2 64 7
2 2 2 983 9
3 2 5 255 5
7 3 6 831 9
5 5 1 346 7
3 7 4 561 4
5 1 5 559 1
7 7 2 713 8
