50
3 3 6 175 9
4 2 7 58 5
3 7 6 179 7
6 2 3 206 9
5 7 7 86 8
4 3 1 122 1
4 3 1 209 5
6 7 6 34 6
7 7 2 102 2
6 5 7 132 5
4 4 2 82 1
1 2 1 109 4
7 7 7 138 9
2 7 3 133 7
4 1 7 100 4
7 1 3 179 6
5 4 3 98 1
6 7 3 89 3
4 3 6 142 3
3 4 6 203 6
1 6 4 65 1
5 2 5 31 2
3 1 5 50 3
5 2 7 120 3
3 1 4 24 7
7 6 2 78 2
7 5 3 119 4
2 1 4 188 3
1 4 1 26 4
7 5 5 98 5
6 5 4 83 1
3 5 1 187 3
4 1 1 85 6
7 7 5 59 4
2 3 3 134 1
6 3 5 174 4
1 7 3 23 1
1 4 2 14 6
4 1 1 198 8
3 4 2 144 8
3 5 5 207 4
3 5 7 117 4
4 4 6 40 9
2 5 7 102 5
4 7 7 12 3
3 3 5 56 6
5 4 4 96 9
5 7 6 64 1
1 7 6 20 7
2 6 3 210 5
