50
6 2 6 16 2
4 3 7 22 1
8 7 8 28 2
6 2 10 35 9
10 6 9 41 3
9 6 4 42 10
2 2 3 50 3
2 10 3 54 6
8 6 8 62 4
2 4 9 60 1
7 6 9 67 10
10 6 9 73 5
7 10 4 89 9
7 2 4 88 4
5 4 6 101 6
8 5 5 99 9
2 10 9 101 3
2 5 4 101 2
10 5 6 110 10
6 6 10 120 10
3 4 9 125 6
2 2 2 125 3
6 9 5 133 1
3 10 8 132 6
4 7 5 146 3
3 6 6 163 9
6 3 5 172 7
10 5 6 160 1
5 6 6 153 5
5 10 6 163 2
5 8 3 179 8
4 4 2 196 1
9 6 9 197 3
4 6 2 178 1
6 2 7 219 4
3 10 2 204 9
2 5 4 220 3
9 3 7 228 5
8 10 6 210 9
3 9 6 209 7
2 6 8 253 7
10 5 2 255 4
6 5 10 223 5
7 7 7 258 3
5 9 5 267 2
6 8 8 258 3
3 4 3 239 1
9 3 5 287 4
8 4 2 296 6
8 7 7 252 3
