150
6 8 9 23 2
7 8 3 22 5
7 7 8 28 9
10 8 6 34 10
4 5 10 40 4
2 3 3 47 1
8 4 4 50 9
2 9 5 55 1
10 8 5 64 5
5 8 6 63 5
5 4 8 69 8
10 10 2 76 1
4 2 4 86 6
4 9 7 91 1
7 2 5 100 1
9 3 2 99 2
2 2 2 112 5
7 6 6 119 10
4 5 2 116 1
5 6 4 119 3
5 6 10 136 9
3 7 9 128 10
5 3 8 136 3
7 2 4 151 7
2 10 6 151 10
10 7 8 163 1
3 10 8 172 5
6 4 10 179 2
10 4 2 173 3
4 7 10 165 2
5 4 6 171 7
8 3 8 188 7
2 9 9 180 7
6 8 2 195 9
6 3 7 187 7
4 7 8 209 2
3 4 5 211 3
3 4 5 218 5
7 9 3 235 7
7 6 3 219 3
5 8 3 250 3
9 9 6 226 4
3 2 7 250 1
2 10 4 257 5
6 8 8 232 10
5 2 6 234 10
5 7 3 246 7
6 3 9 252 2
6 2 6 278 2
10 4 10 296 5
9 8 10 293 2
2 10 6 284 6
6 7 2 320 6
9 6 5 295 10
4 9 8 313 2
9 4 6 313 3
2 9 4 326 2
6 2 5 312 3
6 7 4 329 7
8 2 2 370 10
6 6 3 333 8
6 5 10 329 9
9 2 10 385 6
5 3 5 361 8
6 5 8 368 3
10 3 2 365 5
5 2 3 353 5
2 3 3 375 10
10 10 3 415 8
4 3 9 405 1
6 3 8 420 3
2 6 3 385 5
7 2 10 409 3
8 5 4 438 2
2 4 10 407 6
9 8 3 413 10
9 8 6 397 6
2 6 4 469 3
7 10 3 447 1
9 3 6 442 3
2 6 9 452 5
9 7 3 475 6
5 4 2 454 1
3 2 8 499 4
10 8 2 466 7
2 5 9 429 10
2 4 8 509 9
9 5 3 496 1
10 2 4 467 9
2 10 5 476 4
6 10 3 485 3
7 8 5 489 8
9 3 10 514 8
10 7 9 502 7
10 3 2 501 8
9 9 9 553 3
10 5 7 536 3
5 7 3 530 9
4 2 7 551 7
3 5 2 541 5
7 4 3 567 8
6 10 5 598 10
10 10 5 536 9
10 2 5 518 3
7 8 2 544 5
2 7 5 612 5
6 8 8 570 1
10 8 3 620 1
7 3 3 588 3
2 8 3 582 4
3 8 9 560 6
6 6 10 576 1
6 2 7 578 9
3 2 6 590 5
10 9 5 681 2
5 6 3 606 7
10 2 9 597 6
3 6 6 585 6
9 9 2 624 2
8 2 2 655 7
10 7 3 640 4
3 10 10 622 10
6 6 2 712 2
3 6 5 666 2
2 5 6 634 1
4 5 4 696 4
9 10 3 693 4
8 3 4 685 7
7 7 7 721 7
8 6 8 751 5
4 3 7 787 9
4 4 5 748 2
6 8 2 651 4
3 4 10 767 3
2 3 2 671 3
9 10 10 671 4
7 3 9 695 10
4 7 6 771 4
5 6 3 690 5
7 8 2 813 9
3 8 7 793 2
5 6 2 825 10
6 2 5 847 5
6 3 5 852 9
10 2 8 716 10
7 2 3 750 1
7 9 2 858 7
8 5 10 792 6
9 7 6 775 6
5 2 5 797 9
