200
3 8 8 19 8
4 7 5 22 6
2 6 5 27 10
5 8 10 34 10
6 8 3 36 9
10 10 4 46 9
5 9 3 49 2
9 3 2 52 4
10 3 6 56 4
3 2 2 66 4
6 10 5 68 10
5 6 4 75 8
10 9 4 82 9
3 7 10 82 7
10 8 9 86 8
4 9 5 106 4
7 4 8 101 3
8 2 4 112 8
9 2 9 116 1
5 4 10 122 4
10 9 4 114 4
2 6 3 137 8
5 9 2 147 6
8 8 6 131 7
3 4 7 145 3
10 10 7 151 8
9 10 7 143 7
8 7 2 162 3
3 4 3 152 10
6 6 6 166 7
3 5 9 176 2
5 9 6 181 10
3 3 8 189 4
4 8 3 181 8
6 2 9 190 10
5 2 6 205 2
5 10 6 232 8
10 7 6 227 8
7 4 9 214 6
9 7 8 246 5
6 8 3 218 6
2 4 8 234 2
3 5 3 268 8
9 2 10 256 4
7 9 10 276 4
4 8 6 260 10
4 7 5 285 1
2 10 7 272 5
6 4 8 247 1
8 7 3 260 6
5 7 2 283 6
10 10 8 322 9
3 2 9 326 2
9 6 5 326 3
8 7 3 323 10
7 2 5 331 5
10 2 3 335 6
8 6 3 331 5
7 5 6 363 6
2 6 3 351 5
7 10 2 308 3
3 8 7 363 8
3 5 10 331 7
5 7 8 385 2
9 4 10 344 8
7 10 5 329 3
10 6 9 368 1
3 10 2 376 1
3 5 3 422 9
10 4 5 382 8
2 7 2 388 6
9 5 9 388 5
9 3 6 377 5
6 7 2 408 10
9 7 4 429 8
8 2 8 382 2
3 10 4 396 2
8 8 8 431 10
4 10 6 397 8
9 5 10 415 4
9 4 7 413 8
9 9 8 431 2
5 3 5 464 2
4 4 8 476 6
5 5 6 507 9
9 2 2 431 2
5 8 10 446 8
3 9 9 447 5
8 4 6 446 4
7 10 5 506 10
6 9 2 551 3
10 9 6 520 3
3 4 9 497 6
9 2 10 570 6
2 4 3 552 8
3 4 2 535 7
4 7 8 512 1
5 7 2 489 8
8 6 8 518 7
5 7 10 578 1
8 7 3 514 8
9 10 4 606 3
3 7 3 548 3
6 10 10 618 4
6 5 8 620 4
8 5 9 635 8
10 5 2 630 9
6 10 6 565 1
7 10 8 605 3
7 5 3 558 2
2 4 8 580 6
3 7 7 565 1
7 5 4 667 1
4 5 9 566 8
9 10 8 592 8
5 9 7 609 4
3 6 4 625 9
8 3 10 682 10
7 2 9 722 5
3 8 3 624 5
10 8 6 636 9
5 3 4 723 7
8 10 10 678 7
10 5 7 624 7
2 9 8 616 3
3 7 6 665 7
9 5 5 764 2
5 10 10 760 1
2 8 8 711 9
5 10 5 748 10
9 2 9 728 8
10 9 4 783 5
4 10 4 676 8
4 8 3 731 2
3 2 2 821 9
8 8 2 782 10
6 4 9 734 6
3 2 9 737 8
9 4 8 845 3
7 10 10 729 3
2 2 5 798 9
10 2 5 856 6
6 7 6 799 4
9 7 10 824 6
6 10 3 876 7
8 2 10 841 3
5 2 3 737 2
3 8 3 778 7
2 2 8 750 9
7 2 7 754 2
6 7 6 890 4
5 7 8 859 1
7 5 3 895 4
6 3 8 816 8
9 4 9 777 1
9 4 2 875 9
3 10 5 951 9
6 10 7 813 3
6 5 6 880 2
6 4 8 906 6
3 7 8 797 10
7 7 3 814 4
3 8 9 817 7
5 7 7 894 1
10 10 6 958 1
6 3 2 816 8
6 4 7 990 7
8 6 3 847 2
4 10 4 872 5
6 9 3 998 4
4 9 4 882 9
7 4 5 876 7
8 3 8 916 4
10 2 2 1013 9
8 3 10 914 10
6 5 4 1014 2
2 4 3 863 6
5 2 3 994 7
4 6 3 1062 2
4 4 10 924 5
3 6 9 1051 2
7 7 5 895 6
2 8 10 1020 1
9 9 10 1082 3
6 7 2 1034 3
3 4 3 1040 3
4 4 4 1115 8
7 7 6 1110 6
9 6 7 1076 1
5 7 10 1034 4
8 10 8 1140 7
6 4 3 1135 5
7 10 9 1110 6
10 8 7 1157 9
3 8 3 1070 6
3 6 9 1064 4
9 8 7 967 10
2 6 10 1009 3
10 10 8 1152 7
8 2 5 1010 6
