250
2 4 9 17 7
6 6 2 21 10
4 5 8 29 6
10 5 10 32 6
6 4 2 39 1
7 8 7 43 3
10 10 10 52 5
5 9 6 54 1
10 6 4 59 4
10 5 7 65 6
3 9 9 64 8
6 10 10 69 4
2 3 10 84 2
5 8 9 87 3
8 8 4 87 9
3 6 7 94 9
6 6 9 98 9
6 3 7 101 8
4 2 4 107 6
4 9 4 123 10
8 6 7 122 10
5 6 3 129 10
9 5 5 126 5
6 7 2 127 4
3 2 2 151 2
6 6 3 146 2
4 5 9 145 7
6 8 3 162 1
10 10 3 155 6
2 10 10 160 4
6 2 3 163 9
9 5 9 189 7
5 8 8 208 9
4 3 2 179 7
7 7 5 206 6
8 6 8 211 3
3 3 5 210 4
8 6 3 238 8
6 8 7 220 1
9 9 10 249 2
6 6 2 247 7
8 5 10 243 4
7 2 6 219 6
2 2 5 231 7
10 6 9 236 8
5 4 3 286 4
6 2 2 239 4
3 4 9 242 7
6 6 7 296 9
9 2 7 308 2
3 2 5 261 5
2 8 9 322 2
8 3 3 272 5
4 8 9 303 1
9 6 8 298 10
2 2 3 286 3
6 10 3 310 1
4 3 10 332 2
10 10 8 324 6
9 3 5 308 7
7 3 5 316 3
8 7 5 364 5
8 3 8 351 2
2 10 4 353 1
5 8 10 364 6
3 3 4 386 2
5 9 6 386 6
9 4 6 413 6
2 10 4 397 7
10 2 10 418 7
9 9 8 384 4
3 9 7 395 9
5 3 9 371 5
3 4 3 444 7
8 9 10 443 1
4 8 5 391 6
4 4 6 405 5
7 8 6 388 7
9 4 2 443 1
9 6 7 462 5
3 10 10 434 7
9 6 6 468 5
9 3 8 420 9
3 10 4 441 4
4 6 2 492 5
8 3 6 485 1
5 8 8 451 2
6 6 8 446 3
10 2 4 532 1
4 6 10 481 3
7 6 10 463 1
7 9 5 461 3
6 5 7 551 10
6 4 8 555 3
3 7 8 500 9
2 7 4 498 9
9 10 8 562 7
4 8 7 508 8
5 10 2 539 6
2 5 2 564 2
10 4 8 608 8
3 10 2 598 7
2 5 7 575 4
5 3 5 542 5
2 9 9 540 4
2 9 7 524 5
7 10 2 645 2
9 5 10 569 6
10 6 3 601 9
3 9 5 563 10
5 8 3 562 3
6 10 4 652 8
10 8 4 602 8
8 7 3 627 3
2 7 6 612 10
2 6 6 670 10
8 10 2 678 8
7 7 2 605 9
5 10 2 649 7
10 5 6 602 4
6 9 4 727 3
6 7 4 643 9
6 7 9 644 9
2 9 2 744 1
6 7 9 671 2
8 4 7 680 10
7 4 9 695 7
10 4 2 696 2
10 8 8 647 4
3 10 8 665 6
10 10 6 790 8
7 10 3 713 7
3 3 9 795 2
10 8 7 771 8
10 6 5 752 2
7 3 10 776 1
5 10 3 680 5
3 4 7 727 3
8 4 8 844 10
8 8 2 756 9
6 6 10 832 7
8 10 8 707 5
8 3 4 718 6
6 9 3 745 1
2 2 4 714 1
10 10 5 768 5
8 8 3 883 9
4 4 2 751 1
5 10 5 876 10
8 3 2 735 2
9 10 8 796 5
2 2 3 799 5
7 2 4 821 5
7 10 2 876 5
8 3 3 873 5
10 6 7 911 9
6 7 7 843 3
8 2 9 795 3
9 5 3 850 10
6 3 2 847 4
4 2 4 833 6
6 7 7 828 10
3 9 9 814 1
6 2 4 958 3
7 6 6 887 2
6 3 10 923 7
6 7 7 902 4
8 3 8 995 4
6 10 3 956 5
5 6 9 978 5
4 10 7 947 6
8 10 7 995 4
2 8 2 935 6
2 2 9 1048 9
5 8 6 959 1
5 6 7 1000 1
2 8 7 936 10
3 10 5 1045 6
4 2 6 918 10
10 4 3 1052 8
8 7 9 942 2
9 9 2 1037 7
10 10 9 993 1
3 10 5 957 10
6 9 4 996 10
5 10 3 950 9
8 7 7 921 7
4 8 10 974 8
2 7 2 963 3
2 7 7 1000 7
6 9 3 1097 3
2 10 9 1127 9
9 3 3 1077 2
3 3 5 1089 2
2 4 5 1144 6
8 7 5 1030 4
7 3 9 1089 6
10 3 2 1064 3
5 3 8 979 1
2 2 9 1180 8
5 9 8 1063 3
8 7 7 1194 8
4 6 2 1200 10
7 8 6 1157 8
4 9 6 1068 1
7 3 5 1022 2
2 4 7 1060 1
8 8 5 1150 5
10 7 7 1160 4
2 10 7 1047 4
9 2 6 1266 3
4 3 9 1206 8
3 10 5 1278 7
7 9 2 1235 10
7 8 7 1176 4
4 2 9 1070 3
6 5 9 1253 5
4 8 2 1309 8
5 5 2 1117 7
10 10 8 1069 2
3 9 9 1228 7
5 3 5 1337 8
6 8 4 1285 3
5 10 3 1287 3
3 2 10 1288 10
2 3 5 1198 5
5 7 2 1291 7
3 3 5 1374 1
8 4 2 1342 4
3 2 5 1235 9
4 4 2 1153 5
5 4 2 1238 6
6 7 10 1324 10
8 4 10 1199 7
4 7 7 1297 10
5 2 6 1208 1
6 7 7 1284 4
6 7 3 1311 2
9 8 2 1323 6
4 4 10 1194 7
8 2 7 1414 6
8 3 4 1331 8
7 6 9 1365 9
4 4 7 1431 3
8 10 7 1188 7
9 2 9 1475 9
2 5 10 1410 5
10 4 10 1422 7
3 8 7 1393 9
4 9 5 1408 3
