100
34 41 49 2439 70
16 14 35 2066 35
9 38 30 1309 14
35 26 23 2977 33
42 8 41 2513 21
49 9 7 1650 45
50 42 40 1421 99
40 23 28 1752 58
29 38 7 1849 33
34 23 13 2780 60
22 30 29 207 101
47 13 44 2857 6
42 23 17 1919 34
15 50 42 2434 84
29 8 30 2893 64
19 31 37 2039 25
49 44 18 2280 60
34 44 15 1625 90
47 24 30 1094 44
22 43 13 2510 26
33 43 9 2768 32
22 49 23 1681 94
25 16 16 315 85
21 38 25 2432 65
40 19 24 2802 49
25 12 7 2822 95
40 16 35 2575 7
22 29 36 2356 84
5 40 42 2879 7
50 28 41 719 31
34 7 19 1901 25
49 8 32 2444 64
32 33 11 1617 103
29 39 46 772 97
38 23 17 2729 43
9 20 20 1802 66
16 27 38 2775 83
30 35 41 1805 82
30 35 6 1875 12
23 31 29 2616 79
15 24 9 3031 86
32 7 42 1885 11
33 38 8 1970 103
12 10 11 1930 12
28 49 48 2781 77
41 19 31 1771 43
39 30 45 2864 29
17 23 12 972 8
8 34 6 2249 26
35 29 34 2333 96
46 32 38 684 68
19 33 10 1380 42
48 25 35 2569 53
47 22 49 2729 41
5 13 27 2400 46
48 46 41 2349 32
6 45 14 1845 6
21 7 19 1875 73
11 13 12 2357 49
10 27 13 2597 84
17 5 36 2943 91
29 46 44 1368 28
11 28 33 1881 37
35 32 46 1439 22
21 40 37 2869 86
11 38 9 2487 37
18 42 34 2424 27
28 6 40 2768 15
33 42 37 2652 99
28 21 12 1442 6
43 46 26 2141 7
13 12 14 1117 80
35 11 50 1411 101
20 27 43 1091 19
27 6 39 2469 80
38 5 44 2207 61
49 6 28 2056 27
23 49 36 1943 72
22 15 31 230 7
9 25 10 1763 69
20 31 16 1499 99
43 39 23 2017 75
21 20 25 2110 89
48 33 35 2210 60
50 45 46 999 91
16 15 19 2710 45
36 15 35 1960 66
10 23 26 2683 76
31 45 21 2123 5
34 50 25 523 37
26 27 29 1344 19
36 43 36 2441 22
13 21 36 3078 70
24 11 18 2180 43
40 33 47 664 79
6 22 34 677 83
43 44 23 2779 42
48 37 33 1402 7
16 9 43 2640 82
48 48 21 2727 39
