450
31 6 12 4833 44
12 19 30 5744 8
11 17 38 7855 69
40 28 43 13163 41
21 34 40 12049 37
17 14 9 8413 9
9 27 9 13588 85
17 32 36 12183 37
50 17 35 10094 9
28 46 21 11604 58
14 21 5 11931 64
22 14 48 12806 60
8 46 36 8438 17
21 47 9 11430 8
11 40 38 10178 93
49 16 46 11776 102
39 34 30 2215 39
39 39 9 6556 93
24 19 27 9616 101
20 24 32 6261 57
25 6 33 9919 82
22 9 42 10680 51
22 35 23 11455 103
13 25 50 8382 91
31 47 26 8591 68
31 27 44 11446 99
10 22 17 13321 42
28 45 6 4508 33
18 17 48 10216 104
33 10 17 9683 28
18 14 27 13096 26
10 45 6 7416 49
15 43 46 7801 8
5 20 12 12467 43
30 44 14 1072 89
26 10 11 12712 34
32 36 15 11942 43
36 28 15 1815 47
37 13 30 9303 59
45 40 7 6529 9
22 18 17 10747 91
42 8 29 9177 98
17 47 16 9806 18
50 39 46 12933 22
9 44 47 12493 51
49 22 21 12977 76
34 37 22 13438 42
6 29 31 13535 101
46 45 40 13508 53
35 50 8 6717 97
37 9 40 10968 72
39 31 40 10807 16
6 37 45 13068 90
8 37 39 9734 39
14 21 11 7793 24
48 13 20 7876 71
36 41 49 12492 42
10 27 13 8377 58
49 41 26 9313 42
44 49 20 6213 30
33 48 36 6855 94
15 14 41 13379 83
24 36 45 8671 99
20 13 35 10421 90
24 26 5 12852 36
40 42 45 11468 102
44 47 29 9875 98
18 10 10 1731 39
45 21 13 4874 40
21 31 23 11684 16
31 6 42 8038 30
48 28 8 12166 18
20 5 40 10676 87
44 11 44 9138 28
15 27 24 5647 82
12 39 28 10355 40
48 34 20 8053 82
38 18 39 10482 66
29 15 20 12362 92
27 13 13 11049 32
44 45 48 10457 79
34 42 39 12647 79
42 8 17 2639 98
19 34 21 8250 84
40 18 42 9333 74
47 38 12 13383 100
47 33 23 10360 93
45 11 26 9575 48
38 41 43 12632 36
13 32 45 12371 102
12 30 41 7989 60
17 19 22 10067 14
6 8 6 5111 81
16 8 24 9461 73
5 50 21 9652 30
23 28 6 12734 26
14 36 25 11944 60
19 23 21 10649 89
14 28 27 11429 79
35 32 6 11046 101
30 26 43 12407 56
13 44 40 4945 90
29 6 15 11932 68
49 45 34 12042 86
31 45 7 2768 65
16 13 17 11921 54
41 29 23 12265 40
16 6 44 9570 96
27 24 46 3208 22
5 32 49 10916 96
47 18 14 9318 24
40 37 21 7592 7
28 44 23 5008 64
33 20 12 12269 100
19 8 44 9405 41
49 28 27 12263 50
22 17 20 11896 83
18 48 49 9753 19
41 14 27 13578 72
27 26 43 4212 99
31 50 25 5938 43
36 34 39 11885 69
26 18 15 9696 92
40 44 26 6117 20
12 5 34 12457 83
48 16 22 9318 43
47 31 44 12800 82
11 15 26 8777 35
31 50 20 11274 12
34 11 42 6144 49
49 14 18 8449 49
18 13 37 9385 47
50 43 16 7946 96
50 49 39 7998 80
33 29 40 11750 64
45 15 9 12456 47
23 23 24 7453 35
44 46 29 10142 77
35 19 29 8669 8
29 8 24 2280 5
12 15 36 13342 62
46 38 20 7650 25
18 8 29 7226 22
27 38 15 7663 51
39 40 24 7880 34
13 25 15 12760 72
28 9 6 12528 45
14 15 27 13477 75
24 47 22 12063 69
19 27 10 6844 27
30 16 28 12132 7
14 6 26 12424 69
44 44 36 11476 27
39 33 13 13284 10
18 17 35 11965 25
32 20 24 7736 71
28 38 14 11124 72
33 24 13 12842 100
50 36 20 12214 102
25 30 42 12407 82
30 14 6 12641 69
11 10 32 9470 24
37 50 24 5926 46
10 23 6 12551 12
29 39 16 8549 57
20 33 21 13209 29
30 15 13 12055 55
40 21 47 2159 30
41 48 20 8186 10
37 46 48 7414 5
44 38 43 10347 49
20 42 16 222 90
25 11 42 6923 31
16 40 14 13217 11
28 32 28 6693 22
9 20 44 3056 10
6 40 37 7972 14
27 46 6 3990 6
6 14 46 7464 21
43 18 24 13175 49
44 47 31 13448 101
14 40 22 7657 20
36 39 12 4256 15
42 28 36 8225 39
22 17 29 10405 60
45 11 15 10516 5
22 26 24 11218 81
38 5 21 1201 42
12 31 7 10538 29
33 30 46 10127 74
33 25 22 12754 33
19 16 13 8620 8
19 48 41 10123 74
43 32 50 12714 43
23 38 29 4904 103
11 9 49 9882 30
35 7 9 11066 80
14 17 13 5698 45
30 49 37 8730 90
36 31 45 13008 47
21 8 26 9085 68
46 41 28 10473 29
50 36 37 13584 44
15 44 14 11478 18
9 10 13 13326 61
11 19 50 6624 81
42 38 50 3691 18
6 45 49 11047 25
30 24 29 10263 96
34 12 27 5961 97
45 15 45 12529 70
35 27 32 8319 21
9 8 34 12896 48
13 27 25 12321 79
18 43 27 9982 20
16 44 46 2378 98
41 35 24 12786 84
38 36 21 8913 19
8 46 45 8066 81
41 17 44 11675 74
40 39 50 12271 71
45 17 37 12634 39
27 15 50 8495 11
44 7 19 12869 70
25 14 44 5833 57
22 33 22 9220 67
17 7 16 13407 28
28 11 29 12054 102
34 42 7 12413 47
6 37 6 1714 15
43 15 48 13036 59
44 24 22 3086 16
41 11 32 8921 28
49 22 5 12566 56
46 32 48 9394 28
46 34 21 10913 40
5 11 15 3376 36
21 32 45 8290 90
19 32 41 13563 99
27 24 34 3338 53
37 31 9 12620 52
26 32 10 12786 71
13 40 10 10527 104
41 14 9 10376 47
6 24 11 12354 83
44 46 30 13407 49
9 11 20 9232 94
25 33 15 11056 87
21 23 38 10368 45
27 33 43 12911 80
29 26 26 7737 59
13 22 5 8380 96
5 34 38 8745 56
48 6 28 12429 98
16 14 47 11725 69
38 15 18 12361 92
28 46 30 11050 75
37 36 32 11983 66
6 21 49 12705 97
45 49 30 8467 81
37 19 23 7409 33
22 48 44 9607 69
15 27 24 7046 28
18 46 49 12970 73
9 43 33 12649 104
15 42 5 10484 65
26 31 43 11991 25
30 48 32 11975 14
48 43 46 12222 34
48 29 34 12044 66
30 47 31 10793 63
10 39 11 12339 63
50 34 30 8935 78
19 10 26 7932 8
32 33 37 12883 25
8 49 49 1753 54
29 9 46 10562 34
11 49 34 9949 19
42 44 20 12897 88
6 38 16 11968 39
19 19 45 11974 51
44 21 49 9143 15
43 18 8 12404 78
49 39 42 6422 54
33 33 6 9420 98
16 49 7 11462 67
11 49 32 11020 17
48 43 24 6151 41
38 26 50 11004 23
36 47 43 13418 19
8 29 21 6576 101
46 10 34 11685 80
50 44 36 4470 14
26 11 39 13136 73
35 19 35 13359 47
11 29 22 11204 96
20 41 37 7109 44
21 30 14 9549 43
32 28 10 10269 73
15 10 48 11823 50
5 15 21 6172 13
14 35 26 7143 72
5 40 42 6374 51
45 31 41 12828 16
43 24 50 10782 87
23 38 14 2018 65
46 14 42 7535 100
47 33 8 11809 11
33 12 15 7775 81
21 43 37 9456 7
50 24 26 5498 85
45 10 19 9225 61
25 12 42 12288 52
39 19 21 8992 83
48 42 46 12648 65
50 10 9 9261 46
31 28 42 12011 7
7 50 42 6219 76
9 12 38 11850 26
36 27 39 12199 94
17 36 48 6821 17
49 38 18 10841 90
43 24 46 5176 32
46 37 13 4120 18
27 23 29 6346 103
44 36 45 10664 37
29 31 5 13109 56
48 35 17 7403 11
5 32 7 7200 74
15 12 19 11526 10
20 44 24 12832 103
22 49 29 9417 43
24 44 23 11681 12
13 8 17 12470 77
6 36 27 12716 102
31 5 45 12383 32
13 33 14 12938 65
43 32 42 11596 7
30 9 27 4135 5
28 31 24 2707 85
25 13 46 12738 42
42 39 11 8385 81
37 42 38 10376 46
48 42 10 9905 30
7 8 20 9271 89
22 42 17 9422 73
42 35 34 12318 94
30 39 45 10675 89
38 39 33 6785 30
37 8 40 7685 83
40 45 13 9002 20
11 12 28 13556 37
5 34 8 12818 51
24 25 14 5146 59
26 44 39 10613 98
44 41 19 5081 35
34 26 42 13014 23
16 41 40 7481 44
45 21 6 12921 17
49 25 18 4544 59
5 50 10 8049 78
15 22 49 11149 46
37 16 24 12470 27
31 8 22 6717 18
34 50 31 2960 42
38 9 9 11874 48
12 10 50 12209 93
6 16 47 12283 26
27 23 15 10360 45
6 47 43 7960 36
50 20 6 8552 24
30 50 7 11343 55
44 28 38 2813 89
50 49 49 12172 82
26 21 46 12808 44
42 46 25 13309 70
50 22 7 10909 79
31 40 9 13585 71
35 50 5 5297 93
22 31 7 4656 71
15 49 25 12700 100
42 11 31 12008 37
8 41 14 10705 12
14 45 15 10368 12
8 38 11 10425 76
38 50 6 11460 73
6 29 22 7786 93
29 11 23 10291 93
11 49 15 9821 43
20 13 14 13337 75
44 12 43 8491 48
14 38 26 11520 22
18 29 24 7357 58
24 12 18 9080 23
27 9 10 8299 82
34 25 30 8050 37
16 19 42 1218 59
31 26 47 12231 73
19 30 39 12639 42
5 5 16 13312 5
18 18 15 11445 26
18 37 43 13421 95
6 22 9 5057 15
33 19 44 9661 100
45 47 30 7720 16
15 29 11 5306 13
47 40 38 9919 81
41 22 28 8798 68
50 7 26 10812 29
32 28 23 13415 9
44 30 22 12345 104
27 44 42 6800 47
48 43 49 10036 34
48 16 31 12013 40
32 34 6 10017 55
42 15 15 9185 20
5 9 37 11998 89
21 27 26 7197 96
47 19 48 12377 16
34 18 38 13562 39
40 14 19 12432 103
15 11 28 9386 65
38 10 37 9792 76
35 40 36 10348 13
10 18 40 11132 88
24 46 9 9732 23
10 39 32 10806 26
38 35 5 5411 76
10 50 25 13483 17
35 38 20 12517 29
21 29 34 12303 68
37 43 5 11401 59
34 18 16 13430 47
13 23 25 11200 64
27 9 23 12119 44
23 39 22 4424 89
21 43 20 8696 99
50 17 35 11702 9
18 23 37 9952 42
12 27 14 12681 36
13 49 30 10902 100
14 49 17 11798 19
11 44 30 8170 74
27 5 35 12144 20
45 23 43 13260 97
30 24 18 11705 15
14 10 9 11735 83
26 16 20 12735 84
15 7 49 7859 31
28 35 16 5688 60
