250
17 40 36 6318 17
5 33 34 6618 16
34 16 14 5487 26
21 17 21 5497 7
21 42 35 4737 96
6 26 7 5437 46
27 6 43 4076 71
6 31 7 6072 16
19 14 36 1923 17
49 24 38 7375 91
41 23 46 7192 17
27 12 49 4985 19
30 10 40 7011 31
12 39 20 5334 25
47 6 41 7025 35
17 19 50 6525 10
23 42 35 5131 97
22 23 49 2451 44
47 43 18 6334 36
29 33 38 6047 97
19 31 11 661 40
18 44 38 1880 44
25 32 33 4630 57
14 48 17 5623 94
27 49 10 5522 81
41 26 26 5586 74
48 38 42 7013 99
42 27 30 6581 9
24 12 8 2560 23
32 30 29 7336 66
22 45 14 3293 81
44 29 45 6169 77
36 40 38 7201 45
38 10 9 1360 69
12 29 12 7011 85
9 28 36 5925 17
46 48 49 6837 69
48 5 49 4115 45
41 36 12 7191 17
10 19 27 5801 46
6 9 46 4698 78
10 5 50 6883 94
7 39 23 6305 93
38 49 7 6665 76
38 21 42 7099 72
9 9 6 5099 28
21 10 32 7015 96
16 46 16 6565 57
37 41 6 6656 71
37 27 30 4196 45
10 13 49 4708 70
35 23 48 6831 96
45 35 44 5964 82
37 10 43 5919 32
47 50 13 7273 102
13 43 30 3155 101
37 46 11 4563 31
13 45 34 5105 55
42 10 8 6883 29
23 13 10 2753 89
13 47 43 3061 103
40 16 22 6154 99
42 17 29 6396 12
50 49 15 2611 49
13 22 48 6552 36
50 43 5 5941 53
38 25 33 1774 24
20 33 37 7384 50
31 28 50 5104 78
25 16 7 2595 51
24 41 49 5591 79
27 44 9 6424 42
49 33 48 5947 37
50 7 16 4796 103
11 24 7 6166 82
8 27 27 3238 91
34 30 8 3455 38
48 10 35 4352 97
28 30 12 6735 98
10 46 22 7096 100
47 26 13 6748 21
47 34 48 4622 80
25 10 23 3518 79
39 5 5 4878 90
16 40 34 5519 47
17 42 41 5077 6
32 49 31 5852 8
49 21 34 6525 22
20 19 49 4963 37
5 46 18 5186 104
28 37 5 7237 64
10 10 15 6955 102
37 12 48 2751 5
19 44 12 4805 56
24 5 26 3875 61
46 16 12 3503 11
29 28 27 4687 5
24 23 19 5192 70
20 26 44 6529 41
43 49 42 6981 52
47 32 45 7399 69
20 18 29 2098 6
31 49 33 7372 31
5 18 33 6900 104
26 41 23 6087 71
11 42 6 6347 12
40 16 14 1786 80
36 11 12 7143 91
38 41 27 4107 100
22 15 25 5078 74
43 50 6 6518 30
40 35 15 3447 85
5 22 11 2608 79
28 31 45 6570 45
45 49 45 4564 47
26 7 5 5500 40
45 46 42 5218 39
9 12 23 7058 50
38 39 14 3749 69
50 15 34 2954 49
32 27 34 6925 72
41 47 38 4957 77
49 26 34 6158 97
26 18 16 6162 97
30 38 39 4125 46
14 39 50 4689 39
49 12 6 3506 24
9 10 25 2637 54
49 17 49 3853 56
27 15 20 2586 82
16 12 20 6308 43
19 37 20 7327 57
30 38 18 7345 24
36 49 36 790 40
40 15 37 6440 97
36 26 40 6705 84
38 16 44 4442 53
19 23 6 2718 80
33 50 16 7346 14
19 18 44 6648 75
42 37 15 3593 23
16 45 38 4073 77
16 22 35 1084 7
5 26 35 6583 25
45 31 40 7451 89
39 32 27 929 76
43 33 13 4189 41
9 50 22 3408 70
35 7 42 6366 16
6 34 28 3087 89
12 48 25 7467 49
9 44 13 6431 86
35 9 41 5072 40
17 19 36 6605 76
30 34 13 5733 53
12 42 26 6963 49
13 24 44 5582 67
38 25 19 6934 51
6 7 50 7464 5
25 10 9 4760 70
47 47 33 6308 50
12 15 14 7265 7
22 25 40 6354 7
28 14 34 7235 57
24 34 50 7140 36
47 46 24 2666 60
35 9 41 5061 23
30 41 41 6124 30
25 15 41 7365 13
10 21 18 6602 52
41 14 29 6404 100
20 7 5 6832 86
11 25 44 5618 56
11 25 32 6404 54
30 41 36 4562 83
17 16 38 6813 95
43 13 48 3135 100
20 38 30 4202 76
10 5 21 4126 81
38 29 25 4354 101
11 33 9 6528 64
29 46 21 4570 102
38 11 11 2306 25
18 20 30 6207 46
37 10 14 7475 96
44 36 38 5930 20
49 32 32 3115 21
15 33 27 7313 48
40 12 50 6541 79
39 23 21 6801 87
15 28 43 4470 47
23 16 33 3588 33
20 40 16 4427 51
47 39 46 5935 26
6 24 18 4482 60
24 20 27 4370 89
38 13 47 1678 74
40 22 7 5744 56
38 26 27 7363 37
47 45 16 4895 10
7 19 46 3534 89
24 21 17 6270 18
12 37 16 2018 96
11 23 45 6734 14
23 8 14 7204 87
46 50 36 4580 5
38 35 23 5260 7
26 20 48 6787 48
27 32 48 5566 64
40 34 42 3635 47
6 26 25 5806 80
19 30 23 6132 29
27 45 15 5747 29
47 14 37 445 69
24 48 28 6216 34
22 50 47 5952 38
19 13 32 5371 59
37 38 46 6463 19
50 12 5 4863 98
43 27 11 5577 56
45 43 19 5984 46
49 14 24 6405 52
43 44 7 4713 55
7 33 17 7170 71
23 50 36 2298 21
13 35 50 2530 36
32 44 15 6465 46
7 14 37 7322 82
33 49 42 5995 100
10 9 49 7344 88
32 31 39 6606 14
11 10 16 7163 47
11 6 44 2888 74
44 23 23 6481 90
15 9 11 6661 74
44 50 38 1761 100
37 34 29 5621 46
42 48 19 6490 38
13 33 24 6652 23
26 29 35 1962 99
11 31 12 5802 52
21 13 16 3761 18
6 24 44 6502 23
24 42 47 3347 94
22 35 8 3930 64
32 39 7 4742 54
18 48 15 3600 10
21 40 30 5986 102
24 12 12 6348 104
41 25 7 1496 91
