500
7 5 2 17 7
5 5 10 21 6
9 7 4 26 2
8 7 9 33 10
6 6 3 38 2
9 9 3 44 5
6 9 7 53 2
9 4 2 51 9
9 3 2 58 4
9 9 3 64 7
6 6 7 75 10
7 7 9 80 3
8 5 7 89 2
3 8 8 94 7
9 4 8 89 4
7 9 4 97 4
4 6 10 107 7
2 6 5 103 5
7 5 9 123 1
6 8 6 113 6
2 6 7 137 3
3 2 9 124 1
8 4 8 124 10
3 10 3 150 2
4 3 2 143 3
9 9 10 148 8
9 3 5 150 3
4 2 4 177 8
3 3 7 161 4
2 7 8 163 5
5 5 5 196 2
2 8 6 172 7
6 9 4 199 4
10 8 4 211 6
10 3 5 220 7
4 4 6 210 1
9 6 8 214 5
6 4 10 226 7
9 3 6 209 3
10 7 5 232 6
6 6 3 217 5
5 3 8 245 3
6 8 9 241 4
2 7 6 257 5
6 7 5 274 7
6 4 2 273 5
7 10 2 266 3
5 6 7 285 1
7 2 7 293 3
8 9 7 289 3
4 5 3 264 7
10 3 6 314 3
10 3 5 289 1
3 7 8 313 2
7 6 2 298 3
9 2 5 343 8
6 4 3 296 10
6 5 8 352 6
2 5 7 309 3
2 4 6 330 8
4 5 2 343 3
3 9 2 337 5
9 3 5 387 8
5 6 7 374 2
5 10 6 356 10
8 3 10 367 10
3 5 8 376 8
8 10 4 413 10
5 10 4 417 9
4 2 8 411 2
6 5 4 364 8
9 6 9 394 8
5 5 2 409 10
7 3 4 432 3
2 2 6 398 6
8 9 3 391 5
7 7 4 411 2
9 3 8 457 9
5 3 7 453 9
7 6 4 450 1
4 7 6 409 1
10 10 7 469 1
4 7 4 465 6
3 5 7 504 6
4 10 10 424 2
5 7 7 479 6
6 2 5 473 10
7 2 7 451 2
6 4 7 475 4
2 6 2 459 7
10 9 5 499 7
3 2 7 504 7
5 9 9 460 6
6 5 2 466 2
2 9 3 579 8
10 5 8 536 1
2 7 8 583 8
6 3 9 558 1
6 3 9 549 4
6 7 3 568 1
6 3 4 592 10
4 4 3 519 10
8 2 5 545 5
7 10 7 604 7
8 10 8 568 7
4 10 8 616 4
10 2 9 604 4
8 4 2 545 6
2 3 4 615 9
7 5 8 610 6
5 6 4 652 10
4 7 3 681 9
8 10 5 574 2
3 5 3 689 7
8 8 7 596 2
3 8 6 678 5
6 9 6 699 5
7 2 7 616 1
5 7 10 687 8
4 8 10 688 8
8 6 8 737 5
7 6 4 633 5
6 3 9 606 10
5 3 8 744 5
4 7 5 730 4
6 2 3 674 1
4 8 2 697 6
8 4 5 705 8
9 3 7 775 2
4 8 9 743 8
4 8 10 738 8
10 9 4 700 5
2 2 8 800 1
10 5 4 663 10
5 8 10 745 5
10 10 2 740 4
5 8 7 754 5
2 7 10 793 9
5 6 4 760 3
8 6 5 828 4
7 6 5 772 7
6 3 7 820 8
9 10 2 863 6
9 3 10 805 10
9 3 5 729 10
8 10 3 744 3
10 6 10 826 4
3 7 10 835 10
8 5 7 862 7
5 8 6 761 5
5 8 5 801 6
7 9 4 839 1
5 2 6 902 8
7 9 7 893 4
5 9 10 893 8
10 9 9 920 10
8 2 3 892 9
3 8 5 862 9
2 6 5 859 2
8 5 8 890 4
10 4 7 856 8
9 6 8 842 8
6 6 3 864 5
4 2 8 937 2
10 8 10 838 6
7 2 4 885 8
8 3 3 879 8
8 6 5 963 7
10 3 2 968 10
10 2 10 854 4
5 10 10 1016 7
10 8 6 913 5
10 2 9 963 8
9 2 10 1042 10
3 8 6 910 6
7 3 2 885 3
8 3 10 890 5
6 10 10 911 10
10 7 4 1003 9
3 9 2 1049 3
2 4 7 888 1
8 10 4 1091 6
5 3 5 896 1
4 9 6 999 5
4 9 5 959 4
6 6 5 1057 8
7 4 10 951 7
10 10 6 1125 2
6 4 8 1135 9
3 6 7 1125 9
3 7 9 1091 6
8 4 2 955 3
8 3 9 1037 10
4 5 9 953 7
6 6 10 1061 2
2 2 5 1078 8
9 10 2 1108 4
8 10 7 983 10
5 7 8 1186 7
9 2 10 1198 1
6 9 6 1015 7
8 7 8 1107 3
10 9 7 1090 6
7 8 7 1087 4
3 6 3 1238 5
5 7 8 1200 2
5 7 7 1166 3
5 7 5 1166 9
9 5 8 1166 5
3 10 8 1127 9
7 2 6 1037 10
4 7 7 1125 10
3 10 6 1047 5
6 4 9 1105 2
7 3 6 1100 9
9 2 10 1251 3
8 3 6 1136 3
4 7 10 1159 8
2 2 6 1073 4
4 9 6 1117 9
10 10 2 1166 1
9 2 10 1207 3
9 2 6 1258 3
3 5 2 1142 3
4 4 10 1246 4
8 8 10 1304 3
7 3 5 1116 7
10 3 2 1338 4
7 9 9 1264 6
4 10 3 1226 9
5 7 5 1344 6
6 9 7 1375 6
4 9 5 1149 5
9 4 7 1389 2
4 8 9 1166 1
7 3 6 1339 1
7 10 2 1157 8
10 4 8 1155 9
4 6 3 1395 1
2 9 2 1190 8
10 7 9 1445 6
6 7 9 1452 7
8 8 7 1296 5
7 4 9 1329 4
4 8 6 1304 7
5 2 7 1480 6
4 4 6 1315 6
6 10 7 1231 10
3 10 8 1442 1
5 10 7 1474 8
8 8 9 1355 6
3 3 5 1319 2
10 2 2 1377 3
2 6 10 1442 3
3 2 7 1253 4
6 4 9 1547 7
2 2 7 1308 3
6 7 5 1320 7
2 10 3 1315 9
6 7 6 1295 5
5 5 3 1368 6
3 8 9 1441 9
4 3 8 1501 4
4 5 10 1349 8
10 6 10 1388 2
5 2 10 1387 5
4 10 8 1565 4
4 9 2 1428 1
7 3 7 1384 10
9 10 9 1525 9
4 4 6 1568 9
8 4 10 1333 7
6 10 8 1606 4
8 6 7 1570 4
8 6 8 1453 2
7 9 8 1625 1
7 5 4 1548 10
8 5 8 1437 3
8 9 6 1422 4
10 2 8 1553 6
2 7 5 1477 9
6 9 8 1443 6
3 10 4 1634 8
4 4 10 1477 2
10 7 4 1517 10
4 5 2 1407 4
8 8 8 1427 4
2 2 7 1453 10
2 2 4 1511 5
6 7 7 1512 3
3 6 7 1459 8
3 10 5 1422 9
8 6 10 1439 9
7 8 10 1517 1
8 9 3 1644 7
10 2 6 1633 5
9 4 2 1615 5
5 6 3 1581 3
3 7 3 1498 3
9 2 9 1539 1
10 3 3 1586 4
8 4 3 1612 4
7 9 4 1709 3
8 8 5 1653 1
6 3 10 1596 3
3 2 10 1590 9
10 5 6 1576 2
7 3 3 1805 2
7 5 5 1668 5
6 10 2 1698 10
4 9 9 1532 10
7 9 2 1770 5
9 2 4 1753 6
3 8 3 1554 7
8 3 7 1780 9
6 3 8 1611 4
5 10 3 1891 6
6 9 2 1919 10
4 8 6 1630 8
8 6 2 1633 3
4 8 10 1746 6
4 7 8 1746 1
9 9 3 1927 9
5 7 4 1724 9
2 5 4 1922 8
4 3 5 1743 7
7 7 10 1831 1
9 9 5 1610 5
2 4 10 1723 6
7 10 3 1897 8
8 9 7 1771 10
8 7 4 1741 7
9 8 10 1809 4
9 3 2 1709 2
5 10 9 1768 6
9 6 2 1629 8
2 2 6 1759 6
8 7 3 1878 4
9 4 5 2018 1
7 9 3 1887 4
7 9 8 1880 6
2 7 5 1677 5
3 9 7 1952 10
3 4 10 1946 6
9 5 6 1679 4
3 5 9 1869 5
5 6 10 1804 5
10 10 3 1735 1
9 5 8 1987 7
8 5 8 1833 4
10 10 4 1838 6
2 6 6 2049 1
10 8 6 2081 9
10 9 10 1725 8
10 5 8 1982 6
6 8 3 2039 5
2 8 2 1967 7
7 2 10 2112 1
10 3 8 2062 8
6 10 3 1772 1
9 10 10 1762 3
4 2 5 2045 8
5 6 10 2046 10
9 8 3 1780 5
4 9 7 2108 6
5 10 10 1938 6
9 5 3 1890 9
5 10 8 2103 1
6 2 9 1965 8
3 4 5 1852 4
6 8 10 2141 5
4 10 6 2190 9
9 2 2 2059 3
6 2 2 1842 2
4 5 5 2161 10
4 9 9 2136 9
4 10 8 2237 6
7 8 10 1950 3
10 3 8 2243 5
9 3 4 2204 3
6 6 9 2284 1
5 8 2 2233 1
3 4 7 2290 2
5 5 8 2080 6
10 10 9 1909 8
6 3 6 2222 7
2 3 4 2326 1
7 10 6 2278 10
6 7 4 1927 4
2 6 4 2085 1
10 9 2 2355 4
10 3 2 2018 9
7 7 3 2256 7
10 9 4 1933 6
3 3 8 2232 4
8 10 3 2054 7
3 10 3 2206 6
3 8 9 2292 4
2 7 4 2401 3
4 6 8 2259 8
10 6 2 1937 4
10 2 5 1948 8
3 5 6 2333 6
2 2 9 2043 7
3 7 2 2437 7
4 10 8 1991 5
4 9 4 2042 3
10 4 7 2012 3
8 3 5 2414 6
3 2 6 2032 2
2 10 6 2476 4
10 8 5 2100 6
7 9 4 2220 7
7 8 10 2274 5
3 7 7 2473 4
2 2 3 2231 10
6 7 9 2049 9
5 6 7 2097 10
2 5 7 2349 6
3 7 5 2393 10
6 3 7 2305 9
4 9 8 2366 9
3 3 8 2294 7
8 4 9 2537 3
9 9 5 2557 4
6 3 2 2211 7
9 5 3 2363 10
10 8 6 2158 1
5 6 5 2343 2
9 6 10 2394 8
8 6 9 2315 2
5 7 10 2342 2
7 6 4 2197 10
5 4 8 2288 3
2 9 7 2129 1
6 8 5 2324 4
9 3 5 2271 9
6 10 8 2547 5
7 4 3 2328 5
2 4 5 2256 10
2 5 9 2377 2
6 2 9 2448 9
4 8 9 2440 9
8 6 9 2601 9
8 3 9 2412 5
2 10 2 2603 8
6 2 8 2245 10
6 4 3 2397 8
10 7 7 2647 3
6 8 10 2511 3
3 4 8 2662 10
6 10 5 2702 5
6 10 7 2710 8
7 4 2 2478 5
5 8 3 2365 2
2 7 3 2343 6
6 4 2 2467 9
8 3 8 2442 2
6 2 5 2336 2
8 9 6 2634 7
4 8 9 2448 8
10 4 8 2330 5
8 8 7 2605 5
10 4 2 2554 8
4 5 8 2659 3
10 7 6 2792 3
7 4 10 2700 5
9 3 10 2433 6
9 5 4 2809 9
4 8 4 2545 7
6 8 3 2624 7
10 8 5 2295 6
9 10 5 2713 9
4 6 9 2429 6
9 8 2 2474 9
8 8 4 2617 4
3 10 4 2627 4
8 9 4 2875 8
3 6 3 2674 7
6 10 10 2676 8
8 7 6 2545 4
10 3 6 2420 6
5 4 4 2842 3
8 9 8 2820 8
3 8 6 2540 3
8 9 3 2545 10
7 9 4 2884 9
2 4 5 2478 8
3 6 6 2899 7
4 5 8 2842 4
10 10 4 2472 9
2 6 6 2607 7
2 8 2 2840 8
9 5 5 2507 2
4 6 3 2766 4
5 10 2 2670 9
8 10 5 2556 9
7 3 5 2672 9
3 5 5 2532 10
6 8 10 2756 9
