400
6 10 5 21 7
10 6 3 23 4
5 10 7 27 2
3 3 3 33 1
9 2 6 36 7
3 6 7 42 9
5 6 2 46 5
8 6 2 54 1
7 4 3 64 5
8 6 7 69 4
10 6 7 69 4
9 3 3 70 4
4 5 6 78 4
9 2 4 92 1
7 3 7 91 4
10 10 4 103 2
10 10 5 101 8
10 5 2 104 5
6 6 10 109 10
5 2 5 131 3
2 8 8 123 2
2 8 7 120 8
6 9 5 149 6
5 2 5 133 8
10 8 5 147 9
7 9 3 164 8
5 2 8 147 8
2 8 8 167 1
9 7 2 180 2
9 7 7 190 1
7 4 10 164 3
4 8 6 187 3
10 3 5 198 9
5 8 4 190 4
5 9 4 218 5
4 10 3 194 10
3 9 10 194 8
6 9 8 200 6
5 8 9 211 6
10 5 7 232 4
6 10 7 228 10
3 2 3 231 8
7 8 4 219 3
3 9 9 256 4
5 9 4 272 3
7 6 2 238 10
7 7 9 247 2
2 8 7 291 7
2 3 10 292 1
3 8 2 253 7
6 5 4 269 4
4 9 9 280 2
9 9 9 318 4
8 5 4 303 2
6 8 8 328 2
5 9 9 309 10
2 9 6 299 10
4 5 7 346 6
8 9 10 330 3
7 4 5 324 4
7 7 2 360 5
7 2 5 346 3
4 8 5 376 7
3 10 5 366 8
4 5 2 325 9
6 3 6 404 10
4 3 2 399 6
5 3 8 354 3
10 7 6 416 10
5 8 9 378 2
5 6 5 354 9
4 5 4 412 2
7 2 10 364 5
10 3 2 373 4
6 6 3 396 3
8 6 10 457 6
10 7 8 455 10
2 9 5 436 1
9 8 8 445 1
6 7 7 442 1
4 10 6 485 8
5 2 8 499 1
6 4 5 499 3
6 9 4 513 7
7 9 3 437 3
3 5 7 440 1
8 7 7 465 4
4 6 8 440 7
10 7 10 448 9
10 4 8 444 3
3 6 3 497 7
5 5 9 552 6
3 4 6 532 1
5 5 2 573 5
5 8 9 474 10
2 4 6 475 7
8 10 6 586 3
2 9 2 543 10
8 2 9 533 7
7 5 5 536 5
3 3 3 617 8
3 8 2 541 8
8 10 8 615 5
6 3 8 606 6
3 2 10 539 10
3 4 7 558 3
6 3 10 552 1
2 4 8 654 4
2 7 9 577 8
4 9 4 646 1
9 9 3 647 8
3 7 6 573 3
3 10 7 614 2
8 3 9 612 2
5 2 3 647 8
10 9 6 591 2
4 3 6 674 2
3 5 6 580 2
6 5 5 585 1
6 6 10 607 8
9 3 4 700 8
9 8 9 604 8
7 6 8 675 2
2 10 4 677 4
2 9 5 732 9
3 7 2 738 1
2 9 8 670 8
8 4 10 664 7
3 10 5 712 5
2 5 8 777 7
7 6 9 728 6
2 7 7 762 3
4 4 5 697 9
7 8 7 663 8
6 3 10 676 10
4 8 8 822 4
6 9 4 757 7
2 10 5 747 10
9 9 9 772 9
7 6 4 752 3
6 4 2 810 3
7 3 3 742 4
3 8 7 760 2
10 7 2 731 5
7 2 10 845 5
9 5 10 886 7
7 7 7 772 7
6 2 7 810 3
8 2 4 764 10
5 3 6 759 1
3 4 9 863 8
9 9 9 902 3
9 8 10 864 10
3 3 2 901 2
4 2 9 794 2
2 3 6 888 6
2 10 3 825 2
8 6 5 929 10
4 7 9 816 4
4 3 10 813 4
10 8 8 786 10
7 4 7 794 10
5 5 8 900 5
2 7 7 851 1
7 5 5 913 4
8 10 9 956 3
2 7 2 890 5
2 5 4 818 8
6 6 3 992 6
7 5 4 959 5
5 5 7 1028 2
10 5 5 1007 10
9 10 3 916 8
10 4 7 1019 3
5 4 9 1012 4
7 6 9 943 6
8 6 5 1068 4
6 6 9 1009 2
7 2 2 1025 10
7 6 4 1038 5
7 8 10 979 2
2 2 4 956 10
10 4 10 1024 5
10 4 9 1069 5
2 4 2 962 3
6 9 5 961 1
10 4 2 1120 3
6 7 3 972 5
2 2 10 970 1
8 9 2 977 6
3 7 4 1032 8
10 4 2 998 6
4 4 5 1106 10
4 9 5 1136 6
7 5 4 951 8
4 8 8 977 5
4 5 4 976 6
6 10 2 1119 8
3 6 7 1074 7
10 6 9 1064 6
2 5 9 1059 1
2 6 8 1067 2
5 6 6 1084 9
3 4 7 1102 8
5 4 4 1050 9
9 7 9 1148 4
5 6 3 1194 4
8 4 4 1099 2
8 4 6 1129 8
3 8 6 1077 7
9 6 10 1197 8
5 4 5 1249 2
8 10 2 1283 2
10 7 10 1119 7
2 8 3 1178 10
6 9 2 1106 10
6 3 7 1256 8
9 4 3 1205 8
5 9 6 1290 3
6 5 10 1206 8
10 2 2 1164 4
2 9 2 1144 5
6 7 2 1268 9
9 6 8 1271 10
5 8 9 1345 10
6 2 9 1305 5
4 8 4 1170 2
7 4 2 1213 1
4 9 8 1113 10
7 5 4 1388 8
3 2 6 1168 4
10 8 4 1138 3
8 3 3 1311 6
5 8 5 1141 9
7 9 7 1336 9
9 3 9 1360 5
6 3 5 1241 3
5 7 10 1334 6
5 5 2 1236 1
5 7 9 1209 4
6 2 4 1335 4
2 10 9 1353 1
5 8 6 1348 1
2 5 6 1343 8
6 8 10 1447 9
5 10 9 1293 10
9 2 9 1377 4
8 2 2 1497 10
6 7 8 1283 6
3 4 7 1293 1
5 4 6 1454 2
9 4 6 1460 3
6 10 4 1522 9
8 8 8 1244 4
9 2 2 1282 2
3 8 8 1465 4
7 8 3 1304 2
5 8 2 1389 7
4 8 9 1479 8
9 9 10 1475 5
3 2 3 1339 10
2 8 4 1421 8
7 10 7 1464 2
4 8 4 1402 6
4 8 6 1320 10
6 7 8 1524 4
4 9 4 1330 7
4 4 7 1337 10
10 9 7 1451 5
8 3 8 1315 3
7 9 10 1464 7
9 5 6 1366 9
4 2 2 1568 1
7 7 4 1488 3
8 2 9 1332 7
10 10 3 1396 1
10 10 5 1528 9
4 8 2 1375 10
8 5 4 1365 6
4 5 4 1455 3
10 3 9 1362 3
5 9 5 1383 1
5 4 10 1532 1
3 8 4 1592 10
10 2 10 1493 3
8 5 5 1458 1
6 4 5 1704 9
10 7 2 1639 3
4 4 6 1476 7
5 8 7 1581 10
8 10 9 1520 6
9 3 2 1682 4
8 7 2 1570 7
8 2 5 1526 7
9 2 8 1611 4
9 3 7 1663 2
9 2 4 1528 4
2 8 6 1536 8
9 8 10 1503 7
4 10 2 1677 8
9 7 6 1733 6
9 7 6 1612 2
6 2 8 1630 8
9 3 5 1752 2
4 3 3 1619 5
4 4 3 1660 5
6 10 3 1492 4
3 9 5 1711 9
6 9 10 1522 4
2 2 7 1541 8
5 2 10 1695 6
5 9 2 1799 4
3 5 3 1656 3
2 4 4 1888 6
6 6 10 1812 9
8 6 10 1620 8
2 7 10 1697 3
8 5 9 1685 7
6 6 2 1753 10
10 8 8 1592 1
2 8 9 1719 3
10 9 10 1899 9
4 7 2 1580 7
5 9 2 1813 6
5 7 8 1595 7
9 5 10 1633 2
9 9 10 1692 2
10 7 3 1902 2
7 4 10 1596 4
5 10 5 1640 9
7 8 9 1637 8
8 3 6 1608 1
8 6 8 1769 1
5 6 7 1620 6
3 9 7 1925 1
10 10 7 1853 8
5 7 4 1657 8
4 4 9 1884 6
2 9 5 2010 6
2 3 5 1918 10
8 7 3 1716 10
3 6 3 1900 6
4 3 4 1753 6
10 8 4 1707 5
5 9 5 1968 7
10 7 4 1818 4
4 3 9 1906 10
4 4 6 1933 10
2 2 6 1885 1
3 10 7 1835 1
7 6 9 1773 4
9 3 2 1826 10
5 10 4 2047 4
5 9 4 2111 2
7 3 3 2036 9
2 2 9 1723 8
5 8 5 1980 6
5 7 10 2069 7
7 5 5 1858 7
7 7 4 1931 1
7 2 9 1846 3
7 8 9 1752 4
6 3 9 2089 4
7 9 10 2105 8
10 7 6 1809 6
3 6 8 2017 9
5 5 6 2114 6
2 4 10 2086 9
4 8 2 2059 8
9 6 4 1935 1
2 8 8 2091 2
3 2 9 2172 2
9 2 2 1927 8
4 5 7 1841 8
3 10 5 1885 3
4 5 5 1836 5
9 7 4 2265 4
6 4 9 1873 8
6 6 10 2079 10
5 6 4 2099 5
5 7 7 2293 7
5 7 9 1904 8
10 8 6 2052 3
8 5 6 1902 5
8 2 5 1899 6
3 7 9 2103 3
6 9 9 2031 10
5 3 4 2210 4
4 9 9 2035 8
7 5 4 2144 6
6 4 2 1921 6
4 7 6 1984 5
4 5 6 2203 8
4 5 7 2221 4
3 5 5 1969 4
8 5 8 2231 1
3 2 6 1924 1
6 7 2 2013 1
8 8 8 1950 8
6 7 9 2393 9
