100
5 6 9 20 6
4 2 10 21 2
3 10 7 29 9
2 10 7 32 7
2 7 6 41 3
10 7 5 46 5
4 9 8 52 7
10 7 3 52 5
4 10 7 64 10
9 3 10 67 6
9 4 2 71 9
10 9 3 72 10
10 3 5 76 2
4 4 9 92 7
10 5 4 100 1
7 9 3 98 2
8 10 2 104 4
9 9 3 104 5
5 2 10 114 4
9 9 6 129 8
9 2 8 113 4
5 5 10 122 7
10 8 6 124 7
4 6 2 141 5
9 8 5 158 1
7 5 7 148 10
5 7 10 154 7
5 10 5 157 3
10 6 5 161 1
3 7 10 160 10
10 2 10 193 2
2 7 7 186 8
8 5 5 197 6
9 4 9 199 2
9 2 8 180 7
5 3 6 188 5
6 2 6 217 1
3 9 4 228 7
8 8 3 234 4
10 2 8 226 5
6 4 8 242 7
6 5 6 240 7
8 2 5 266 7
4 5 7 241 4
6 10 6 228 9
9 3 8 248 5
9 2 2 253 3
6 4 7 257 9
2 7 8 264 3
8 6 3 295 10
4 6 5 257 4
2 10 10 280 8
6 2 7 291 6
8 6 7 290 4
7 2 8 317 10
9 3 7 346 4
6 5 6 339 3
7 4 8 316 2
6 3 10 336 9
4 5 9 323 1
6 8 7 362 4
10 2 10 361 9
9 2 9 362 2
4 5 4 322 8
3 3 3 376 5
8 2 3 404 1
5 2 10 385 2
2 5 10 355 8
9 4 4 425 8
7 7 3 375 3
3 8 6 370 10
2 2 8 367 5
10 8 5 376 3
3 10 5 387 7
2 5 9 432 3
3 10 4 433 6
3 4 4 397 10
2 2 5 428 5
7 2 10 391 5
8 10 4 456 7
2 5 7 474 10
10 6 8 407 10
9 9 5 422 7
3 8 6 447 2
7 2 2 461 7
5 8 9 429 4
8 2 9 460 2
2 10 10 491 1
8 9 4 545 1
3 4 5 542 3
5 5 4 460 5
7 7 9 549 5
6 7 3 493 4
5 6 4 508 8
3 6 8 494 2
9 3 5 531 5
7 6 2 572 5
3 4 4 507 7
3 5 9 498 8
6 9 4 531 8
