450
5 6 3 17 7
10 6 7 23 10
9 10 9 28 8
7 5 8 35 5
9 8 6 40 6
4 10 5 45 2
8 10 4 49 8
4 9 4 58 10
3 9 5 65 4
2 7 8 60 10
8 5 3 73 7
7 8 7 73 2
10 3 2 82 5
6 5 4 93 1
5 2 8 95 1
8 3 2 94 2
7 5 6 109 10
7 7 2 98 1
8 6 8 114 10
4 8 3 110 5
7 9 7 114 4
2 10 2 128 1
7 8 8 126 5
8 5 7 141 5
8 8 7 154 4
9 10 5 157 3
6 8 7 156 10
4 9 5 176 8
2 3 6 174 1
6 4 6 161 2
8 5 7 197 3
3 5 7 170 9
7 8 9 199 1
6 5 5 185 1
6 5 6 218 7
6 6 8 209 2
2 8 3 196 6
8 7 8 212 9
9 10 4 244 10
2 3 7 218 9
6 2 9 214 6
2 10 6 254 2
10 4 3 229 9
2 7 3 253 2
9 9 4 229 4
6 6 9 244 2
8 5 5 260 3
9 9 8 275 8
4 2 8 304 2
2 8 7 293 2
6 6 3 316 8
4 4 4 290 8
9 8 10 270 7
8 10 10 284 6
8 5 9 304 1
5 9 5 336 7
7 10 5 301 3
10 5 9 317 9
3 4 8 295 8
10 10 7 360 4
7 7 10 305 7
4 10 9 365 1
6 5 5 341 6
8 10 7 364 2
3 10 4 352 3
9 10 2 378 3
8 6 2 385 7
6 9 10 361 3
5 8 10 402 1
5 6 4 419 7
8 6 7 379 7
4 8 4 426 5
8 9 6 442 1
6 4 10 438 1
8 10 3 376 5
5 7 2 390 10
3 5 3 391 9
6 3 2 423 2
9 10 2 423 9
8 6 4 458 1
10 2 5 462 9
7 6 4 498 5
7 8 9 430 6
8 2 10 466 5
8 6 4 472 5
4 2 3 469 6
4 4 6 476 8
7 10 7 499 9
8 10 4 453 3
6 7 6 526 9
8 9 7 477 1
3 10 5 462 9
9 7 7 527 3
8 8 4 530 1
10 2 5 542 5
5 6 10 479 9
6 6 2 572 7
7 6 4 485 1
3 6 6 585 10
7 5 3 525 2
4 3 2 584 8
2 4 9 546 9
5 6 8 605 9
4 4 6 544 10
9 9 6 561 1
3 3 4 564 5
2 4 9 531 6
8 5 4 609 6
6 2 2 631 7
9 10 3 599 3
8 2 3 549 9
3 7 9 662 9
10 6 6 558 4
9 6 3 600 10
7 10 4 570 9
4 5 5 700 10
6 9 10 707 4
10 2 3 630 9
7 10 7 613 1
4 4 8 593 7
3 4 4 594 10
7 10 8 712 2
2 3 7 647 9
2 6 8 616 3
2 10 5 653 3
10 3 9 688 9
10 5 6 647 3
9 4 2 692 1
10 10 6 652 7
4 4 2 740 8
6 5 7 785 2
7 7 7 681 1
10 4 10 777 4
5 3 9 738 10
7 2 7 776 3
6 8 8 685 8
2 4 5 678 7
6 9 2 829 3
8 9 3 790 6
7 6 2 687 1
7 9 5 801 6
6 5 8 694 4
2 4 4 816 4
2 4 9 762 6
2 3 9 867 7
8 10 2 772 1
4 4 9 834 5
2 3 4 730 1
2 6 7 821 6
2 10 2 784 3
10 5 2 827 6
6 7 10 857 6
9 5 6 780 4
4 5 3 888 1
5 5 9 877 7
8 2 4 892 6
4 4 5 862 5
5 6 7 890 5
2 2 5 820 8
6 3 9 933 9
2 9 7 789 7
5 7 9 901 1
8 5 10 855 1
4 5 8 909 4
7 8 3 991 3
6 6 5 902 6
7 3 9 899 5
4 9 7 975 10
9 7 8 843 3
8 2 9 877 10
6 3 9 881 3
5 6 4 969 1
8 7 3 858 6
3 6 7 960 10
9 4 8 942 7
10 7 5 991 3
2 5 4 1029 3
7 9 2 1028 8
3 2 2 1036 3
2 10 3 958 8
6 5 9 954 9
3 5 4 987 1
4 4 8 983 7
4 10 4 991 7
8 6 6 1075 2
10 7 3 991 1
10 7 3 1098 6
3 8 5 1069 4
4 10 5 1080 5
2 3 6 1016 10
4 8 5 1064 1
2 3 10 1097 9
4 9 7 1103 9
5 6 7 1013 4
10 8 10 948 2
7 2 10 1102 2
4 4 5 1153 5
2 6 2 1189 1
5 8 6 975 7
5 10 10 1052 3
8 4 10 1062 5
10 3 4 1030 6
3 6 10 1211 9
7 3 5 1047 3
2 2 3 1224 5
10 9 4 1114 10
3 5 3 1215 6
8 10 10 1120 3
6 4 10 1177 5
3 6 10 1086 8
6 2 3 1184 7
5 3 9 1127 6
8 7 3 1167 2
2 6 2 1182 1
8 4 9 1114 8
9 6 2 1083 7
10 10 3 1142 6
4 4 3 1099 9
4 5 3 1166 5
7 8 2 1107 1
3 9 9 1118 7
8 3 2 1161 8
2 7 5 1123 6
4 7 5 1112 2
6 9 3 1337 3
10 7 9 1328 1
9 2 9 1332 9
2 2 10 1116 2
4 5 6 1156 10
9 6 2 1297 5
7 10 8 1299 4
2 3 7 1392 8
2 3 9 1314 1
9 4 7 1142 5
2 2 3 1194 7
6 2 9 1388 5
10 2 4 1312 2
6 10 9 1406 6
2 6 9 1253 7
7 5 2 1301 5
8 10 7 1183 8
4 10 9 1192 5
9 3 3 1340 5
10 8 4 1465 1
6 9 8 1215 4
6 5 10 1212 2
7 8 7 1291 2
8 10 5 1437 5
4 10 5 1303 1
9 10 8 1367 2
5 10 2 1302 7
10 8 9 1418 4
4 9 6 1510 3
9 9 8 1466 10
8 7 7 1473 10
5 6 5 1503 10
10 5 6 1439 10
7 4 4 1556 5
5 7 5 1323 6
4 6 9 1348 6
7 8 5 1464 8
9 4 8 1550 2
4 8 8 1333 10
2 2 5 1551 4
2 8 9 1331 5
9 2 2 1307 7
10 3 4 1456 5
8 9 6 1606 2
10 4 7 1454 7
6 2 5 1423 3
3 7 6 1333 9
2 5 6 1639 1
6 5 8 1614 8
5 7 5 1642 2
10 6 5 1420 7
5 5 6 1659 8
3 7 5 1408 2
6 2 6 1501 10
3 4 5 1383 9
10 5 5 1572 6
7 10 3 1665 5
8 7 10 1482 5
5 9 8 1547 6
8 10 4 1713 4
5 2 8 1618 8
4 10 8 1724 9
10 6 8 1442 9
8 7 10 1466 7
10 8 6 1625 5
6 6 2 1470 3
6 2 6 1506 3
5 4 7 1436 5
5 6 3 1586 9
6 10 2 1486 8
10 2 5 1611 8
9 8 8 1605 1
2 8 8 1593 2
3 9 4 1672 7
2 6 6 1598 3
7 7 9 1719 2
7 7 2 1506 1
6 9 9 1613 3
3 9 10 1742 7
6 7 7 1785 10
2 3 4 1762 5
4 9 10 1592 10
9 4 2 1789 7
3 2 5 1620 6
10 4 3 1652 4
2 2 6 1871 3
2 7 9 1513 2
9 10 6 1552 4
10 7 9 1569 3
6 9 9 1688 9
3 7 7 1748 1
5 2 2 1883 6
6 7 8 1730 1
5 2 4 1579 10
5 2 2 1685 10
8 10 4 1831 3
9 3 2 1820 1
6 7 10 1810 3
10 5 7 1790 7
6 5 4 1796 7
4 3 5 1832 7
10 10 3 1775 7
2 5 6 1664 4
10 5 3 1890 3
5 5 2 1596 8
3 8 3 1815 8
6 4 7 1816 1
6 7 7 1693 8
10 4 3 1632 5
8 9 7 1822 9
5 7 3 1841 9
9 10 4 1785 2
5 7 4 1737 7
7 3 7 1855 5
7 9 8 1790 9
2 7 7 1685 2
6 4 5 1983 5
10 2 4 1831 5
2 8 7 1882 9
7 4 3 1736 3
2 7 3 1764 3
3 4 2 1975 6
9 4 3 1857 7
2 8 5 1796 3
7 2 10 1754 9
3 4 6 1723 3
4 5 8 1959 7
2 3 7 1824 7
3 6 2 1866 10
6 3 5 2031 2
6 5 4 2093 1
4 10 7 2001 2
4 10 10 1894 3
4 4 2 2016 1
2 5 4 1825 8
8 3 8 2091 2
8 10 7 2079 10
2 8 2 1767 8
9 8 5 2163 1
9 7 3 2194 2
7 2 3 1805 1
9 8 9 2156 7
9 2 7 1842 10
10 7 7 2141 8
7 9 7 2131 2
6 7 2 2052 2
7 10 8 2113 2
5 6 3 1862 5
3 8 3 2063 9
2 6 9 1900 1
9 5 2 1882 3
2 3 6 1979 2
5 4 6 2150 7
3 10 2 2003 2
4 5 5 2080 4
6 4 3 1985 8
9 10 8 2247 1
7 4 6 2173 6
8 3 8 2205 2
6 3 4 2296 7
6 10 2 2045 4
7 10 7 2207 7
5 9 5 2022 1
2 9 10 1905 10
5 9 10 1999 9
10 10 2 2280 3
3 3 7 1904 5
6 4 4 2151 1
5 3 7 1910 4
2 6 2 2357 1
10 8 2 2178 4
10 7 4 2250 3
9 5 6 2170 3
4 2 6 2264 10
5 4 9 2137 7
5 4 4 2335 4
3 3 8 2072 2
6 3 3 2228 2
5 2 5 1948 7
7 7 7 2057 4
9 5 2 2232 7
6 3 7 2061 5
8 5 6 2116 3
4 7 6 2440 8
10 2 2 2429 8
6 5 6 2381 8
2 3 2 2126 10
7 10 9 1994 2
10 2 4 2394 10
7 2 8 2046 8
9 4 4 2017 2
9 3 6 2285 10
4 7 9 2118 4
7 4 4 2465 5
3 2 9 2070 5
6 8 8 2190 6
7 2 5 2182 5
8 8 6 2441 7
3 5 8 2353 5
5 5 3 2293 9
10 3 3 2088 9
7 8 7 2342 4
2 3 3 2106 1
4 4 5 2416 2
9 4 7 2539 7
7 3 3 2303 4
7 4 2 2305 4
9 2 7 2284 4
2 4 4 2328 10
3 5 8 2470 1
4 3 4 2180 2
7 2 6 2415 8
4 10 10 2594 2
4 8 6 2376 3
5 9 8 2407 6
6 4 5 2631 7
2 5 3 2499 3
5 4 4 2464 3
3 2 7 2518 1
5 9 6 2230 5
6 2 5 2297 3
5 7 8 2406 1
5 4 4 2643 1
9 8 5 2209 1
3 2 4 2441 2
7 5 8 2681 6
