350
2 10 4 17 10
9 2 3 23 2
10 9 8 27 4
6 3 7 35 4
2 2 10 41 2
3 5 8 42 2
5 4 4 51 2
5 7 10 55 4
10 10 2 65 9
7 5 10 71 4
2 10 8 66 4
3 9 2 76 8
2 7 6 82 3
10 6 10 88 10
5 3 3 99 10
9 8 3 104 9
4 4 8 112 6
4 9 8 98 2
7 9 4 118 8
3 5 8 116 7
2 6 3 123 3
7 6 6 127 10
4 9 7 146 10
3 2 10 153 8
4 5 4 148 3
6 3 3 157 1
7 7 2 149 2
8 10 9 179 1
7 8 2 169 9
4 7 5 191 6
7 4 9 167 8
9 4 9 171 10
7 3 10 170 9
2 6 4 204 4
8 10 4 181 2
8 6 6 205 7
6 10 10 219 10
4 10 5 195 8
10 3 4 201 7
6 7 4 237 7
10 8 7 236 4
9 3 6 237 10
4 2 10 219 6
7 3 10 251 3
7 2 10 267 10
8 7 4 280 6
3 2 8 245 7
8 7 9 269 2
2 5 2 250 8
10 9 2 276 4
7 4 6 276 2
10 2 5 283 1
3 7 8 317 3
5 2 7 317 1
4 9 10 322 2
5 6 2 320 3
8 5 3 346 4
4 10 3 314 8
8 6 5 343 5
3 6 3 344 3
7 8 2 339 8
3 6 6 323 2
9 2 7 346 6
4 10 10 374 7
4 2 7 347 3
8 2 6 397 8
3 5 3 348 3
3 3 10 387 10
10 2 9 368 1
9 10 7 384 5
9 8 5 437 10
4 4 4 422 8
4 4 5 374 6
8 10 6 382 10
8 2 6 459 5
3 9 10 419 8
3 2 5 395 6
10 2 7 429 5
6 4 4 404 6
10 5 2 435 2
9 4 5 417 6
10 9 6 433 9
6 8 10 429 5
10 3 8 465 7
10 9 9 490 5
2 7 7 436 7
7 10 3 448 8
4 7 8 467 5
10 8 10 488 10
9 3 10 468 10
7 7 8 535 1
4 8 5 491 6
7 6 9 479 2
3 8 6 505 5
7 7 4 494 1
8 7 10 517 3
9 2 10 513 10
7 5 3 506 1
4 3 10 505 4
4 10 3 546 9
10 5 5 591 3
9 7 2 546 7
8 6 7 570 7
10 7 5 531 3
3 7 4 559 2
5 6 10 588 2
4 9 8 647 9
9 3 5 534 9
5 8 5 602 6
3 8 8 629 10
4 7 3 582 4
5 8 7 614 5
6 6 10 632 3
10 5 5 663 6
8 3 9 629 1
10 8 2 633 8
8 8 8 618 7
8 7 8 677 3
3 6 9 586 1
3 2 5 693 6
10 5 4 681 5
10 10 5 608 8
2 4 5 623 9
3 7 2 719 8
5 7 8 715 9
10 9 2 631 10
2 5 7 745 10
4 3 9 648 7
8 6 2 734 2
5 2 5 773 5
7 4 3 767 10
8 9 7 736 6
4 7 2 808 10
7 5 5 746 9
9 3 3 769 7
7 7 10 773 9
8 7 2 699 2
10 8 9 735 9
4 8 4 799 8
6 5 3 815 9
4 2 9 843 4
6 4 10 767 2
5 3 4 763 2
2 5 9 805 8
6 9 10 782 6
4 3 2 769 3
3 4 5 864 2
4 2 10 743 10
2 6 5 792 6
4 9 10 890 4
10 6 9 855 2
5 3 2 838 2
3 2 9 832 10
2 2 9 897 5
4 4 6 818 8
9 3 4 854 4
9 8 10 922 6
8 5 5 839 9
8 8 10 921 10
9 7 3 855 2
10 6 8 808 9
7 2 8 914 7
4 10 8 902 4
8 2 7 956 6
7 7 10 833 10
2 5 2 922 4
5 10 9 851 10
5 5 7 868 5
10 8 2 883 6
7 6 2 1010 2
5 4 9 934 7
7 3 7 1000 2
10 5 9 1015 5
5 2 4 1010 4
4 10 3 1024 9
5 7 7 893 8
4 7 6 1070 6
7 10 10 955 6
3 5 10 920 7
9 8 2 1032 3
9 4 2 988 9
4 9 6 932 1
8 6 7 919 3
8 8 4 1072 10
8 2 6 1087 6
7 9 7 963 7
10 5 5 1064 10
2 7 7 1018 6
8 9 5 1133 2
10 8 8 1138 2
9 9 5 1151 10
10 6 8 1006 8
5 10 3 1043 6
8 3 2 1156 1
10 2 7 1004 1
6 10 7 1092 3
9 5 5 1129 10
2 2 7 991 8
6 9 3 1191 7
7 3 9 1125 2
8 3 7 1058 1
8 3 9 1120 10
3 5 7 1176 1
10 5 9 1155 7
8 3 5 1064 3
9 10 4 1035 8
5 4 8 1007 7
7 8 9 1137 1
10 3 8 1156 3
8 2 7 1045 7
9 2 6 1240 7
3 4 4 1174 8
6 2 5 1066 8
10 5 8 1228 2
5 3 5 1071 3
4 3 6 1159 8
9 2 3 1095 9
6 3 7 1148 10
8 6 2 1162 10
3 5 4 1136 9
2 8 7 1321 3
8 4 5 1302 6
10 10 10 1303 10
4 3 10 1100 4
6 10 4 1304 1
9 4 3 1359 5
9 3 10 1160 9
6 6 9 1135 1
8 10 8 1123 2
2 10 7 1261 4
5 3 10 1261 2
3 10 3 1376 2
8 4 6 1245 8
4 6 9 1245 7
10 8 5 1232 8
6 8 5 1239 3
5 3 5 1379 5
10 7 2 1182 8
6 4 10 1401 2
5 4 5 1311 1
3 4 9 1362 7
3 2 9 1386 10
10 7 8 1398 2
10 5 8 1449 5
4 9 8 1443 6
7 10 8 1258 8
10 4 6 1488 3
5 10 6 1352 1
2 5 2 1470 2
4 7 7 1349 8
9 2 9 1274 2
6 5 8 1355 7
10 10 3 1506 9
9 7 6 1347 10
3 9 3 1255 3
10 2 9 1244 3
6 3 4 1419 1
4 8 6 1452 3
2 3 9 1536 2
5 5 6 1472 6
6 8 10 1404 4
2 7 4 1341 8
9 5 2 1414 4
8 9 2 1529 6
10 7 2 1420 10
8 6 8 1580 2
4 6 3 1300 4
2 5 10 1458 9
7 3 6 1570 4
8 3 7 1458 2
7 5 9 1412 7
8 9 2 1525 1
6 10 3 1448 3
9 3 4 1371 1
9 9 6 1335 8
7 6 5 1570 4
6 5 2 1605 5
9 6 9 1575 3
6 6 7 1472 7
4 7 9 1663 1
5 5 6 1638 7
4 10 10 1607 7
4 7 9 1546 8
7 2 4 1655 10
8 3 4 1547 10
8 7 7 1690 9
2 4 6 1572 10
6 2 4 1519 7
9 5 7 1457 8
10 8 2 1510 10
5 10 3 1412 1
10 7 10 1616 4
5 5 4 1556 3
10 9 3 1613 5
6 4 3 1753 2
8 2 10 1595 8
6 6 4 1547 3
3 2 3 1505 8
9 2 10 1717 7
4 5 7 1645 5
5 3 2 1540 3
7 9 5 1712 1
7 2 9 1595 5
10 2 6 1589 8
5 8 10 1544 1
7 8 9 1772 8
5 6 2 1622 3
10 9 4 1816 3
6 4 6 1834 9
7 5 5 1558 5
9 4 5 1755 3
3 4 6 1761 2
4 10 7 1790 10
8 10 9 1687 8
2 7 10 1684 5
7 2 3 1608 10
6 7 8 1648 8
10 7 5 1790 4
9 8 10 1604 2
2 9 10 1611 3
3 6 9 1808 2
8 7 3 1652 9
4 9 4 1601 5
5 6 2 1899 2
8 5 9 1713 8
5 3 7 1661 5
3 8 8 1855 10
10 2 3 1955 5
3 4 7 1608 7
3 5 3 1671 7
3 10 3 1721 10
10 6 8 1780 3
4 3 8 2002 8
6 2 9 1642 8
4 9 4 1808 4
6 2 3 1820 3
7 9 8 1932 7
3 7 8 1850 10
9 10 10 2004 4
9 10 8 1928 9
7 8 6 1959 1
2 7 5 1983 7
6 3 2 1925 3
4 4 2 2057 7
3 4 4 1994 2
8 5 6 2000 7
7 8 3 1952 4
5 4 9 1815 8
9 8 10 2065 8
8 8 10 1847 9
