300
3 10 3 17 6
10 6 7 23 6
9 5 10 29 8
3 7 4 32 3
9 10 6 39 10
2 8 7 41 7
7 10 10 47 2
5 8 6 51 7
5 2 10 63 9
7 6 5 67 8
8 10 5 76 4
7 6 3 83 3
7 10 10 88 6
6 9 4 94 5
5 7 2 100 5
2 8 4 90 4
9 8 10 110 4
7 5 4 107 6
7 8 6 115 2
5 6 4 123 6
10 4 3 130 10
5 5 3 135 10
4 2 4 125 10
4 9 9 149 6
5 8 4 133 5
8 3 3 140 3
5 5 9 146 2
2 7 8 160 1
8 6 2 154 4
9 9 2 173 8
5 3 8 161 6
3 6 6 177 4
8 5 6 205 8
7 3 3 186 10
3 8 5 211 10
5 8 5 201 5
4 3 5 227 8
5 9 8 202 8
6 7 4 209 5
5 8 10 239 7
6 4 6 210 9
9 7 3 242 5
4 3 2 264 4
7 8 10 256 9
7 3 8 281 5
9 5 6 260 8
4 7 7 253 2
2 5 5 299 10
5 6 7 271 1
7 2 2 264 2
8 5 8 280 2
4 9 2 303 4
2 3 10 286 1
7 3 3 304 5
2 3 2 336 6
9 5 4 310 9
3 2 8 300 9
7 2 4 332 9
7 9 2 327 7
2 9 2 350 9
6 3 4 366 6
6 2 8 374 7
2 6 5 334 4
2 9 10 377 10
3 5 4 392 1
4 5 7 401 2
4 8 5 404 2
6 4 7 355 4
3 9 2 386 6
9 9 4 350 4
10 10 8 431 8
9 7 8 384 10
7 6 6 443 8
2 8 4 373 9
9 7 3 424 9
7 7 8 391 3
3 9 2 447 2
6 6 2 405 1
9 6 10 406 3
7 6 7 485 8
2 7 6 443 4
2 2 7 408 8
7 2 8 444 7
3 8 9 435 8
10 6 9 518 6
5 4 2 495 3
2 8 4 445 5
6 5 10 478 5
3 3 9 540 7
7 4 8 532 8
3 9 3 494 4
6 3 8 456 7
3 3 5 544 8
10 7 4 539 6
7 6 6 560 10
10 5 3 496 6
7 6 2 514 9
10 5 2 555 8
4 3 4 584 9
4 2 6 530 3
9 6 5 509 7
2 8 5 533 6
6 8 6 563 10
8 10 2 551 7
9 7 8 532 8
6 8 2 562 9
5 4 3 576 7
3 7 9 592 2
9 3 4 594 10
3 9 2 639 5
6 10 9 570 9
8 3 2 653 3
5 8 7 563 5
6 8 3 566 2
9 6 7 671 3
2 5 9 666 3
2 4 2 601 8
4 5 3 655 10
5 3 5 678 1
9 9 4 654 3
9 7 5 666 4
4 5 3 626 2
2 2 8 638 1
9 6 7 612 9
8 5 8 739 7
9 6 7 761 1
6 10 7 719 10
9 7 4 652 2
4 5 10 776 8
10 7 10 728 4
8 6 8 709 10
10 10 7 702 1
7 6 7 655 3
4 4 3 744 1
4 10 3 697 3
7 3 6 774 9
7 3 2 690 5
5 4 2 708 10
5 4 5 733 8
10 7 10 705 4
8 2 10 700 8
2 8 5 727 10
9 10 2 755 1
6 8 7 754 10
4 9 4 805 5
3 6 3 841 8
2 7 5 728 7
5 7 3 834 10
8 2 9 745 6
4 6 10 760 8
7 8 4 778 7
7 7 6 789 5
6 9 8 871 1
3 10 7 803 10
3 3 4 856 4
4 5 2 860 2
9 9 8 918 9
2 10 10 866 8
8 6 8 906 10
10 10 6 869 8
4 4 4 913 9
10 9 7 928 9
8 2 6 826 7
9 5 4 935 5
5 4 6 974 8
8 7 2 949 3
4 9 10 882 10
5 9 9 853 10
3 5 10 927 8
5 6 2 901 3
2 7 9 859 5
7 6 5 967 3
5 2 9 1032 3
2 7 8 950 6
9 8 2 1031 9
4 4 2 959 7
2 9 4 1053 7
6 8 4 1048 1
3 10 7 1060 5
10 10 5 1033 9
6 8 7 1073 10
2 9 4 1088 9
5 10 6 933 2
2 4 3 935 10
9 6 3 948 2
6 2 2 1115 2
8 9 6 1010 1
2 10 3 1115 1
4 5 8 953 9
2 9 3 992 3
6 4 7 1047 9
2 8 10 971 3
3 4 4 994 10
8 6 6 1173 6
3 6 3 987 1
7 6 8 1072 2
6 2 6 1070 6
10 8 10 1080 6
5 5 10 1037 9
9 9 2 1075 9
6 4 6 1008 10
4 2 9 1047 8
5 2 3 1042 6
9 3 7 998 3
6 2 5 1011 3
4 4 10 1005 5
8 10 9 1134 9
9 4 4 1141 1
4 5 5 1147 5
6 6 2 1108 8
3 2 8 1140 8
8 6 3 1168 1
4 5 4 1039 3
3 2 3 1209 9
2 10 8 1229 10
7 10 10 1191 6
4 8 4 1181 8
4 6 7 1136 4
3 3 9 1313 2
5 8 4 1306 9
2 9 9 1148 1
8 2 5 1095 2
9 9 7 1316 8
5 3 9 1239 6
5 4 9 1182 9
4 2 10 1161 5
9 8 2 1359 3
9 8 9 1302 3
6 8 6 1315 1
6 10 5 1201 2
8 9 7 1277 4
3 5 10 1298 1
3 7 2 1216 2
5 6 7 1183 8
4 10 7 1261 9
9 5 9 1277 10
4 3 6 1351 4
10 5 5 1390 1
9 5 3 1233 1
10 2 6 1378 6
3 4 3 1318 1
6 6 9 1449 4
9 3 5 1211 3
2 8 9 1360 1
9 4 10 1229 9
7 5 6 1458 7
4 8 6 1421 3
2 9 9 1478 7
3 9 10 1331 9
5 9 6 1263 9
3 2 10 1516 6
3 4 2 1392 7
8 2 7 1479 2
4 9 9 1424 5
3 8 7 1423 7
9 5 10 1310 4
6 2 9 1311 6
8 7 8 1491 3
8 7 3 1510 4
4 3 5 1453 4
3 4 6 1477 6
9 5 3 1417 9
8 2 8 1516 2
2 9 5 1532 5
6 5 7 1550 8
2 7 9 1518 8
2 4 9 1475 9
9 3 4 1515 2
3 4 4 1455 3
8 2 2 1558 6
6 4 5 1516 5
4 7 9 1318 1
10 9 8 1416 10
10 8 9 1639 8
10 8 4 1567 9
7 6 6 1566 5
7 4 2 1576 6
5 3 2 1575 3
10 10 8 1446 9
8 10 4 1653 1
2 8 10 1582 3
10 10 9 1406 2
10 5 3 1385 8
3 2 3 1634 3
7 9 9 1478 1
6 3 6 1506 2
6 9 2 1631 5
10 2 8 1561 9
6 3 4 1555 5
8 10 10 1415 4
5 4 8 1596 7
5 3 4 1607 8
4 3 7 1424 8
2 2 2 1477 7
9 7 4 1541 2
4 3 7 1669 8
2 3 2 1694 2
10 5 2 1463 7
5 7 9 1762 4
5 5 6 1569 9
