100
7 8 8 82 13
13 10 18 82 10
10 3 20 35 11
17 4 2 52 2
11 4 12 28 4
3 12 13 35 15
13 17 19 114 8
2 16 16 110 2
20 16 7 80 14
5 3 6 103 20
18 4 4 56 20
9 14 13 74 6
20 1 6 63 5
14 20 16 117 9
10 10 2 99 3
20 8 17 100 14
2 12 11 27 1
2 5 20 107 11
7 4 8 43 10
10 4 1 44 2
1 13 16 118 16
17 8 13 113 7
18 14 16 86 14
14 15 9 116 7
15 8 19 45 10
7 18 19 52 6
15 14 1 107 8
8 8 17 101 18
19 14 4 103 15
13 7 12 102 2
18 3 15 97 10
7 13 7 111 5
17 20 1 117 11
1 5 7 77 2
8 8 8 46 10
3 17 1 89 4
16 6 16 97 11
1 15 5 53 10
3 2 17 102 10
6 20 7 116 12
2 10 16 86 5
5 19 19 100 5
18 18 15 106 13
16 20 11 85 7
7 3 11 50 2
2 19 20 59 9
20 16 1 89 1
16 1 13 86 5
20 7 9 52 17
12 12 20 51 19
3 9 6 74 15
18 1 15 63 15
15 5 7 30 19
13 13 7 52 3
15 13 20 77 17
20 18 5 73 5
5 7 8 72 11
9 3 13 91 18
5 6 13 81 4
15 5 20 45 20
10 16 8 50 11
17 9 1 93 1
13 9 2 82 7
14 15 16 89 9
16 1 7 73 16
6 16 6 70 16
19 10 18 93 14
1 16 17 53 14
1 16 12 117 2
3 3 16 37 10
16 12 3 99 12
1 12 4 112 20
2 2 4 27 10
1 12 16 83 8
1 17 10 82 1
1 6 1 65 7
9 1 20 35 18
2 4 19 43 7
17 16 10 54 1
14 17 7 85 13
2 9 15 39 4
12 17 8 71 13
7 4 11 53 17
15 16 19 62 1
14 13 1 41 16
13 11 1 51 6
6 5 3 32 3
9 6 14 111 20
6 14 3 30 1
5 10 18 85 6
12 20 4 49 17
17 13 18 50 15
20 18 15 83 17
20 3 4 90 14
1 4 13 28 16
1 4 6 71 3
7 10 4 56 20
7 19 18 59 20
4 17 13 35 13
12 14 11 75 17