500
6 1 13 119 19
11 9 8 57 2
12 8 12 89 9
19 6 15 69 7
14 15 13 198 13
18 11 9 319 7
14 15 17 283 1
3 1 12 103 17
11 17 4 72 19
12 19 10 87 12
6 11 19 51 1
10 5 14 82 4
1 19 12 79 7
4 2 2 180 18
6 18 11 42 9
1 10 16 345 7
13 11 4 262 4
7 9 18 127 17
5 15 16 292 5
1 13 7 70 4
20 4 20 101 2
10 3 15 100 16
3 8 8 64 9
6 1 2 66 1
15 14 6 42 3
2 19 20 342 2
1 6 13 162 13
1 3 11 96 11
10 19 19 192 5
18 20 20 350 7
6 3 8 72 13
1 1 16 230 14
11 10 12 259 3
13 18 5 41 15
10 5 1 210 5
14 6 11 292 18
9 14 14 338 5
4 6 12 294 5
11 16 1 28 4
1 20 8 185 4
4 15 8 358 20
11 6 20 60 19
10 1 11 307 12
1 3 4 72 1
2 6 20 177 11
19 1 8 67 20
15 1 1 212 11
5 2 3 213 12
9 8 14 44 14
4 18 12 108 17
4 1 12 233 12
3 2 4 93 5
3 1 13 337 7
2 18 16 302 8
17 8 18 162 15
1 10 12 111 3
16 14 13 302 15
14 2 5 294 16
19 19 18 198 2
20 7 7 124 18
5 13 14 312 7
17 2 2 148 2
7 19 12 124 2
17 6 1 32 12
20 10 14 273 4
1 12 7 64 10
17 11 16 63 5
14 17 10 144 4
19 20 6 241 11
19 12 11 260 19
5 2 18 188 19
2 6 19 318 13
9 16 11 65 10
18 1 11 57 6
7 2 5 237 15
15 19 7 136 7
6 14 12 49 5
5 2 6 34 9
6 1 14 149 5
5 1 2 229 6
16 9 13 266 11
11 11 8 309 11
15 9 14 218 15
17 4 14 304 19
19 18 20 267 6
13 5 17 235 7
19 2 12 338 14
12 12 17 49 16
20 7 9 292 9
3 20 15 55 3
1 3 20 67 12
11 13 11 121 11
13 1 17 234 3
19 12 13 360 14
6 13 2 80 7
7 13 3 57 10
7 14 1 178 8
16 8 13 255 20
1 10 14 276 2
16 4 8 359 2
18 10 8 340 15
3 16 17 64 6
13 8 15 203 6
6 18 13 206 5
7 10 1 148 18
6 6 10 52 20
1 3 19 154 11
8 15 19 301 1
17 16 12 356 14
12 9 6 34 13
1 1 18 43 4
11 6 16 168 1
10 12 16 318 10
20 11 7 258 17
7 6 13 300 20
13 20 12 329 18
20 5 2 166 8
16 2 5 339 16
3 15 4 263 20
14 17 10 311 5
20 11 10 54 16
16 18 18 179 17
11 16 4 230 12
11 4 4 116 4
20 14 17 93 12
1 4 14 199 1
14 9 1 226 11
19 14 7 173 19
1 19 4 137 11
1 13 20 282 3
1 1 6 180 19
18 5 16 329 13
9 9 13 88 9
3 11 9 350 11
3 16 3 302 13
9 12 19 354 18
14 18 2 202 3
2 8 18 48 9
18 18 1 229 2
15 9 1 199 2
11 12 5 80 7
5 16 1 134 15
15 16 2 115 2
7 2 10 207 14
7 6 17 64 3
15 5 3 71 19
9 8 4 297 5
2 19 12 199 19
1 20 4 131 20
8 2 19 48 9
5 7 12 128 8
9 16 19 98 20
2 14 7 42 14
12 2 20 221 9
4 18 6 227 17
4 2 14 320 12
15 14 14 168 12
18 14 12 82 9
5 16 14 61 8
17 6 8 328 1
13 2 18 89 6
10 16 10 163 5
15 18 11 196 10
1 13 19 46 1
19 11 9 209 4
1 6 9 67 4
8 16 6 319 4
14 11 13 52 16
15 18 6 162 15
16 15 5 226 18
8 10 4 27 18
18 2 1 174 2
8 16 7 96 12
1 11 18 299 11
10 9 10 345 3
7 7 13 317 9
20 17 1 232 10
1 9 1 131 18
1 13 3 30 8
8 5 3 107 16
18 12 2 98 10
13 11 20 293 12
14 19 1 279 6
1 1 17 335 16
2 20 15 324 11
14 8 9 130 16
4 17 5 278 16
10 13 9 170 20
15 1 1 159 6
1 15 5 202 12
12 1 3 339 15
1 5 11 17 11
14 5 16 332 18
4 8 14 293 15
1 3 6 182 13
1 1 13 317 10
18 12 1 39 8
15 3 17 41 3
15 18 14 112 4
20 18 9 293 18
4 11 5 242 14
15 18 13 354 13
16 20 10 68 13
20 5 12 145 7
1 1 1 196 2
1 19 6 60 13
14 12 14 250 15
19 4 1 302 13
12 6 18 49 17
5 12 1 98 8
6 2 18 66 2
13 7 6 291 17
16 4 17 53 2
12 6 10 69 11
12 6 17 285 1
1 17 4 216 13
11 12 9 285 13
20 1 18 212 16
15 5 6 60 12
1 19 16 66 9
12 2 20 243 13
11 9 1 314 1
14 4 14 337 17
14 19 9 351 17
19 13 13 83 14
18 20 10 190 20
14 9 19 183 6
8 19 3 159 6
20 3 15 246 16
18 20 5 184 4
12 17 6 216 8
20 5 6 163 7
4 5 20 102 16
17 13 2 304 17
6 7 3 358 7
1 15 16 193 8
8 16 17 178 17
7 7 18 325 6
18 2 20 76 15
7 5 12 141 15
5 15 1 315 9
4 18 15 344 9
7 20 6 88 4
10 17 15 182 6
11 17 2 92 6
18 1 3 270 6
3 5 1 200 10
16 2 3 120 4
2 16 5 181 13
6 4 3 332 2
12 13 12 257 4
16 2 1 61 7
8 13 3 184 6
7 1 14 86 5
16 15 17 248 6
16 17 3 139 15
3 16 5 113 2
19 16 2 181 7
7 15 8 182 14
11 9 14 175 17
15 10 1 236 19
8 20 19 276 1
16 11 4 205 13
3 12 3 155 3
18 10 1 59 19
10 3 11 44 10
18 6 17 261 17
7 8 17 333 6
6 20 16 278 7
6 7 14 204 3
14 1 19 331 9
17 14 2 163 1
4 1 13 93 18
18 16 14 315 13
2 12 11 138 7
7 18 10 118 20
13 5 10 51 9
8 20 19 153 18
8 1 18 200 1
5 11 5 31 4
1 1 4 314 4
2 20 5 42 17
1 15 4 80 3
8 18 14 161 2
7 15 3 175 11
12 5 15 284 10
18 16 11 107 3
20 6 4 51 5
19 1 18 155 1
8 11 15 104 12
4 11 10 100 16
9 1 2 230 1
3 6 5 49 17
8 16 9 247 14
15 11 8 267 13
1 1 7 219 18
5 4 4 273 17
14 3 17 57 17
18 13 3 109 10
15 2 11 38 6
14 2 8 103 5
4 5 2 114 13
1 9 16 297 4
13 11 10 319 20
19 12 15 119 8
2 3 20 239 19
16 18 1 339 1
1 6 15 291 14
5 20 1 117 15
11 4 11 78 7
11 3 6 180 3
10 1 4 334 5
11 15 4 94 5
4 18 18 123 9
16 8 18 322 12
16 17 14 246 20
9 8 9 352 15
2 12 18 80 7
4 10 8 296 14
18 4 14 226 20
9 16 17 242 12
1 1 7 324 6
4 11 11 238 7
14 16 12 355 11
2 5 18 104 14
7 3 2 75 16
15 8 9 103 2
14 9 5 272 20
1 9 12 48 11
20 6 18 147 13
14 12 7 241 7
13 17 9 147 16
13 18 11 206 1
6 12 12 130 2
16 10 2 72 5
10 6 5 63 20
12 13 1 315 4
3 11 8 231 2
6 5 13 226 9
11 1 18 86 13
20 3 12 313 13
11 9 2 275 15
9 15 12 309 19
9 13 8 308 8
5 12 16 342 6
17 20 10 233 11
16 16 14 176 5
15 13 1 256 7
11 15 20 270 9
3 10 8 327 1
20 1 2 313 10
8 9 17 121 1
4 9 1 155 7
19 5 13 231 3
5 19 16 280 8
6 16 10 292 10
4 1 4 268 10
17 16 12 182 20
2 4 7 201 15
9 16 10 199 1
12 12 20 246 19
4 10 9 69 18
5 4 5 270 5
3 2 20 35 4
9 8 14 329 15
17 14 11 303 5
1 5 11 246 9
12 4 15 76 9
16 13 19 195 16
6 7 18 288 3
12 8 15 96 8
1 1 11 274 2
4 2 17 174 11
11 5 16 135 16
11 14 19 335 6
13 20 7 179 1
10 10 1 46 20
12 17 11 51 13
20 7 5 233 6
12 20 2 212 16
12 5 16 312 15
16 17 6 229 16
4 14 16 208 11
13 14 9 360 17
1 2 6 73 16
10 19 4 179 13
7 15 13 278 14
5 17 18 143 18
19 1 18 309 1
7 8 9 260 2
18 2 14 359 18
17 15 13 193 5
10 15 18 330 3
20 15 13 219 18
3 3 8 37 9
7 15 1 237 9
5 13 16 302 6
17 1 2 223 2
9 6 7 350 4
13 10 5 62 7
1 3 12 36 11
1 9 4 324 14
6 13 10 101 14
7 8 6 29 3
6 6 10 162 14
1 9 13 211 7
4 8 2 219 5
8 4 10 195 1
17 14 15 141 14
12 12 6 114 9
16 16 18 82 2
13 1 2 272 8
5 10 20 82 16
8 8 7 34 8
1 4 8 266 9
20 15 19 329 15
5 15 6 181 19
1 4 12 128 16
16 13 14 333 4
6 5 8 152 9
18 2 13 152 19
16 5 4 41 6
1 17 4 222 13
16 14 7 81 5
14 1 12 72 5
17 10 11 72 5
19 1 15 271 11
13 9 9 71 4
13 3 16 341 2
2 14 15 350 16
2 1 16 241 5
4 2 7 148 6
19 17 18 244 14
14 4 14 360 16
15 1 9 174 9
16 11 19 162 14
8 20 11 285 14
20 3 14 303 7
7 1 18 357 14
5 5 3 291 11
7 17 12 319 16
19 1 10 95 5
16 10 14 332 11
20 11 11 333 5
8 1 1 77 8
2 7 3 135 19
12 7 13 323 15
5 1 17 56 10
4 4 15 240 12
20 9 1 239 19
6 18 8 65 4
7 2 5 340 15
19 7 4 41 2
20 11 5 225 18
10 6 20 324 2
1 17 2 182 17
18 3 1 188 16
3 13 18 351 5
20 12 14 292 20
16 17 12 276 12
10 9 17 50 7
15 10 10 86 12
11 18 2 277 1
18 18 5 229 12
5 1 16 112 9
19 11 3 212 6
6 20 10 227 14
4 1 10 349 20
5 1 12 121 9
16 15 1 162 4
6 18 19 59 18
3 13 9 116 19
4 10 15 233 5
13 5 1 93 9
11 11 14 55 6
5 12 8 145 14
6 7 10 248 13
15 3 1 318 14
11 20 17 205 1
7 6 4 59 9
8 4 9 308 6
3 1 11 69 2
12 18 18 150 7
19 2 5 343 20
20 1 18 117 14
19 14 3 295 14
9 1 6 175 7
10 13 10 151 5
13 13 1 49 18
18 18 15 267 19
6 4 7 150 14
1 12 8 223 8
14 5 8 56 16
14 16 14 116 18
9 17 3 29 3
3 1 20 260 12
11 7 1 41 8
16 1 19 133 11
11 15 19 331 2
14 9 9 244 4