300
7 15 6 102 17
6 11 7 95 15
9 11 2 173 6
17 20 17 217 6
2 20 1 68 1
15 5 1 208 4
20 4 2 86 13
6 13 1 52 1
5 15 16 236 20
1 18 20 71 17
13 18 4 57 16
11 20 6 128 13
7 17 4 223 20
11 1 5 161 13
14 6 18 121 2
20 10 8 231 15
20 9 17 151 5
3 1 6 194 11
9 8 6 66 5
3 12 7 214 7
10 17 1 98 3
1 5 18 183 8
17 17 7 100 6
4 13 3 102 15
19 14 18 233 9
9 10 1 98 7
19 17 17 195 15
1 3 4 137 15
20 18 14 187 7
17 1 20 74 12
5 2 20 77 14
18 15 3 62 12
6 1 11 31 9
11 6 13 67 16
11 10 15 57 9
15 18 11 57 1
7 10 18 103 20
6 5 8 172 20
17 20 6 234 13
2 13 6 199 8
3 19 20 136 8
15 11 8 89 20
8 1 17 32 5
17 1 1 151 10
1 8 14 90 9
9 4 16 204 19
13 1 5 174 18
1 2 1 226 20
7 1 3 12 9
6 13 7 121 2
1 7 5 215 10
9 2 18 105 10
7 17 20 80 16
1 10 1 105 13
18 1 16 114 9
14 13 7 125 18
19 8 4 74 5
8 1 10 41 6
6 9 9 128 9
9 12 1 28 8
9 9 4 185 7
14 12 9 47 20
13 8 5 26 13
19 7 2 132 13
11 9 18 239 8
11 2 16 144 19
6 17 4 146 4
18 6 17 159 17
1 6 11 215 15
5 4 1 103 13
2 11 6 187 19
9 4 1 123 3
5 13 1 225 14
13 8 5 92 11
13 9 18 101 14
17 1 19 179 2
1 1 3 27 9
1 15 1 33 2
6 11 3 25 1
1 13 10 217 8
17 17 6 73 8
19 4 1 240 3
11 6 13 113 10
8 13 4 180 15
11 7 13 126 20
19 13 6 178 2
5 6 17 58 6
5 11 15 139 14
15 11 15 215 10
7 2 4 130 16
15 1 15 50 4
4 1 3 149 13
2 14 18 225 16
12 15 6 187 12
20 1 3 229 20
16 3 15 199 15
5 10 8 103 14
9 5 16 149 2
18 16 1 161 13
18 19 11 140 10
20 15 2 130 11
14 11 16 94 15
12 1 20 110 14
2 9 20 91 16
12 7 13 202 11
12 1 20 44 2
12 15 12 227 13
17 16 17 223 11
16 18 9 115 15
15 7 3 168 12
9 1 4 61 2
13 5 1 200 11
7 8 4 172 12
1 15 5 235 2
12 20 11 62 9
1 6 19 234 14
11 9 13 89 8
16 4 10 228 20
14 14 16 170 14
19 3 5 121 1
13 5 16 44 12
13 18 14 108 5
15 16 3 237 15
9 2 17 196 14
19 9 16 64 16
10 17 9 60 3
13 1 6 231 9
14 5 1 84 12
16 1 17 190 16
20 2 19 131 11
3 5 12 222 5
3 6 19 222 13
12 4 5 227 16
1 20 1 133 20
20 20 1 121 2
18 16 16 148 19
16 14 2 51 17
9 10 2 208 20
17 12 13 111 16
6 2 6 45 17
1 4 19 207 11
7 14 5 126 2
11 11 20 167 13
10 11 15 240 6
6 2 20 230 5
20 8 11 160 13
20 16 14 170 2
3 4 18 156 4
1 15 13 214 9
10 10 12 42 17
1 8 5 68 16
15 5 2 122 17
15 16 6 193 5
16 9 19 138 10
9 16 12 171 4
1 2 5 32 20
7 19 20 149 3
5 3 12 135 7
19 8 18 138 10
17 3 5 98 19
16 5 7 185 14
10 4 10 79 14
7 11 4 70 8
18 11 10 142 8
13 20 14 76 14
6 2 15 101 3
5 5 7 150 5
2 5 12 187 2
9 9 18 119 17
14 15 1 132 6
8 13 1 26 20
13 13 20 201 4
16 13 3 227 11
5 13 10 35 8
2 5 17 126 2
11 3 5 193 6
8 2 8 53 20
18 1 13 64 19
13 13 15 196 14
9 6 19 90 5
15 8 14 182 7
11 18 15 179 15
9 8 13 89 7
14 18 13 70 13
3 15 15 85 13
14 1 6 200 16
5 8 10 84 2
5 2 13 171 14
2 19 9 123 10
4 9 16 188 13
5 13 17 115 19
3 1 2 167 18
8 11 11 88 18
2 1 2 191 11
12 9 11 127 4
16 1 1 91 6
2 9 19 69 14
7 6 17 83 16
6 19 11 121 4
18 11 20 151 16
1 9 18 145 11
13 10 13 232 8
10 6 12 172 4
18 10 18 194 1
6 13 16 63 13
2 14 15 212 8
12 9 16 47 4
5 8 1 87 17
7 10 3 182 12
8 5 15 239 4
18 11 18 47 6
4 15 8 169 3
6 1 20 216 11
8 12 9 64 15
9 3 20 174 12
3 3 12 96 4
9 14 16 166 10
6 20 3 135 10
5 6 17 142 6
16 10 6 42 16
2 2 1 145 15
8 7 9 118 1
17 8 17 231 6
16 6 5 129 19
2 9 5 232 7
17 18 20 86 6
5 19 9 206 20
16 10 18 112 7
16 10 5 234 18
9 9 9 78 12
1 18 17 107 14
7 11 18 71 13
1 14 11 166 6
6 3 1 98 17
14 3 9 92 5
8 7 11 119 5
10 3 7 106 19
4 17 3 39 3
11 14 3 122 3
17 13 5 207 12
18 12 1 220 1
1 20 3 198 19
16 19 4 108 7
5 7 20 83 6
8 14 13 77 4
1 10 1 171 19
8 2 9 117 8
14 18 5 149 3
8 17 16 94 15
19 8 3 229 14
10 18 1 111 18
15 18 6 207 4
15 14 8 198 19
5 20 20 230 11
9 3 1 31 3
15 7 17 71 15
20 8 2 150 9
12 20 6 61 12
15 7 8 234 3
2 18 12 116 7
7 1 3 144 17
18 17 3 88 15
4 14 10 119 4
6 17 17 149 6
20 8 19 146 2
13 3 6 126 20
20 2 1 178 18
1 20 11 172 3
4 14 3 118 16
13 9 1 73 11
4 14 17 128 3
19 3 18 113 12
6 2 3 164 2
4 4 8 130 11
17 17 20 190 17
9 20 8 229 14
15 8 9 206 7
13 8 16 179 6
4 13 8 85 13
1 1 13 128 13
15 12 8 220 16
12 1 18 96 13
4 11 3 46 19
10 4 2 103 12
2 4 9 219 10
8 5 3 68 2
12 1 12 217 7
17 4 16 173 15
15 10 16 170 9
15 10 14 196 9
16 2 4 197 12
11 19 5 108 13
13 18 14 170 19
10 16 8 165 11
17 6 14 89 13
8 20 13 63 19
14 13 4 232 18
19 13 3 95 1
18 4 9 150 12
1 8 20 174 9