150
5 9 1 55 16
6 19 19 96 15
20 12 6 52 1
12 15 15 125 18
18 20 9 56 20
10 19 3 48 5
6 1 8 42 13
19 19 11 112 1
12 11 3 65 5
8 11 1 99 7
20 15 1 96 4
12 13 8 101 11
10 1 5 115 1
12 9 9 68 4
19 9 14 79 17
13 18 20 62 6
2 16 6 123 16
11 2 7 99 15
10 2 5 67 15
9 10 6 140 6
4 1 15 27 12
11 3 12 137 19
12 17 7 72 13
10 20 1 81 4
3 1 19 45 14
18 5 8 57 13
8 14 15 129 11
11 4 13 72 6
14 6 3 81 3
6 20 6 51 14
14 16 11 135 4
3 19 18 143 9
10 1 1 73 4
8 16 3 31 19
14 2 17 51 11
15 9 1 43 4
19 10 17 73 9
1 16 19 77 10
12 19 7 145 6
2 13 4 82 8
17 8 18 115 20
7 1 12 105 16
2 17 12 142 2
1 19 2 128 8
14 1 19 98 7
11 18 19 65 4
9 6 1 75 2
20 10 9 44 12
20 16 3 101 15
16 20 10 91 6
19 18 5 149 1
6 2 16 120 7
6 14 6 69 17
8 15 8 148 20
18 16 1 144 20
8 14 1 137 10
14 4 12 38 19
4 18 13 48 10
12 6 3 96 1
4 17 1 150 4
7 18 11 88 7
19 20 1 87 20
20 4 1 116 12
5 4 12 99 7
17 12 16 108 4
16 1 11 143 9
11 14 20 136 16
15 1 19 134 2
18 17 4 99 18
4 6 10 149 2
11 17 15 100 1
8 15 9 131 4
11 2 4 41 14
7 20 8 127 8
4 17 18 50 6
12 13 20 76 17
1 9 1 88 13
12 20 19 51 20
17 10 9 70 14
15 13 1 52 18
2 9 16 137 19
7 3 20 47 7
3 4 4 150 16
14 13 7 112 19
1 6 16 42 17
10 1 13 111 12
14 3 1 57 6
1 4 11 95 2
3 3 12 136 15
20 1 4 134 13
5 17 9 114 18
1 16 3 115 10
11 8 5 78 4
17 12 12 56 7
1 14 19 104 4
4 20 15 56 5
15 16 5 79 10
1 17 16 34 9
16 12 20 149 9
10 4 15 133 17
12 19 19 100 13
4 9 13 124 18
19 1 2 105 15
1 16 12 62 9
4 19 8 39 17
1 20 10 53 12
5 2 2 104 17
3 6 3 57 14
17 19 1 38 2
12 18 5 90 13
9 17 14 46 7
14 3 2 113 10
7 18 10 146 15
6 3 12 56 5
16 4 19 48 17
1 13 13 71 2
13 10 16 106 7
11 5 17 122 17
12 1 7 63 7
6 4 5 21 19
18 5 17 42 11
9 1 17 125 13
17 3 8 119 6
10 3 7 55 15
10 1 4 122 7
8 7 4 29 15
4 18 1 61 7
1 19 2 101 10
7 14 13 55 10
5 9 15 145 3
2 1 6 70 3
7 7 12 139 5
14 1 7 143 14
13 1 5 139 16
10 11 16 130 2
2 3 14 89 1
5 17 7 93 11
1 13 20 50 12
8 6 7 78 15
8 14 7 54 14
1 11 11 114 8
1 17 10 83 8
10 8 17 66 15
8 2 9 121 12
4 5 6 66 16
13 3 7 67 18
3 9 10 96 16
18 12 11 106 16
4 10 5 135 17
3 12 14 64 10