50
7 7 8 36 20
20 11 15 85 10
1 17 20 54 20
18 2 6 44 19
11 7 20 42 20
17 11 18 62 2
12 4 8 87 11
15 4 12 56 11
20 8 17 84 19
2 7 16 60 13
20 14 19 90 2
5 11 9 57 7
10 10 20 40 17
12 3 15 44 2
3 1 2 47 16
5 19 4 44 17
15 16 10 67 7
1 2 3 89 5
8 16 11 47 10
10 10 5 90 7
11 8 1 49 6
5 16 6 59 11
8 20 3 76 16
8 8 16 72 8
1 7 10 21 16
13 7 20 63 7
13 19 1 64 11
6 6 14 85 15
19 14 5 76 9
2 2 11 61 18
16 1 1 57 15
6 15 10 42 8
8 16 4 74 7
6 1 14 73 6
3 20 13 87 16
2 15 18 86 15
20 20 14 87 20
7 20 15 63 2
15 3 10 33 18
18 7 9 58 12
4 20 11 59 1
2 6 8 61 2
15 9 6 41 14
8 14 1 27 20
11 1 4 32 1
14 18 14 61 20
19 17 13 84 2
1 9 9 55 6
12 9 11 43 3
7 3 2 75 3