100
12 6 4 606 1
12 3 13 79 3
13 11 7 306 5
6 3 15 734 8
15 5 14 424 2
10 5 6 87 7
2 2 5 736 1
7 6 6 553 8
2 11 6 56 5
5 14 7 358 10
7 14 11 128 9
9 8 15 579 5
15 1 3 720 2
10 14 14 684 7
1 15 5 529 8
12 15 2 676 3
2 11 12 99 4
8 13 6 35 1
15 13 15 445 4
10 11 2 133 8
2 5 15 118 3
13 12 9 494 4
6 7 13 183 8
10 7 13 45 10
1 8 2 607 5
12 3 2 273 2
14 1 4 168 9
1 15 5 48 3
13 3 10 383 1
5 1 1 559 7
11 9 1 435 4
4 4 8 455 2
15 7 13 58 3
10 4 13 77 1
9 5 5 195 9
12 13 4 457 10
4 4 5 262 9
8 7 6 393 3
3 8 5 635 2
7 8 3 170 7
7 8 13 734 5
3 15 13 140 3
8 8 15 62 2
4 12 10 497 1
7 12 12 580 10
14 9 13 227 1
5 9 10 487 1
2 1 10 211 2
11 8 12 52 7
9 9 11 259 2
14 1 7 123 2
6 9 12 342 4
6 7 8 106 10
4 11 7 117 8
6 14 11 443 10
13 8 5 191 7
9 13 1 572 3
4 13 5 524 2
10 9 4 333 10
13 13 3 91 7
5 14 11 49 1
4 8 9 544 4
12 1 15 343 7
4 14 15 364 3
13 1 8 404 6
7 15 8 76 8
6 8 11 442 10
8 7 1 250 10
2 7 9 329 10
2 10 3 528 7
8 11 11 566 2
4 10 2 110 8
6 1 12 672 6
9 3 10 199 7
6 9 5 122 4
15 2 1 499 2
14 11 5 652 9
7 9 15 191 6
13 8 13 297 4
3 5 5 336 2
9 3 6 726 4
3 11 5 177 4
11 8 2 454 1
9 4 4 66 2
8 1 9 163 10
13 7 2 73 3
12 12 1 160 7
6 4 2 791 1
1 4 1 89 3
3 15 2 87 7
2 1 1 547 8
1 11 14 342 6
6 7 7 342 7
4 1 3 124 5
6 12 11 669 2
13 3 10 294 6
9 1 12 301 7
11 4 9 753 1
14 6 6 777 8
5 8 4 181 5
