350
14 13 15 535 9
5 3 1 1186 7
3 15 15 201 8
12 8 3 1870 10
7 3 6 1069 4
3 4 2 1748 4
11 11 6 2632 8
11 3 13 1837 1
10 1 15 1675 2
15 2 13 2515 5
14 14 10 1780 10
14 10 4 1746 8
11 12 7 2609 10
2 9 12 336 7
15 2 15 2195 3
7 7 15 2222 6
7 2 8 1357 1
6 7 4 107 7
13 9 3 1778 9
4 7 2 1789 4
10 15 8 1327 8
9 5 12 1035 3
11 8 9 1518 5
11 12 10 2751 1
13 11 14 2657 8
2 6 12 1601 5
15 3 2 2333 1
14 1 13 31 8
7 13 6 127 1
12 11 10 1942 7
14 4 3 2165 3
9 9 3 1279 6
12 8 8 300 7
5 3 5 2557 8
8 2 2 797 8
14 3 1 2779 8
2 11 6 1711 10
14 14 10 2107 8
13 9 10 54 7
2 1 9 1903 8
13 4 5 366 8
15 12 11 1135 9
5 15 5 1081 9
2 14 9 707 8
11 15 15 2462 4
13 8 8 718 5
15 14 14 135 1
10 13 10 1409 10
7 8 8 2456 2
2 5 12 2216 3
5 13 15 1308 7
7 6 6 1394 8
11 3 8 156 6
10 6 15 1137 7
14 11 14 2267 8
1 2 11 1327 3
12 6 3 1587 10
2 14 3 2136 8
6 14 14 491 9
9 1 5 264 1
2 13 14 854 10
7 3 1 1323 1
7 3 4 283 9
12 1 1 1946 2
6 11 6 35 4
13 11 6 27 9
11 5 5 2468 10
15 6 1 407 10
14 3 9 564 2
4 1 13 1036 9
14 12 7 1500 5
8 15 6 1683 8
2 13 1 1864 8
10 9 12 202 5
4 14 1 1839 10
11 6 7 278 7
8 2 10 2399 8
7 12 9 179 3
1 14 11 2527 10
15 12 1 1393 10
8 11 9 225 3
4 5 15 2788 8
3 9 8 2615 10
5 9 8 1379 1
2 10 3 2615 8
15 5 5 2465 5
10 8 13 2464 8
14 7 10 412 2
5 9 9 2355 10
2 5 5 2683 8
8 12 1 93 5
12 10 8 2588 7
2 4 1 641 5
2 14 4 2064 9
13 13 14 1088 3
11 8 7 1569 3
14 13 15 2382 2
13 2 10 1308 5
11 2 7 2715 9
8 15 4 477 3
11 14 5 1525 3
13 6 9 2357 6
13 5 9 272 7
13 8 2 2783 5
1 7 8 364 6
3 15 11 2030 7
11 14 1 2119 8
8 5 1 1858 5
9 13 5 2165 3
13 6 4 197 8
4 13 13 250 3
11 1 7 2060 8
4 4 13 119 1
6 4 6 700 6
13 5 4 409 5
12 1 7 2230 2
3 8 13 2250 5
1 4 1 168 7
2 8 2 1073 8
8 10 5 2302 5
4 11 12 1931 5
14 14 4 2607 5
13 6 1 2446 10
14 4 3 1230 9
15 1 11 1678 7
3 11 6 847 5
7 8 5 1053 7
2 13 15 2432 6
2 5 15 1620 9
4 6 1 816 5
14 15 9 2765 5
15 13 1 1473 1
14 15 1 2797 10
14 4 4 418 9
13 7 4 288 7
2 6 11 679 7
9 6 14 1325 10
3 1 2 811 4
7 1 11 626 3
14 1 9 1216 4
2 11 5 2784 7
11 8 13 1673 8
11 14 3 1374 5
6 13 5 1271 3
12 15 2 1540 7
10 6 8 238 10
9 12 12 968 5
11 8 3 1103 7
2 9 1 2323 2
6 9 14 504 6
6 11 10 789 10
13 2 14 165 4
5 2 4 122 3
15 5 8 861 5
10 11 8 98 2
8 10 1 1514 3
1 3 3 2415 3
13 10 9 192 4
13 9 4 133 1
8 3 15 2679 1
14 4 14 2015 7
4 4 6 2419 7
6 6 3 1548 4
9 13 6 2626 2
8 4 9 2010 8
15 3 9 580 1
12 13 4 966 4
6 7 5 1200 7
15 15 9 517 6
13 13 5 2538 4
10 13 5 1149 5
10 5 14 1219 10
9 2 14 2598 1
12 11 12 1825 1
12 14 8 873 3
13 15 2 2124 1
8 5 3 2446 10
14 8 1 1332 7
9 8 12 1103 9
8 9 7 1783 10
3 11 2 803 10
1 13 15 1311 4
4 7 13 2010 3
11 6 1 817 9
12 5 12 2270 7
10 12 6 1779 7
6 9 14 2142 3
12 4 10 1813 5
2 12 14 1379 6
1 1 3 1895 4
10 12 4 2371 4
6 1 15 1225 9
7 14 5 1574 7
12 8 11 930 3
10 7 2 2383 6
9 2 9 2564 9
2 3 4 1159 6
4 7 6 2624 8
9 8 8 554 7
1 14 3 1819 4
5 3 4 2717 10
14 13 9 2035 7
7 12 8 387 4
4 8 8 1719 6
8 1 3 2045 10
1 15 11 2730 2
1 15 14 1584 5
5 10 3 2241 8
8 15 1 1160 9
6 3 11 1590 3
2 9 12 1696 8
13 3 7 228 9
10 7 10 2432 8
1 7 12 2044 3
12 15 5 2705 9
14 3 9 566 4
8 3 11 1855 9
8 10 8 2460 6
7 4 12 1717 3
15 2 9 1558 8
13 10 4 2309 5
8 15 9 1219 9
15 9 8 719 8
9 12 13 2430 4
15 12 7 185 6
6 8 10 2047 7
6 2 9 1124 10
14 14 2 207 1
2 3 10 2581 6
8 11 10 715 3
5 11 4 121 3
1 10 1 258 2
10 2 3 800 8
14 2 14 546 3
4 10 1 326 9
14 4 15 340 3
8 12 7 2387 9
7 3 15 973 4
3 3 1 421 10
3 9 5 2278 7
10 6 6 687 6
9 2 2 847 5
14 4 9 1819 7
15 5 4 2696 2
4 8 10 2343 1
5 13 9 770 1
6 4 1 918 10
3 4 6 956 2
15 8 6 618 5
3 4 7 2431 9
6 13 1 1473 9
3 7 4 2624 6
3 5 4 498 1
11 6 9 1753 2
8 7 6 2457 7
7 12 7 1208 1
4 11 9 199 5
15 2 7 2715 1
10 3 4 2297 6
3 8 9 2528 5
15 2 1 553 5
12 12 6 635 7
12 10 8 1218 8
15 4 12 1858 2
13 12 13 1848 8
12 10 8 627 1
14 9 13 58 4
15 14 2 1407 10
7 15 3 172 3
2 8 10 428 5
15 13 7 2403 5
11 10 5 2411 5
4 7 6 1119 8
1 1 7 2213 5
10 13 3 945 9
13 13 10 305 5
7 11 15 1746 5
6 4 4 1710 1
7 11 8 1510 3
15 3 10 1445 2
9 9 7 1441 4
2 11 4 808 5
14 6 6 582 2
15 8 4 105 8
9 1 2 282 9
11 10 8 478 4
12 1 6 1043 2
9 13 9 2070 1
2 1 11 1358 10
5 5 5 1968 5
12 7 7 666 8
8 5 9 1893 4
7 3 5 2653 10
7 9 9 904 6
13 15 6 351 5
12 4 4 638 6
7 12 5 2773 7
6 8 12 2312 8
12 15 14 1487 4
10 6 3 646 3
8 3 3 1222 2
13 9 1 615 4
2 14 10 1900 1
2 11 14 1296 8
9 3 8 27 5
6 8 11 1073 3
3 5 15 2252 4
6 12 3 1387 3
12 3 11 121 9
11 12 5 1818 6
7 13 14 943 1
2 1 13 840 8
4 3 5 1566 7
6 14 5 796 4
2 10 5 1075 5
9 6 7 2408 2
4 7 10 178 4
6 12 14 810 5
12 7 15 1837 10
8 14 1 238 10
14 8 14 921 2
3 2 15 2197 10
15 8 11 1958 3
8 4 8 314 10
12 15 12 2565 10
10 1 9 2015 8
9 4 10 1171 1
15 12 2 2695 6
5 12 10 1904 2
6 10 1 2765 1
13 7 10 2729 7
10 11 4 982 1
1 11 9 547 10
11 5 2 2172 7
12 9 8 17 8
4 5 6 2691 4
6 11 8 722 2
9 9 1 2557 2
15 7 4 668 1
9 10 8 1878 3
15 6 15 1135 1
8 10 1 1739 3
7 7 14 2469 3
12 12 9 2322 5
7 8 10 1648 10
6 6 1 1192 5
6 2 13 99 6
5 8 7 1497 8
11 1 11 413 6
12 8 9 1337 2
