150
14 14 5 1067 5
5 4 1 616 10
9 14 10 572 6
6 6 15 740 10
15 3 3 306 3
11 1 15 150 6
15 6 4 493 3
10 12 15 443 2
11 15 10 133 8
10 3 14 229 9
14 15 5 845 2
5 9 7 955 8
4 10 11 1077 5
1 11 10 605 8
2 13 11 599 9
11 4 2 1012 5
13 12 2 1190 8
10 8 10 1198 6
11 11 11 781 3
15 4 4 527 1
15 11 5 165 6
4 13 5 1196 5
5 10 10 594 1
13 13 4 1112 10
4 3 14 69 1
4 10 8 481 10
3 11 11 28 2
10 1 5 765 10
3 9 1 853 2
2 2 2 932 1
5 4 7 185 4
8 2 2 728 5
15 4 6 1105 5
9 4 11 378 3
5 7 10 692 8
13 10 2 152 7
1 11 9 835 4
3 15 3 292 8
3 9 11 235 1
15 10 15 269 4
10 8 8 369 4
7 14 6 804 10
1 10 14 396 1
5 3 4 967 8
5 14 12 559 8
15 10 14 917 8
15 14 3 156 5
13 4 3 744 10
7 1 2 764 6
1 13 1 651 10
8 7 9 988 2
13 10 8 295 6
2 5 1 313 1
7 4 9 484 6
1 15 10 991 4
9 9 11 342 3
10 7 6 300 1
3 3 5 1005 4
12 2 10 827 3
14 2 9 451 7
4 7 2 978 3
10 4 9 896 9
5 4 8 1054 9
12 9 6 104 1
13 6 6 557 7
5 9 10 176 1
10 2 13 769 8
4 10 11 434 3
6 11 6 369 1
3 9 6 501 2
7 10 2 367 3
7 6 10 896 1
6 9 9 846 3
15 3 4 346 4
9 5 9 479 2
15 9 6 711 1
4 4 5 588 6
15 5 2 949 3
7 6 13 810 6
11 4 7 1149 9
15 10 1 916 2
1 2 4 299 6
6 13 9 814 6
4 6 8 404 7
10 15 15 728 10
3 10 6 64 2
7 12 15 604 6
13 4 10 1056 3
8 2 6 562 4
10 11 11 932 7
4 8 7 144 8
10 11 7 886 9
9 11 6 98 6
3 7 12 701 8
9 14 9 364 6
11 2 1 893 8
11 12 8 407 7
15 3 9 343 4
9 15 4 34 8
10 13 10 311 3
12 4 13 366 3
12 15 12 271 2
9 1 10 927 5
2 1 5 128 1
6 12 3 1000 7
10 12 10 184 9
6 11 2 1123 1
7 14 4 446 10
12 10 12 449 6
8 14 5 563 3
10 4 14 62 6
1 3 12 41 6
3 2 7 635 5
10 7 6 391 3
13 3 13 542 2
3 6 12 1000 8
9 11 5 1021 3
14 2 11 990 8
5 15 7 503 8
13 10 10 899 5
3 14 10 85 2
11 14 4 801 5
9 11 7 779 6
5 5 11 1086 1
6 8 14 282 5
15 8 2 930 9
14 14 8 310 6
8 11 4 1158 5
6 5 3 875 8
2 12 12 455 8
2 10 15 876 2
8 4 15 682 1
8 7 8 90 8
7 2 4 1093 1
2 7 5 105 2
2 2 2 651 2
5 13 7 472 3
14 14 8 1169 4
7 4 3 874 2
5 8 11 959 4
14 4 12 858 5
12 2 2 1092 2
15 13 8 1189 1
15 4 15 772 10
8 11 2 157 4
4 4 6 911 3
7 3 12 600 5
3 7 3 69 8
10 12 15 585 4
1 7 8 565 8
