200
8 2 10 252 6
12 3 12 1456 4
7 3 6 149 3
3 8 5 1096 6
9 3 11 1150 8
8 11 12 1508 4
13 13 2 267 4
14 5 7 783 3
5 13 6 676 2
11 15 8 1573 10
5 12 12 914 7
9 2 12 1572 10
9 11 3 567 5
14 1 8 147 9
14 15 12 495 6
1 9 9 74 10
2 7 12 1053 9
4 5 7 873 5
14 7 7 640 8
4 3 1 1252 3
2 11 14 259 9
10 6 8 1157 6
14 8 8 1523 5
14 8 11 875 1
13 9 11 549 6
2 6 14 453 9
3 12 7 1309 6
5 14 14 1486 1
10 3 6 1442 2
15 4 5 19 8
14 8 10 707 5
8 1 1 473 8
15 8 9 799 9
10 3 5 691 4
12 10 3 1189 3
11 14 12 181 8
5 3 15 801 6
13 11 15 1347 2
12 9 11 801 4
8 13 7 1305 5
11 12 14 306 7
13 4 10 1390 9
10 9 12 1281 2
12 3 10 764 2
6 2 5 178 8
10 5 3 1477 5
5 6 10 1146 2
3 14 5 1259 3
1 3 1 1103 3
11 6 3 400 3
15 2 8 400 8
8 14 3 1095 5
8 11 7 575 9
2 15 2 38 5
3 9 2 330 2
12 14 3 470 4
10 7 8 1122 3
11 4 4 56 2
10 3 13 1235 10
10 7 15 1173 10
15 3 8 1598 8
14 9 2 782 5
13 11 4 787 5
14 3 3 222 6
1 14 1 1304 1
2 6 4 126 10
3 11 12 957 8
2 11 14 1486 1
12 13 14 121 4
6 10 2 812 1
14 12 8 570 3
6 10 3 429 2
13 10 6 478 1
8 11 1 53 1
3 6 9 281 9
8 2 9 1055 3
14 6 2 141 5
10 10 13 410 8
6 10 5 236 4
14 3 15 749 9
4 7 12 765 5
3 3 13 944 6
10 15 14 413 1
14 11 5 795 5
12 7 8 792 9
5 11 2 1187 3
7 11 15 212 7
8 1 9 1546 4
14 9 3 998 7
4 2 15 1191 10
7 14 2 802 10
14 6 12 1340 9
1 4 10 587 9
8 7 4 552 4
4 2 11 902 10
13 12 6 616 1
14 11 14 656 4
4 6 4 645 6
6 4 10 1216 8
1 2 2 483 6
6 8 10 1535 10
8 10 13 828 1
10 7 8 1275 8
10 14 13 847 1
5 8 5 1227 6
13 13 11 1483 4
10 3 11 1310 8
8 15 11 198 2
3 6 1 1165 9
4 5 11 655 6
10 7 9 1024 5
5 7 10 1453 1
12 7 4 221 3
5 9 4 677 3
11 14 1 415 9
7 12 14 660 5
9 4 3 522 1
5 6 14 905 10
8 15 11 179 7
3 7 15 456 9
15 6 13 1466 4
7 13 14 1049 5
7 9 8 464 1
14 8 8 1068 8
8 12 14 297 1
5 14 14 1451 8
7 8 4 1305 1
5 15 12 42 8
14 9 3 789 8
6 14 11 340 4
12 6 1 671 2
6 13 5 328 5
2 15 1 201 7
15 5 3 153 5
5 1 12 211 4
1 7 4 325 9
6 2 8 283 2
6 6 5 1395 6
14 13 11 697 8
8 13 8 259 7
9 13 4 261 9
9 5 4 657 4
14 9 12 183 7
10 3 14 1197 7
13 9 2 152 3
8 8 3 841 2
14 5 10 1500 9
3 3 13 1405 9
9 8 7 370 9
3 5 6 525 8
8 9 13 1553 2
15 10 15 494 8
14 5 11 752 4
11 4 14 1040 9
9 7 6 1231 6
5 11 6 943 3
11 10 7 1125 10
11 12 14 1099 6
2 10 9 1540 7
6 7 7 1182 2
9 15 4 258 7
2 7 11 800 1
3 2 10 964 9
10 1 6 1178 9
1 1 9 937 1
8 8 15 1370 10
3 10 9 653 6
13 1 10 780 10
13 3 11 1532 8
5 9 1 1293 1
8 3 14 1070 2
5 1 5 445 6
12 1 9 1296 3
9 5 1 399 7
4 2 8 468 8
4 6 5 182 1
2 7 2 724 4
6 14 12 581 2
5 6 11 867 1
15 3 9 239 4
6 2 4 1340 9
6 15 12 946 2
4 1 3 1433 2
10 4 11 1014 10
9 8 8 1240 9
14 10 3 469 2
11 7 12 374 10
4 7 8 390 9
14 12 13 1373 6
2 14 8 1020 7
9 15 8 704 2
3 5 5 357 7
11 4 11 413 6
10 6 7 19 9
4 13 7 1457 5
12 12 7 74 4
9 13 10 200 8
6 11 13 1251 10
11 14 2 828 3
9 9 6 1500 3
