250
12 15 10 1547 5
3 6 1 948 3
2 4 14 1948 2
15 4 3 1224 8
7 4 8 1199 3
1 6 7 131 2
8 4 13 934 1
9 15 3 1758 9
6 8 10 1745 2
7 3 9 1693 2
8 13 11 948 3
9 4 4 1355 3
3 5 7 880 7
10 3 4 1134 8
15 13 11 1916 3
8 15 14 1762 8
8 4 3 1268 3
9 3 8 1996 2
14 1 9 313 5
10 13 2 651 2
10 6 1 716 10
14 9 5 1306 7
1 13 13 1217 7
2 14 15 1746 10
4 6 11 781 8
10 13 5 1431 3
1 14 4 633 4
1 8 6 1454 3
3 14 10 1685 3
3 12 1 1170 7
6 4 1 1195 4
12 12 13 1268 3
11 5 2 810 7
6 8 1 1472 2
1 4 7 812 6
13 8 9 1070 7
15 15 4 19 3
1 5 14 1888 9
10 14 9 1237 3
12 5 2 530 10
1 5 15 703 5
1 14 4 1513 10
9 13 12 953 4
7 11 13 1442 1
10 8 2 376 5
3 3 15 53 4
8 13 4 1488 7
5 9 5 681 8
14 5 7 569 10
6 10 10 867 1
11 6 14 320 4
8 6 14 497 10
13 4 10 810 6
8 12 1 1763 1
14 14 10 1597 1
3 15 7 477 5
10 4 9 1112 7
15 9 8 1022 2
12 12 5 1717 6
4 13 9 110 7
13 12 3 1637 9
13 10 4 1169 6
12 15 12 991 5
10 3 4 665 1
6 5 14 1354 1
4 12 12 1506 10
3 14 3 27 1
5 13 15 1211 10
9 9 4 1190 5
5 2 11 1680 1
1 14 1 965 5
2 5 5 1079 8
13 6 1 584 8
12 2 2 130 2
14 6 15 510 3
4 3 4 1460 3
1 1 1 1782 2
1 3 5 1502 9
2 3 11 486 5
10 11 15 1889 5
7 15 2 748 5
5 6 1 1656 8
5 9 13 1988 4
5 6 13 1433 8
1 11 6 1935 9
13 8 8 1072 6
5 6 11 1059 8
14 12 11 210 4
6 1 11 1042 5
14 12 3 434 1
13 3 9 216 1
4 7 14 351 6
11 15 12 104 7
3 1 13 1490 9
10 5 5 1702 1
3 1 10 507 1
7 8 6 1356 2
6 10 1 859 1
12 9 9 625 4
6 2 10 1370 3
6 10 14 432 6
2 5 14 26 2
8 10 7 1311 6
4 1 11 1828 7
15 3 5 757 9
10 5 2 1139 2
4 7 3 628 8
7 7 6 828 8
13 8 3 1382 7
14 12 3 1988 7
5 6 4 1760 8
8 7 3 708 10
12 5 2 552 10
9 14 12 105 8
5 9 7 575 6
9 6 4 313 3
15 4 3 1602 8
1 5 10 367 2
5 7 2 169 5
11 2 10 975 7
11 14 9 1620 9
3 4 13 739 10
9 6 10 1078 9
1 6 11 743 3
12 11 9 717 7
2 7 13 1236 6
4 10 14 628 10
10 5 14 1122 1
1 10 11 891 10
11 10 13 791 7
2 4 9 490 3
15 15 10 347 1
12 12 13 553 7
8 9 15 524 7
13 12 3 899 10
11 3 3 740 4
9 7 4 1489 5
13 4 14 332 7
2 7 1 421 5
1 14 15 1294 8
15 14 2 42 6
12 14 1 1830 1
8 14 4 504 5
10 14 10 727 9
9 8 8 824 2
4 10 9 1365 3
13 11 11 588 1
14 8 1 967 1
8 10 13 258 3
10 8 1 538 1
1 2 3 1099 7
4 14 4 1913 5
4 1 5 1960 6
15 8 5 1694 8
4 12 1 1138 9
8 5 11 616 1
15 13 8 778 9
1 4 11 814 10
9 15 2 821 1
10 11 15 350 3
13 8 12 1975 3
12 5 2 528 8
8 3 11 632 6
14 15 2 1547 8
12 4 13 83 6
12 2 11 1506 3
1 14 15 894 10
2 15 1 1038 3
6 1 9 1062 1
12 12 3 1108 2
14 11 4 472 9
7 9 6 1343 5
10 9 4 660 6
3 5 10 384 5
4 4 8 139 3
13 1 1 1887 7
2 4 2 780 3
8 13 1 1024 5
13 1 11 1685 4
8 10 13 782 4
3 12 13 875 2
5 14 6 1593 8
10 13 1 1518 8
7 1 10 1986 3
7 12 11 265 4
6 5 11 63 9
5 13 10 194 8
1 8 2 1542 3
2 1 2 1150 1
1 14 8 63 1
3 3 1 1513 6
9 2 1 1931 2
15 7 13 1666 3
13 3 4 1882 6
1 3 7 1735 8
6 5 9 1373 3
5 7 9 1529 4
8 5 2 556 2
5 13 9 483 5
12 5 3 898 1
3 1 5 33 5
9 1 5 1231 10
13 8 5 1584 2
9 12 13 1868 2
11 9 6 1798 3
13 7 11 1684 7
4 10 7 971 8
7 2 9 1734 9
11 6 8 182 4
13 9 1 681 4
8 14 9 783 9
8 9 7 477 2
7 4 10 422 3
11 4 11 1671 1
13 13 14 1522 10
6 7 13 887 6
8 6 9 1852 4
5 12 6 309 7
7 14 14 717 9
12 15 3 198 3
1 2 12 221 1
10 15 5 426 2
1 7 5 879 2
6 6 10 66 8
10 5 7 1391 8
8 6 1 435 5
3 13 2 221 4
13 15 14 108 5
12 10 1 1319 10
14 2 3 1294 4
5 10 6 1528 9
3 7 3 57 2
3 12 6 909 7
11 8 12 907 4
9 14 14 94 7
9 13 10 806 6
15 1 3 243 8
5 9 4 1199 4
3 4 9 725 9
8 2 9 815 1
1 6 11 615 9
6 14 2 1404 3
5 4 6 945 2
13 13 11 964 6
11 10 6 1264 5
1 15 10 437 7
5 7 6 603 7
7 11 7 1611 5
7 12 11 692 4
10 14 5 1727 8
