100
7 3 2 224 1
3 2 1 300 5
9 7 5 201 5
3 8 2 237 4
9 5 7 343 5
8 7 6 129 4
10 8 2 24 5
7 8 6 154 2
10 1 7 543 1
7 4 2 37 5
7 10 6 444 2
3 10 10 270 4
6 7 1 4 1
10 2 6 546 3
7 4 5 429 1
2 6 6 580 3
4 7 10 109 2
8 2 2 114 2
9 4 10 429 2
3 7 5 460 5
4 1 4 281 3
8 6 3 29 1
3 8 10 75 4
3 3 6 311 4
1 4 10 51 1
2 8 9 567 4
10 2 8 560 5
8 1 9 231 2
7 3 1 247 5
7 7 3 550 2
7 2 7 219 5
8 6 10 12 4
7 2 6 512 2
5 6 2 375 3
1 5 3 534 4
6 4 10 568 4
1 7 3 543 5
2 1 9 544 4
6 7 7 1 4
8 6 7 269 5
9 8 8 10 4
4 3 10 364 5
5 5 10 384 4
10 2 4 267 3
10 7 2 347 5
7 4 4 208 4
9 4 7 69 1
6 8 10 339 2
7 3 4 251 4
2 8 3 487 2
7 8 5 551 3
7 10 10 492 5
7 8 5 379 1
1 9 5 429 4
6 5 6 383 5
4 8 8 215 3
5 10 1 577 3
6 5 7 122 5
6 4 2 526 4
2 9 9 301 1
9 5 8 591 2
5 10 7 251 5
7 6 8 113 4
8 9 6 630 2
4 9 9 583 1
10 4 9 457 4
9 9 6 565 3
8 10 10 534 1
10 7 4 544 5
6 9 4 37 4
9 6 2 420 1
8 4 6 273 3
9 4 8 220 5
7 4 10 59 1
1 4 10 230 4
4 5 6 283 1
6 9 2 333 3
2 2 2 170 3
6 9 9 313 5
8 7 10 367 5
8 7 10 149 1
7 5 4 146 5
7 1 4 388 5
9 5 8 476 5
4 1 2 226 5
7 7 10 474 1
8 5 8 556 2
8 8 8 83 3
3 7 8 425 4
4 3 8 309 4
7 3 5 475 4
1 5 3 94 3
8 10 7 246 3
3 4 10 439 3
2 8 8 551 4
7 9 6 149 2
4 10 9 562 2
6 7 4 98 1
2 1 7 237 3
4 8 3 42 5