300
6 4 9 1367 1
1 8 9 201 5
6 9 3 653 1
9 3 9 1274 3
10 2 4 765 5
1 8 5 1715 5
2 10 9 138 5
9 7 10 538 5
2 6 7 1619 5
9 1 1 381 3
5 9 4 487 1
4 8 1 1709 5
4 6 10 1488 3
5 2 10 168 3
1 7 3 1286 5
5 4 8 741 1
8 2 8 1616 4
6 5 6 250 4
1 8 3 698 1
2 6 1 706 4
5 2 2 947 2
9 8 2 1725 2
3 9 1 729 2
6 3 8 1637 2
6 10 9 1604 5
7 9 1 148 5
9 3 9 1628 4
10 9 6 1191 2
8 1 8 857 3
2 3 3 1422 1
5 5 7 174 2
3 10 6 1295 1
1 5 5 974 4
7 8 10 351 2
6 8 4 1581 4
7 7 4 146 3
6 8 6 433 1
5 1 7 443 4
3 5 10 767 1
8 5 3 1693 3
3 2 7 679 3
8 6 10 143 2
2 1 5 1665 1
5 5 7 254 2
2 7 5 108 3
7 2 6 980 4
9 2 3 277 3
7 4 8 637 4
9 3 6 1174 3
9 5 9 371 1
4 6 5 778 5
10 9 2 1197 1
8 5 1 1226 1
10 1 4 596 3
7 1 3 1170 5
10 10 1 19 4
7 2 5 1349 3
7 8 10 470 4
9 6 5 741 4
10 5 9 1123 3
9 5 4 1463 1
4 8 2 805 5
1 6 3 230 2
1 1 1 1773 5
6 7 9 1346 4
8 2 2 1303 1
5 9 10 1485 1
10 8 3 895 2
8 5 4 1101 4
8 7 8 1547 1
8 10 2 96 4
9 1 4 137 3
9 10 10 1727 5
5 10 4 1304 5
8 9 6 1131 1
4 5 2 308 3
7 6 5 697 1
5 5 1 415 2
1 4 7 1182 4
10 7 7 1090 2
2 7 5 865 1
6 9 9 1144 4
9 3 7 1334 1
6 6 2 1601 1
2 1 8 413 1
9 2 1 883 2
7 5 7 144 1
7 8 5 1150 5
6 6 4 1229 5
1 3 6 1247 5
10 10 6 465 5
5 8 8 539 4
5 2 9 1333 4
8 2 4 1532 5
2 9 1 1443 3
9 3 1 320 2
7 3 10 658 2
3 6 9 1310 5
8 10 1 269 1
1 1 1 288 4
8 4 6 93 5
5 5 7 1278 1
4 9 7 1757 3
9 10 6 567 3
2 5 7 1306 5
10 8 9 476 4
5 6 7 947 1
7 10 9 22 2
1 8 6 56 1
10 5 3 1183 2
4 2 2 674 1
3 2 10 171 2
10 2 1 1714 5
7 6 3 841 2
7 10 9 916 3
9 4 2 325 5
2 10 5 1261 2
5 6 5 731 2
7 7 1 485 3
9 10 6 814 3
4 6 6 776 1
10 7 7 1575 4
8 10 3 1554 5
6 1 2 1041 2
1 1 8 712 2
2 1 4 1140 4
2 4 6 883 4
6 5 4 352 5
1 1 3 1004 4
10 4 9 1107 2
7 4 7 293 3
9 5 10 278 2
6 2 10 122 1
10 4 7 1452 2
1 10 8 1240 3
5 1 2 1692 4
9 10 2 1337 5
7 9 8 1064 5
3 6 2 1715 2
10 9 10 734 5
7 7 8 300 4
2 8 5 1523 4
1 6 1 327 2
9 7 10 214 1
6 10 9 1302 3
6 3 9 671 3
4 10 6 990 5
10 6 7 784 5
2 3 9 640 2
8 5 3 798 5
1 2 2 1370 5
6 3 4 518 2
10 2 6 1653 1
10 5 7 1462 2
10 8 5 1042 2
7 5 5 1614 5
10 2 2 1134 2
4 10 7 1498 2
9 6 5 1651 5
8 2 9 1482 5
8 10 4 639 1
8 2 4 535 5
5 5 3 837 1
10 9 4 277 2
8 1 5 1667 1
6 3 6 203 3
8 7 4 1214 2
7 6 5 1244 2
9 1 5 174 5
5 10 6 223 4
8 6 1 821 1
3 7 2 831 2
3 7 9 660 2
4 9 2 332 2
10 2 8 1265 2
5 1 3 1442 3
8 7 7 1245 5
5 1 4 138 3
6 9 10 214 5
8 4 4 1209 2
6 10 9 1587 3
10 9 5 523 5
3 4 6 844 5
4 1 1 1223 3
1 1 6 779 1
4 3 2 761 1
10 6 4 1285 1
10 6 8 1596 1
9 10 2 1744 4
6 2 5 1614 2
6 7 8 604 2
7 7 6 775 4
6 5 10 1243 5
10 10 6 587 3
2 6 2 64 2
6 3 10 1313 5
6 4 1 1087 2
9 9 8 315 1
8 9 9 272 2
4 6 10 1153 4
2 5 3 1552 4
2 10 3 1438 1
5 4 10 909 3
9 3 8 483 4
5 3 3 1329 1
5 4 1 197 1
7 8 3 1151 1
4 10 4 657 5
7 7 7 542 2
1 4 10 1310 5
7 9 2 344 1
9 1 7 1520 5
9 10 5 1625 5
3 10 1 1762 5
2 5 9 1033 1
4 4 4 449 2
10 10 1 1490 3
6 4 7 1560 4
10 8 8 1575 4
1 8 6 1701 1
4 1 6 1170 4
9 4 5 982 2
4 8 10 894 4
6 8 8 716 5
8 6 8 202 5
5 2 8 1054 3
8 1 6 29 3
10 5 9 300 5
1 1 1 520 2
3 4 3 803 3
10 6 6 916 1
6 5 5 195 5
9 3 1 1519 3
1 6 3 1553 3
8 9 6 451 2
7 9 6 521 4
9 6 3 1184 4
4 9 6 554 3
10 6 2 639 3
7 6 4 508 5
1 9 4 1044 2
9 1 5 358 4
1 5 7 1081 1
9 2 4 98 4
3 6 9 45 3
3 7 5 1594 1
3 10 8 1497 3
9 9 7 1246 1
10 2 3 600 4
1 10 6 261 2
3 9 4 454 5
8 7 10 478 1
1 6 2 660 5
6 3 10 611 4
3 10 1 426 5
9 8 8 1210 1
9 3 7 1217 2
10 5 8 860 1
2 7 3 824 3
5 5 2 1451 5
5 7 7 1411 5
9 5 6 703 2
4 7 3 406 2
7 9 3 561 1
7 2 7 264 2
2 9 4 1623 4
1 10 2 1601 5
7 10 1 517 4
4 7 10 187 1
7 7 6 1170 2
8 9 5 1109 5
7 8 1 52 1
1 3 9 844 4
9 10 4 994 4
7 1 8 647 1
9 5 7 35 1
5 7 9 234 1
4 4 3 179 3
5 9 9 122 3
6 8 8 1017 5
10 4 2 1709 1
10 10 3 1326 1
5 6 10 557 2
4 7 4 755 1
1 7 3 567 3
1 7 8 1577 3
1 2 4 1525 1
2 1 3 1061 2
3 1 10 574 3
7 5 1 1435 4
1 9 10 1728 4
6 7 7 311 2
2 9 7 1294 5
6 9 5 1339 2
8 6 1 1040 1
1 4 2 1584 2
2 6 10 1441 1
7 10 10 578 2
2 8 6 1530 3
2 1 9 1627 3