500
2 5 1 217 4
2 3 4 285 4
4 3 7 307 5
9 9 10 1218 4
10 8 10 2520 5
5 6 4 1270 3
1 6 10 2155 3
6 9 7 433 4
8 2 2 1974 2
6 7 5 1305 5
4 1 6 819 1
6 7 5 2547 3
7 2 10 807 2
3 6 8 455 5
8 8 4 1846 5
3 9 4 2318 4
5 8 2 1683 5
9 2 7 706 2
8 10 10 2867 5
2 6 4 2225 2
10 3 6 1007 4
5 9 5 917 1
1 7 7 1018 2
8 10 9 1710 4
3 8 8 429 3
1 9 1 219 4
8 10 10 2569 5
7 10 3 519 3
10 4 8 156 5
3 3 5 2523 4
8 5 8 46 1
5 4 10 294 4
2 9 1 1429 1
8 7 10 1848 5
4 1 5 276 4
3 9 5 1695 4
6 9 1 2096 1
1 1 10 135 1
2 3 2 2282 1
6 5 2 2770 2
3 5 10 1871 4
2 7 6 2590 3
5 8 2 1055 2
10 7 2 648 1
7 5 7 1371 2
2 3 2 2885 5
4 9 5 797 1
3 4 9 1990 3
2 8 4 2391 5
10 1 8 1136 1
10 7 6 2093 2
7 1 7 1342 3
7 6 2 563 4
3 7 6 1417 1
1 5 2 2028 2
5 5 4 1514 2
4 5 9 2547 4
8 6 1 1634 4
9 2 10 483 4
3 9 8 1384 5
8 9 7 265 1
3 6 2 1450 5
5 2 7 156 2
5 8 6 694 3
2 10 4 492 2
4 1 3 2327 5
3 10 5 942 1
10 8 9 1686 5
5 1 6 2825 5
9 4 9 2031 5
5 10 3 2207 2
5 2 3 1681 4
2 5 1 640 2
1 5 1 2888 4
6 9 3 250 4
3 2 4 2047 4
4 4 9 2721 1
10 7 5 228 5
6 4 4 2815 2
1 10 2 1957 1
6 8 1 1122 2
7 6 8 2434 1
3 6 7 1066 5
4 9 7 2624 2
7 10 6 261 5
5 4 6 2046 3
4 5 3 650 5
10 4 4 767 4
2 3 3 1965 1
8 7 2 2562 1
8 4 1 928 4
9 9 9 766 5
1 5 2 1220 3
5 4 9 2855 4
10 4 4 512 1
8 6 5 2721 2
7 9 10 334 5
10 9 7 928 1
6 1 5 2411 2
5 2 9 2031 3
4 9 1 2132 4
4 3 7 417 1
8 10 8 520 1
8 10 3 2234 2
10 9 2 2892 5
6 7 1 789 4
5 6 6 441 3
3 8 8 431 2
10 3 4 561 4
3 3 2 2693 2
5 2 7 1516 4
4 10 9 578 4
9 3 8 2557 3
9 7 7 786 4
4 9 1 2280 5
7 6 1 99 1
5 8 7 687 1
7 2 4 55 3
8 2 6 127 5
4 10 7 2157 3
8 1 10 1153 3
3 6 2 2621 4
4 6 3 2342 2
1 4 2 1742 1
9 6 2 13 3
8 10 5 1373 5
3 10 3 2884 2
7 2 1 1563 5
10 9 1 2880 2
7 6 5 1118 3
7 2 7 313 4
2 9 9 2437 2
10 5 5 1740 1
3 8 4 1811 2
1 7 7 873 5
2 3 5 564 2
2 9 2 847 4
7 3 4 995 1
3 5 7 2098 5
1 10 5 2611 1
5 7 5 1352 2
10 9 3 1366 4
7 5 1 2652 2
5 1 9 573 3
10 3 7 671 5
7 10 7 1177 4
1 6 1 2410 1
3 2 4 1478 5
1 4 2 1126 5
7 1 10 1280 5
6 9 10 1561 1
6 5 8 1239 3
9 6 7 2861 1
10 10 2 1581 2
6 1 6 243 1
10 1 9 587 2
4 3 9 204 1
1 4 4 2375 5
3 9 3 1698 2
6 7 9 1057 3
4 3 1 1802 1
2 6 9 2626 5
6 6 10 1421 2
2 10 3 2494 3
3 2 6 1414 1
6 10 9 1349 5
3 1 3 2766 3
4 5 8 2595 3
8 5 6 1653 3
7 10 10 2259 4
3 7 4 2290 3
1 8 5 751 1
4 6 7 1820 1
3 1 8 1933 3
6 10 4 384 5
3 3 5 2896 5
2 5 9 2032 2
5 2 6 1217 5
9 6 3 602 2
10 10 7 158 2
2 2 4 2488 4
4 5 10 1678 5
6 6 10 2600 2
10 8 6 463 5
5 1 9 252 4
6 1 5 1556 4
1 1 1 2839 1
4 3 4 185 4
2 5 3 664 5
6 8 10 313 4
3 3 6 691 5
8 6 7 2059 3
9 9 2 1606 3
10 9 6 2675 4
9 2 2 437 3
8 4 10 2311 2
3 6 10 2495 5
3 3 7 834 1
6 8 7 628 4
7 2 7 627 5
4 9 10 699 5
2 2 2 2171 3
9 5 3 1896 4
2 8 10 1229 1
4 10 5 500 1
3 2 5 917 4
8 6 3 1308 1
2 2 1 1068 5
6 5 4 910 4
5 3 10 940 4
4 5 5 2003 4
10 2 7 1965 2
10 7 6 729 4
8 2 1 2750 3
8 4 8 1227 2
9 1 1 1224 4
7 1 7 2547 5
4 5 4 2675 1
8 1 3 2894 4
5 5 9 1585 1
1 7 2 1223 1
6 10 1 2567 5
10 8 1 911 4
3 8 9 1544 4
4 9 2 1495 2
1 2 3 256 4
6 2 7 445 5
2 3 8 2802 5
10 5 8 2615 1
5 10 3 1423 5
2 10 9 490 5
1 4 4 2117 5
9 4 10 1129 2
10 4 9 1225 5
5 2 3 1477 1
6 1 5 1717 2
10 8 2 428 5
7 10 2 1567 3
1 8 8 1066 3
2 7 4 1664 2
4 5 2 1649 3
6 9 9 1122 4
10 5 10 2402 1
10 7 8 874 2
10 7 1 2478 3
7 3 7 2315 5
1 3 4 2405 5
3 5 8 2150 5
9 6 10 658 5
8 3 3 534 5
9 6 9 406 3
2 10 10 2050 1
5 6 4 29 4
6 2 10 296 1
8 4 8 2523 5
2 2 10 2532 2
6 3 9 884 4
7 2 4 1387 3
1 3 6 1673 1
1 3 10 2858 1
6 2 1 57 2
2 4 6 2722 1
3 10 10 1250 1
1 1 6 735 5
2 7 7 2290 2
9 6 8 2388 1
1 8 1 2173 3
9 2 8 612 2
5 5 7 1900 3
10 9 7 95 1
2 6 5 1465 1
5 5 3 1613 1
3 3 2 634 3
4 3 3 1829 5
6 1 10 1503 3
7 3 4 380 3
3 1 9 679 2
7 6 10 143 2
3 2 1 2582 4
6 5 5 209 5
7 5 3 1861 4
1 4 5 655 2
5 8 2 688 2
7 10 2 945 1
9 9 7 38 4
6 9 9 1068 4
7 8 4 2132 1
10 3 3 2493 1
5 5 8 1865 4
4 3 4 1360 5
1 6 1 2217 4
2 4 6 2461 1
10 2 2 652 1
2 4 1 1620 1
2 9 9 1637 5
5 10 6 554 3
2 9 8 2764 5
8 1 6 164 3
9 6 7 1097 2
6 3 1 398 1
5 9 6 124 3
3 6 5 2564 4
7 9 9 1373 3
4 8 3 518 1
3 9 9 1244 4
2 8 8 1447 3
9 7 1 2078 1
3 2 5 2302 1
8 3 9 2141 5
6 7 5 2785 4
5 9 2 2079 5
8 5 7 1983 2
10 5 4 470 2
7 6 2 1436 1
3 6 6 922 4
4 8 8 2362 1
4 1 7 1044 1
10 8 9 19 2
5 5 9 792 2
9 4 10 162 5
9 7 3 1502 2
5 6 1 2592 1
1 3 1 2733 1
1 7 9 1264 1
5 4 6 109 4
3 5 7 2033 5
6 4 10 699 3
3 6 2 1578 5
2 3 10 2781 5
6 7 8 2602 5
1 1 4 731 3
10 1 4 1216 2
4 10 4 1300 3
1 2 3 580 5
1 9 7 1896 2
3 4 2 2802 1
7 7 2 1587 3
9 4 9 199 1
1 4 10 665 5
4 2 5 262 5
1 6 5 2685 5
4 10 8 2477 5
9 10 7 1222 5
8 4 2 740 3
7 1 10 1126 1
6 4 10 263 3
8 7 1 2798 1
2 2 9 833 4
6 7 8 1480 3
2 6 8 2859 3
9 4 10 267 2
4 8 9 1744 2
10 3 2 2514 1
5 10 9 1630 3
10 9 9 2062 5
9 3 7 1101 4
5 4 1 2446 2
10 2 6 2145 5
6 4 2 1551 3
1 1 7 1910 3
2 7 5 1621 4
9 3 3 389 3
10 7 4 2066 1
2 4 8 2444 1
8 1 2 1542 2
4 2 8 307 3
5 7 6 2439 5
10 7 2 469 3
9 10 8 1033 1
9 10 10 1785 5
9 1 9 2306 2
9 8 3 2370 1
2 9 9 883 4
8 6 9 2161 1
2 8 10 2462 5
1 9 4 2686 2
5 10 4 1997 5
2 3 6 69 5
1 6 4 2599 3
9 3 4 855 5
5 10 6 906 1
4 8 6 1491 1
10 1 1 169 3
9 9 3 666 2
6 10 4 2270 4
1 3 2 827 2
2 4 2 2272 4
7 6 3 1398 3
4 8 4 1347 5
6 8 8 300 3
1 8 4 2718 3
5 8 4 2506 4
8 4 3 1141 2
4 10 7 2880 5
7 8 3 2363 5
8 8 1 512 5
7 3 9 2172 3
4 5 3 1169 1
8 1 5 2312 1
7 8 1 2214 5
9 4 10 801 2
4 10 9 1603 1
3 1 8 1880 5
6 9 10 1829 4
10 8 6 707 3
1 8 8 2509 1
9 7 4 1129 3
5 5 10 2240 1
6 8 5 1602 5
1 1 9 1960 3
10 10 7 1461 1
7 6 2 1510 3
10 10 8 1695 1
10 6 6 751 5
2 7 7 22 4
9 2 7 700 1
7 5 5 1790 3
4 6 1 2555 1
3 7 2 1587 1
3 8 8 2285 2
9 6 3 1433 1
5 6 5 2014 2
6 10 9 1170 2
7 4 9 1487 4
10 9 8 2170 3
4 2 9 918 3
7 7 9 517 5
4 9 2 1615 3
3 3 4 1776 3
7 10 5 1700 5
7 8 5 1156 5
5 7 4 2320 4
2 5 7 1737 4
9 9 10 2777 4
6 8 10 41 2
1 6 3 670 1
9 1 4 1544 2
4 6 5 2816 4
2 8 10 434 5
3 4 5 188 3
9 4 10 2843 5
8 5 9 1329 3
2 1 3 903 2
10 3 5 94 4
7 2 2 2724 5
4 4 10 1304 4
3 5 5 909 1
8 5 6 1461 3
9 3 9 1865 3
2 6 7 1537 3
6 3 4 420 3
7 2 2 1077 1
1 1 7 2210 1
4 7 5 2416 5
9 8 7 824 4
7 4 8 2701 4
9 4 4 366 2
1 2 7 1867 5
6 4 10 1070 1
1 7 6 1122 4
8 1 7 1503 5
7 6 9 2896 3
8 10 6 1027 1
10 3 4 2091 2
5 6 10 804 2
4 8 10 750 4
6 8 3 1397 3
9 10 3 2403 5
6 3 2 58 5
8 1 6 262 2
10 4 10 1811 4
5 7 8 657 4
4 4 6 296 1
4 5 4 1760 3
6 4 1 1270 1
4 10 10 2565 2
7 9 2 1361 2
9 4 1 2337 2
10 7 2 761 2
10 9 8 2610 4
3 7 1 457 2
4 8 8 2531 3
3 5 3 1036 3
5 3 5 1207 2
1 1 1 691 5
10 4 5 956 5
1 10 5 2242 5
7 9 8 2677 3
7 2 10 259 5
2 10 6 889 4
8 6 5 2508 1
1 7 1 203 5
5 4 7 1690 4
9 2 9 606 3
2 6 1 27 1
1 9 4 1972 3
8 10 8 14 2
9 3 10 2311 4
7 5 10 590 1
3 10 3 2314 5