100
38 19 18 2857 4
13 17 13 3239 7
17 46 16 3582 6
13 5 26 2609 4
33 44 24 3658 5
49 39 24 423 6
44 5 32 3404 1
15 47 34 747 8
32 18 18 2920 7
28 47 49 1807 7
28 47 25 2012 4
36 19 37 1516 8
37 10 24 803 9
37 25 22 3337 6
43 11 28 2388 3
16 33 31 1149 2
11 8 3 3143 1
48 25 42 3623 3
11 5 40 433 5
19 5 33 179 4
38 2 17 2551 6
19 9 10 2510 3
14 36 11 2596 4
9 45 16 3046 6
14 36 10 2092 3
16 42 7 3324 8
33 24 45 1603 9
24 11 3 2814 3
47 33 49 2660 2
42 34 26 1543 6
27 14 39 1923 3
22 24 21 982 9
32 45 20 1775 3
22 33 33 233 8
18 1 40 673 6
19 33 33 413 9
34 48 6 1842 4
23 13 12 252 6
30 35 2 1400 3
44 14 2 1430 9
26 22 43 1403 5
8 35 37 2220 6
48 29 32 598 6
40 26 40 3570 3
25 34 45 3304 6
20 7 11 1079 7
19 44 29 802 3
36 47 48 3322 9
36 13 26 1877 4
27 9 14 590 6
3 38 23 1314 2
37 32 17 299 1
9 12 20 1062 9
11 2 37 3130 5
43 27 7 3555 2
28 26 24 2249 7
20 29 7 974 8
19 13 45 1666 6
4 30 24 1369 8
4 14 7 135 7
23 29 23 1156 5
38 3 34 2702 3
12 11 15 975 6
41 18 10 3674 4
6 22 21 1786 8
7 8 26 3231 2
28 44 1 2263 5
19 27 38 835 8
15 25 15 1673 4
27 19 7 2335 4
2 48 28 1356 3
5 18 22 746 2
13 41 47 2152 1
24 39 5 3644 5
13 10 26 216 7
45 2 44 2063 2
39 31 2 2355 7
49 1 7 1466 8
8 36 1 3353 5
21 41 1 1713 7
36 30 17 2808 2
35 46 28 416 1
17 1 32 168 7
4 17 3 553 7
48 47 43 3478 6
17 42 43 1271 1
7 41 5 150 2
44 2 23 489 6
28 14 29 2065 8
33 1 39 1153 5
48 41 10 2266 8
16 40 5 3244 6
39 45 49 3043 4
43 13 44 2219 5
39 27 21 2679 2
19 28 13 1930 5
8 13 29 2671 4
42 2 33 2874 1
35 11 36 3195 8
21 5 43 3692 7