300
9 21 30 7378 8
35 48 43 2935 2
9 30 10 8301 4
25 10 43 7237 1
10 38 13 9186 2
7 26 33 11033 6
20 33 30 10198 2
14 10 15 9576 7
14 6 15 1765 7
4 46 10 4651 9
43 16 7 1902 6
15 48 15 8481 2
37 9 8 1966 5
33 33 4 9021 5
12 32 12 2474 3
18 38 40 6830 7
43 34 47 2397 7
6 24 14 1789 8
28 18 37 1437 1
30 14 17 3514 1
44 31 11 3644 2
32 5 48 9005 7
14 29 8 9613 4
34 21 12 9630 1
43 42 48 3554 6
6 18 18 4367 9
30 35 28 9910 3
46 31 3 10622 8
44 19 39 2435 8
11 45 38 3454 9
18 2 4 6639 4
30 40 10 1580 8
17 45 45 1681 5
19 35 41 4994 7
16 6 46 1862 8
18 40 36 9449 9
38 23 12 872 8
41 18 1 8087 9
6 41 29 6211 3
26 28 38 5817 1
29 13 25 5277 6
6 33 20 6352 2
3 11 22 4425 1
8 1 45 3202 9
10 1 27 2678 6
21 38 34 6073 2
4 18 34 7408 2
27 7 48 7665 2
6 5 43 7062 8
21 28 32 2885 2
14 2 6 5583 9
40 35 10 5364 6
39 49 47 7870 6
26 12 49 8702 6
23 20 13 3223 3
47 9 47 6478 1
5 48 14 1631 7
14 5 26 2509 1
9 31 32 7189 1
17 10 10 3652 9
35 26 2 1048 5
3 23 36 7493 2
42 13 45 429 2
37 14 32 1706 2
44 23 21 1510 2
38 49 44 5647 5
3 25 17 9437 2
43 31 48 6258 4
30 34 2 4532 1
1 26 30 1228 4
4 9 19 8265 5
48 16 27 9890 9
29 36 34 1030 6
20 49 3 3923 2
34 34 35 975 5
25 35 30 8767 3
39 48 32 10993 7
12 43 47 4787 9
25 20 5 6528 5
3 30 16 10935 9
23 40 22 75 5
16 30 32 4569 7
40 44 45 722 1
42 13 34 2111 1
35 18 6 513 5
37 23 11 4837 8
49 9 3 2528 5
25 18 36 2223 9
38 32 29 3944 7
44 12 48 11008 4
13 18 11 3352 8
45 42 13 4830 3
1 14 49 4429 8
23 24 21 1648 2
38 46 21 10353 2
37 8 14 1036 5
19 34 2 315 5
41 33 23 1199 2
12 28 17 1906 9
40 45 20 8424 6
26 32 4 10634 7
39 33 30 3797 4
30 34 42 1662 7
39 24 34 1532 2
43 44 19 10017 6
18 31 8 6820 4
6 45 40 7522 4
28 49 15 3445 3
22 48 12 688 8
35 32 12 10425 2
16 17 42 5288 2
24 44 40 3606 9
3 6 48 3180 6
47 30 31 1263 7
26 21 39 1286 2
9 17 32 10415 8
13 45 39 7225 6
3 39 15 10793 1
36 13 43 1924 4
20 10 39 824 2
36 20 20 10638 6
43 6 10 7855 9
1 5 5 10308 9
45 40 46 5958 5
17 40 31 6625 3
23 10 35 8382 8
13 3 14 1166 8
27 3 26 9631 7
42 46 41 686 1
10 33 11 7576 7
12 4 37 9431 9
13 46 39 1545 7
6 29 15 7586 7
37 39 3 9699 7
45 22 31 4842 2
45 30 14 4267 6
15 1 44 5428 5
4 8 32 10324 3
32 16 44 4273 5
23 22 47 7962 2
29 9 14 9248 1
33 4 46 5166 2
49 13 25 10706 5
15 17 45 5778 8
23 11 29 3776 7
36 18 34 8763 5
19 20 36 683 1
26 8 48 10686 5
46 44 3 5107 1
16 33 47 10424 7
44 46 43 6145 6
33 40 12 10216 6
44 6 41 1094 8
21 13 9 9659 5
11 13 6 8731 8
33 30 14 8407 6
44 31 15 2485 3
19 15 36 7422 8
4 33 36 5295 2
30 40 22 6901 4
49 9 27 733 1
36 29 11 8515 3
12 10 16 6406 2
1 10 31 4848 1
40 3 6 9312 4
34 40 42 5167 4
42 21 12 3051 8
40 6 19 3450 7
6 41 22 10225 9
7 1 5 1770 8
21 14 37 6014 3
23 27 17 5624 7
18 49 45 7406 6
5 3 6 2145 7
2 39 26 2850 8
17 22 36 582 8
19 27 21 10929 8
8 14 17 3127 2
9 37 33 8816 7
8 28 7 7467 7
6 16 1 7510 4
45 12 1 1474 1
46 4 42 7748 3
16 23 35 5276 4
2 43 46 280 7
31 24 27 3799 3
48 8 9 6545 1
3 14 34 261 2
46 39 19 9322 3
26 41 45 8483 1
5 7 34 4786 3
43 40 12 6357 1
8 27 33 4132 2
43 13 7 6716 1
5 32 10 477 2
27 48 1 1714 4
39 11 13 3919 4
47 48 36 6996 5
26 34 37 318 1
31 18 48 6942 1
14 4 23 2203 8
10 34 10 346 7
17 9 39 9053 2
48 4 5 3331 4
39 43 7 6190 8
23 12 5 435 5
3 33 23 3357 3
36 28 48 300 2
37 6 43 632 6
39 6 33 4524 6
23 19 47 9380 9
11 28 35 4159 8
6 18 4 10526 1
9 1 6 9248 9
39 13 30 3317 3
33 12 13 7726 8
17 30 22 2567 2
5 6 34 7297 4
27 20 7 4239 3
28 41 4 9864 7
18 44 44 5138 5
36 15 4 4905 9
20 28 8 8740 2
48 18 29 1693 1
32 21 25 7807 7
32 4 22 2993 7
39 26 24 10282 9
28 41 37 8416 3
10 33 49 4909 6
19 37 10 4876 8
6 21 23 3069 3
13 29 17 2852 9
4 22 27 5685 5
9 12 5 237 6
30 47 1 5700 4
25 38 43 10186 7
41 29 43 7474 3
25 37 23 8063 6
9 27 20 7905 3
40 42 33 6938 3
44 4 13 308 4
9 21 19 10008 4
16 48 42 7972 6
43 42 46 10467 4
42 16 45 7446 7
23 47 13 314 7
17 1 1 1871 1
14 41 39 122 9
13 16 35 5663 6
39 12 40 9631 6
46 28 7 3774 7
49 30 23 8937 4
39 27 34 5213 2
21 1 32 8314 1
3 3 38 3453 1
24 39 17 2996 6
12 15 25 8067 4
19 40 1 346 8
4 32 10 6561 4
1 3 23 4764 2
25 18 29 5570 6
19 17 19 2602 2
44 19 37 1928 2
4 44 33 10946 7
8 39 35 4627 7
14 16 17 1092 1
16 46 20 4874 2
41 28 8 3856 9
34 31 28 159 4
40 40 46 1126 6
27 21 42 11077 4
18 16 17 8109 3
29 30 21 2274 2
5 30 44 1676 4
30 20 3 2626 7
45 28 32 11050 8
9 8 34 4409 3
24 49 39 9645 4
29 12 9 438 2
29 40 49 9699 5
33 31 11 4889 5
2 26 41 6007 3
3 34 44 2670 4
29 32 5 6102 1
45 37 43 147 1
26 28 38 1168 4
30 5 30 5311 8
35 20 21 6853 1
24 31 33 951 3
41 3 4 4245 2
49 46 45 390 5
38 42 21 1170 2
46 44 15 6084 4
20 7 1 986 7
39 2 46 3762 3
5 6 46 913 8
25 39 42 8255 9
16 6 19 2022 6
23 8 5 3620 7
7 7 26 627 6