450
33 28 35 3566 1
9 20 22 14696 4
40 16 26 2647 3
15 30 19 10666 4
32 42 49 12580 9
3 28 1 2532 8
13 31 40 2087 5
45 40 40 2187 5
43 46 41 12638 3
30 15 30 9347 8
29 29 43 8655 4
17 26 29 4119 4
19 4 9 14991 4
19 19 7 12994 7
3 2 21 1580 5
34 3 37 10176 6
49 8 27 15119 6
9 16 19 11193 4
6 22 23 7859 9
29 46 26 14383 2
10 14 13 2880 5
30 9 4 13360 1
26 26 30 12771 1
28 20 4 9594 8
7 46 45 8146 1
18 31 49 15233 5
22 26 8 12719 3
22 44 44 10311 8
9 31 3 2753 2
24 13 27 1613 6
45 40 18 1753 8
1 48 1 3787 6
47 35 38 4809 3
11 2 47 1087 9
16 19 1 7571 9
33 1 17 1072 6
44 28 46 4372 3
16 46 40 7922 1
38 49 7 16358 9
32 29 22 12410 7
35 22 39 4580 6
35 39 16 7264 6
29 43 33 15469 9
43 40 13 7545 6
36 47 27 137 2
3 28 13 14669 1
5 47 39 7324 3
16 32 5 2007 2
33 10 40 10944 5
43 16 1 13699 3
4 10 43 7570 9
29 38 42 142 9
10 26 45 5281 4
39 28 47 7148 2
48 47 12 5697 1
13 15 33 11457 6
42 15 19 8461 3
12 46 2 16582 3
14 13 11 11838 9
35 22 11 13870 2
33 26 3 15270 4
16 13 9 16439 2
13 33 23 6712 2
31 45 21 2660 9
30 36 3 16169 9
45 11 44 7521 4
23 33 6 10899 2
21 4 31 12863 9
46 45 28 4294 1
44 47 40 6230 1
22 49 23 12832 3
6 6 22 8228 2
48 33 3 3533 7
42 1 27 3791 5
2 2 48 8941 1
45 3 29 2352 5
44 43 49 10786 3
42 26 10 15836 9
35 33 38 8923 3
46 20 32 421 7
1 33 20 15856 1
35 39 11 5394 7
25 32 41 15751 4
26 28 32 13386 3
23 5 15 15814 1
4 28 16 5515 7
5 24 7 1142 9
2 4 46 13040 9
14 20 34 3757 7
9 47 48 3623 9
10 36 41 4029 2
43 7 21 16419 7
14 38 16 3362 1
10 46 35 2018 3
17 8 44 10457 8
3 21 43 6223 7
10 30 32 15996 6
5 22 8 5889 7
26 10 31 13754 5
6 39 43 2006 1
25 16 29 5023 6
2 36 28 5141 2
16 13 33 9928 8
33 32 45 8749 4
2 28 35 9773 6
3 42 26 12458 9
49 42 15 4379 3
14 38 9 14057 3
47 18 19 12806 6
26 26 9 9400 9
35 42 7 16568 3
42 19 35 9013 7
28 7 12 11540 8
19 47 13 16124 7
11 1 2 6486 3
6 22 12 3064 2
9 47 32 16311 1
46 31 14 8175 4
27 2 16 2060 5
10 37 47 3911 6
20 41 4 11469 2
11 31 1 14894 2
21 11 35 7247 9
9 39 37 7487 2
45 36 48 3019 6
37 6 44 12373 8
21 42 10 10253 9
33 34 41 6863 1
3 29 22 6166 1
2 1 33 11273 2
1 3 47 7727 7
20 11 15 15723 1
17 35 47 4729 7
21 36 17 10759 4
17 23 3 14826 5
15 49 10 6914 3
32 7 24 14743 7
33 32 46 10993 1
37 38 5 124 2
4 48 39 8742 6
31 36 19 2900 3
28 27 30 9092 9
29 4 2 15922 2
24 10 48 14274 8
2 42 42 3019 1
32 32 40 1935 8
23 7 46 15175 6
37 6 47 9603 4
49 24 32 8381 9
12 21 33 768 2
23 33 29 5155 4
32 8 4 633 2
19 10 3 15000 9
6 15 21 3576 9
23 43 25 8710 1
13 45 17 1843 5
41 26 19 11434 7
18 43 22 11851 1
18 4 39 8566 8
25 26 46 2004 5
25 3 41 5317 1
1 41 14 3730 4
18 38 8 7776 5
18 13 11 15121 9
25 17 48 14089 5
48 4 28 1633 2
32 16 40 5396 6
34 26 33 13948 6
16 16 45 16408 1
14 14 30 9085 6
10 1 22 3109 2
3 19 38 15744 2
15 14 31 8280 6
41 7 43 9119 4
48 44 30 6164 3
20 27 26 9477 3
7 35 16 7105 5
44 34 6 13008 2
45 43 27 12249 9
2 16 29 14424 9
27 21 49 7425 6
40 25 12 14067 5
14 10 12 5174 2
12 45 31 14547 2
1 3 21 10322 4
14 36 41 15576 9
14 6 46 13594 6
26 14 48 4491 8
21 32 5 14975 5
25 45 40 12906 1
12 2 43 3145 5
27 33 31 11408 8
26 45 4 1984 3
5 8 17 8568 6
7 44 46 422 4
4 38 13 3343 8
4 4 39 6394 4
15 29 8 4301 2
17 19 27 14378 4
27 12 23 5237 1
11 6 7 4078 2
35 17 18 7870 8
45 31 43 11559 2
22 36 2 6843 2
19 12 25 6012 7
17 28 16 10929 4
9 2 6 15245 4
34 28 8 15801 2
20 14 45 8806 3
5 2 34 15319 1
5 28 1 6225 8
48 42 31 11634 8
45 30 24 2003 7
9 22 47 11426 7
27 7 17 16511 2
37 20 23 15720 5
8 40 2 12506 1
40 49 46 8140 9
15 1 21 3624 9
1 41 14 4810 3
31 25 6 10150 6
11 46 34 5902 1
38 13 34 552 3
13 10 18 7565 2
47 3 17 1696 7
30 8 31 7498 5
44 9 7 7760 1
2 32 5 8164 9
18 10 29 3962 7
41 34 1 7425 5
46 7 1 12010 5
16 32 36 4205 2
32 39 5 1179 1
1 24 33 13419 9
9 25 25 12406 7
44 40 24 16239 7
25 43 11 8893 5
18 36 5 2963 6
22 45 21 7113 4
46 49 48 3185 3
45 41 26 7137 3
15 13 30 5981 8
32 21 5 7385 9
6 14 11 3667 5
8 22 3 8558 2
7 16 35 12676 8
1 45 24 1661 4
35 11 25 8899 1
1 34 24 7183 9
27 24 19 4556 3
37 47 46 8977 3
38 28 10 5148 5
16 25 29 16526 3
18 29 15 7641 7
21 9 33 11607 4
24 34 36 8077 5
11 17 42 11105 1
26 39 43 8347 4
18 30 17 444 4
21 13 46 3921 6
31 10 25 1677 7
25 42 21 7871 4
11 12 39 1139 1
10 29 19 4504 6
28 23 28 5608 4
19 28 5 11483 1
32 23 21 10807 3
44 39 14 1498 3
21 49 6 8973 9
43 32 3 2889 1
48 45 41 15242 6
14 4 47 12662 7
12 4 11 5882 6
7 5 11 6595 6
12 10 39 5631 1
40 21 15 12897 2
29 2 20 11824 2
42 12 5 106 7
23 5 7 14607 8
13 39 36 4064 2
28 39 15 638 8
35 46 20 135 9
14 2 15 8886 1
2 5 14 1413 2
9 38 43 1533 4
29 21 14 6514 3
17 41 7 13947 2
3 31 1 1644 1
6 13 36 6958 6
40 43 5 6582 7
31 44 15 3426 5
48 16 30 7481 1
28 21 37 2941 9
28 12 23 7797 3
15 29 39 7590 8
2 6 49 3872 1
18 35 43 8344 8
42 29 29 5536 6
29 18 21 8004 9
32 33 31 13598 5
14 48 2 16364 7
5 36 49 7900 7
31 9 11 13543 9
22 30 29 11686 3
31 10 11 7194 4
40 41 9 12923 6
45 26 25 4608 3
4 14 2 5528 6
48 17 3 14623 7
17 11 39 9604 6
6 19 29 12007 3
4 19 30 7040 8
6 37 21 11286 1
17 38 13 10691 9
14 36 44 6935 3
1 5 11 8263 8
14 14 6 3912 6
40 44 25 12957 1
45 36 20 5753 3
8 2 7 6420 7
25 1 14 4961 3
25 17 6 4433 4
25 4 9 13508 1
28 35 49 4387 1
16 17 49 14642 4
32 9 3 9986 8
33 6 33 1865 9
10 47 1 11932 7
13 25 4 10231 5
28 28 39 10185 8
8 17 36 7627 6
45 24 7 3132 5
27 22 27 11062 7
28 29 7 126 9
25 14 49 9614 8
44 43 5 12408 1
16 30 49 5317 7
42 16 4 3308 9
18 35 1 5744 7
38 16 36 8125 1
42 5 34 920 4
8 39 38 3397 3
25 25 33 10432 9
13 12 20 8201 1
14 1 39 5975 2
2 13 35 2008 3
49 7 14 14476 2
13 2 10 10373 3
9 31 8 15846 9
32 38 37 11658 2
13 17 27 4291 2
5 38 36 2831 9
31 5 49 7508 4
24 10 44 7810 5
13 5 35 5437 8
22 30 9 1781 6
5 46 36 14042 5
24 23 14 15206 9
26 39 8 3410 2
13 23 1 11398 6
23 8 48 6272 7
9 36 21 8180 2
41 12 8 11675 4
45 20 17 14612 8
20 26 18 11583 8
41 10 47 12819 8
47 32 40 12443 1
2 45 16 2819 2
47 20 38 1419 7
7 5 39 10608 3
40 14 37 13280 2
18 14 33 5476 1
43 43 5 3315 6
8 13 45 2923 9
18 34 27 4658 7
34 39 44 5812 1
14 36 19 7854 2
14 17 43 15205 4
4 49 7 14351 6
1 48 7 9680 4
27 10 44 5571 1
23 30 30 10029 2
46 26 43 10194 9
24 23 3 2384 2
21 27 48 10834 6
46 49 44 1624 1
27 48 16 13283 6
42 35 33 4264 5
1 46 32 8163 4
30 20 48 6631 6
26 15 41 11542 9
47 8 4 1094 8
7 49 11 14433 5
1 1 25 4376 2
24 45 25 3530 8
20 48 2 12740 8
8 45 19 13204 5
27 30 29 11952 7
47 4 36 2022 9
31 49 18 14100 6
20 43 23 9804 7
24 16 30 16018 3
8 27 27 12053 6
47 26 34 14217 5
28 40 49 9848 4
2 31 11 9589 2
48 30 19 2395 9
18 5 47 3602 3
17 45 37 6798 9
15 12 15 9113 5
33 5 30 5516 8
2 6 46 6548 8
41 37 48 11421 5
20 46 18 16402 1
9 27 8 10661 1
36 5 20 1928 5
40 36 22 9757 3
41 27 38 5673 6
18 35 14 4018 5
39 39 3 2220 1
22 3 44 13824 4
9 30 28 12998 2
1 9 5 5792 7
27 19 34 11175 6
36 48 16 14822 9
37 27 6 13856 1
23 27 46 13586 5
22 34 23 13498 9
33 34 23 695 6
13 23 26 6010 7
49 7 21 13012 1
22 14 16 10418 4
31 41 9 15020 6
8 20 10 2699 4
12 41 37 5421 1
45 37 16 15737 3
29 39 21 7215 5
6 20 22 12620 8
38 14 1 16286 1
35 6 41 1034 2
5 33 32 7347 5
19 41 27 3093 6
4 47 25 8720 7
18 23 37 9339 3
34 24 42 8983 8
48 24 33 14963 3
31 29 35 7090 3
25 28 16 7302 9
5 38 38 10661 9
40 1 12 15013 4