400
30 26 18 12091 3
2 39 6 603 5
21 41 36 10354 3
37 31 43 5485 6
44 41 49 3402 8
35 38 11 8192 5
39 43 13 2928 3
31 27 5 4527 6
5 27 28 6216 6
46 2 34 1197 8
11 28 38 783 4
5 26 45 720 6
33 41 2 839 4
27 45 49 4599 7
47 43 13 9949 3
33 17 26 6642 7
16 35 49 7824 3
18 5 43 7334 6
38 26 4 5875 2
29 1 10 1128 2
36 42 3 5396 2
35 16 29 9284 3
21 38 44 7120 5
24 12 17 12273 3
39 8 11 3352 5
32 46 36 1197 9
40 41 38 12521 5
38 34 40 14600 2
45 41 15 1573 5
25 46 11 8174 5
44 43 20 6103 4
24 20 15 2237 1
38 37 40 1263 1
28 31 14 3419 2
28 47 49 6424 7
11 17 11 9439 9
19 16 39 1229 8
25 45 6 6289 1
37 40 26 6625 7
6 8 48 8110 1
29 49 25 6609 1
6 10 25 6986 3
9 36 3 10255 7
30 36 28 2823 3
28 47 20 10663 1
17 21 24 5642 3
29 21 29 664 5
8 37 34 13517 5
8 37 23 1532 1
47 9 37 7109 4
7 12 45 12366 7
22 48 20 12817 6
43 39 23 5234 6
14 26 4 2440 8
7 20 28 13290 7
17 32 5 6496 5
31 13 17 8260 6
41 12 39 10767 7
17 33 19 9890 3
9 28 47 10344 9
29 44 30 9618 9
1 13 19 12887 8
30 9 22 7348 2
49 41 45 12465 2
42 19 25 3072 5
18 24 8 6802 2
16 2 4 3880 4
31 16 42 3705 6
8 12 3 1951 7
5 26 24 6433 1
25 32 18 13475 1
4 39 41 7404 6
11 48 46 14251 4
1 14 41 5467 4
46 11 49 6214 4
30 43 37 11239 3
47 41 43 7889 2
7 46 23 11342 3
8 18 2 10082 5
41 41 28 3191 1
33 29 38 10911 8
1 20 45 6946 9
45 26 7 12261 6
39 18 13 8225 2
15 19 19 14086 5
32 28 22 1258 9
14 17 2 1701 9
39 5 18 11756 9
27 33 13 3982 4
6 4 15 14046 4
37 27 24 6042 6
37 22 1 1419 8
18 30 25 9274 4
21 21 41 8051 3
34 35 29 12498 4
48 22 13 12514 9
48 33 15 13591 9
45 34 9 7642 8
44 40 21 1924 9
42 17 22 12819 8
48 17 22 8809 8
26 25 6 1526 5
38 40 46 14040 1
10 39 40 12851 4
36 45 22 8622 1
44 29 8 13560 6
12 15 45 6714 2
30 48 32 3322 1
8 15 36 6154 2
48 33 10 13657 2
24 34 33 13286 7
31 23 12 154 9
34 32 4 5716 1
38 44 11 10094 9
32 5 43 14003 5
38 46 27 1775 6
29 35 38 4116 9
41 27 22 2147 1
20 30 49 9232 9
19 2 23 1546 9
9 1 26 8868 2
46 40 49 11759 4
4 31 2 5961 1
7 40 5 7442 6
24 7 23 798 8
33 14 15 4490 6
22 33 24 13523 4
9 7 43 12462 3
38 48 27 7884 6
25 47 27 2411 9
5 3 18 2859 9
49 43 30 9932 6
9 14 24 1034 9
32 6 24 4741 7
35 40 24 10120 2
5 48 3 11543 5
36 9 18 9601 5
4 17 43 12090 1
23 49 44 1485 8
31 20 41 5087 2
5 7 12 1445 5
10 17 16 8304 1
19 4 7 6256 7
5 35 23 3382 5
25 11 44 6866 3
7 40 22 7588 3
40 49 22 3431 7
10 21 4 13327 1
36 1 34 6065 6
49 41 13 80 3
14 6 4 11419 6
46 10 34 8352 1
7 6 32 4252 2
1 47 19 7765 6
11 28 2 3707 5
21 46 39 12727 4
11 35 19 12617 3
10 12 48 12597 1
12 10 39 11853 4
22 48 1 6420 2
32 18 33 6760 4
2 32 2 4736 3
41 16 44 12551 5
22 42 16 3617 6
35 2 14 1192 5
40 48 49 5818 4
48 10 33 6646 9
2 39 45 13663 1
1 36 23 13878 3
26 41 6 14591 9
23 26 49 10014 4
34 41 40 13864 1
39 16 19 11973 6
41 48 40 4672 7
14 14 47 8731 9
34 14 41 8404 4
17 49 33 13480 2
35 44 4 11718 5
40 1 44 7174 7
38 11 27 7240 2
14 7 49 9294 7
26 9 28 4726 2
11 31 33 2255 3
7 12 18 2450 8
38 3 41 9428 8
13 33 7 13248 9
6 44 47 1709 7
11 38 26 9231 2
5 37 49 9561 7
35 42 47 7483 8
10 2 29 5663 7
15 2 11 14632 5
43 16 43 3442 8
6 26 12 3731 9
15 32 16 4244 7
49 12 9 2271 7
48 3 40 3677 4
7 41 48 14449 8
45 49 35 9915 1
19 42 15 11181 2
32 18 33 8913 5
30 27 46 6840 6
9 5 41 2462 6
41 36 20 6742 7
21 27 37 13037 5
26 49 33 1513 9
9 36 11 3787 2
10 10 24 3202 7
24 9 29 447 8
49 29 13 2136 5
43 8 35 10816 6
4 7 18 4213 7
25 46 45 4144 3
9 12 8 12333 9
31 23 13 10284 6
19 21 18 12638 9
34 15 45 13845 7
35 48 23 12888 9
16 46 4 10213 2
25 25 34 14464 3
25 26 24 4015 4
16 44 22 6493 5
36 5 29 4672 5
35 20 31 6049 8
48 36 13 4542 7
25 16 31 51 6
39 3 17 8149 7
23 32 24 4212 5
20 4 36 9710 1
6 10 23 4613 7
48 11 41 12809 6
40 12 13 2886 5
4 35 30 11655 1
47 45 13 7209 2
16 5 13 2491 4
16 43 26 12709 9
43 36 20 9770 4
9 21 48 11294 5
18 48 26 990 7
22 15 48 14419 6
43 25 30 4168 8
20 41 3 4013 9
7 28 35 5436 5
46 12 19 3692 6
16 4 42 2048 3
36 19 43 5693 5
40 2 41 4200 7
16 8 1 13219 5
39 18 35 2748 3
41 35 35 11141 2
47 11 34 8793 6
33 19 40 1962 4
9 11 8 10613 4
14 10 32 13313 6
46 6 6 7541 2
12 15 38 14283 6
26 48 4 8461 6
34 42 49 5581 4
21 25 13 1362 1
41 48 47 6678 7
23 34 27 281 8
24 16 18 3941 4
33 13 39 3359 7
35 13 13 4109 8
1 22 30 14185 4
8 30 4 6793 2
17 24 36 265 3
24 35 41 1696 1
6 20 20 553 3
47 21 25 9222 1
1 17 8 5608 7
23 21 27 12510 9
29 26 40 5121 4
14 9 26 6785 6
28 40 16 14220 3
22 35 31 6074 4
15 12 18 4666 4
38 36 25 313 1
14 30 38 13138 5
46 31 10 11447 7
35 6 9 13862 1
25 9 13 4329 3
41 4 4 6846 4
37 6 26 6573 4
47 45 4 11663 5
21 44 43 1899 7
3 2 2 6392 6
25 28 47 1394 5
16 19 49 357 5
14 28 44 7398 1
13 18 49 317 4
12 17 47 4291 1
11 32 36 9663 3
30 15 36 11636 5
4 45 37 7460 8
26 18 35 9435 2
10 12 19 13918 3
40 3 19 14599 9
26 47 49 11265 9
14 44 35 7369 4
24 19 32 13099 6
17 4 10 4231 9
5 4 16 10826 1
8 15 41 12830 1
43 15 39 3847 9
27 19 26 9425 8
49 15 20 3547 6
46 21 37 11671 8
29 38 47 956 9
30 46 7 14555 9
21 15 19 4271 8
27 27 49 11111 9
29 5 38 12913 7
9 43 45 2291 6
9 31 32 11188 1
12 10 2 13819 1
16 14 36 3436 9
11 12 49 13514 2
12 26 42 14527 3
37 8 47 2987 6
12 20 46 10588 4
26 20 25 11373 9
39 46 3 4841 9
19 49 24 7887 9
18 6 36 5333 5
13 35 23 373 3
1 11 6 5187 3
37 13 8 1486 4
5 32 28 4204 5
8 29 5 13415 1
8 6 19 3401 8
5 18 32 12434 4
22 12 20 6103 6
7 4 38 9828 6
17 17 43 12998 6
7 7 23 10490 4
15 47 26 9829 2
23 47 29 3024 2
15 8 44 3817 7
21 47 14 5954 3
2 28 28 1351 7
9 13 42 3369 9
29 38 37 1082 7
2 6 39 391 1
44 8 18 11858 5
48 39 47 8046 3
29 28 1 3807 5
2 12 29 9465 2
36 10 24 10979 9
33 3 10 14685 3
25 21 8 303 4
27 23 34 14080 1
14 33 38 2476 7
17 26 37 14723 1
18 18 44 6894 4
21 32 20 99 2
6 27 8 13614 4
38 11 46 1876 5
22 11 42 14430 1
48 33 29 1360 2
45 7 46 3971 1
5 36 10 13721 4
4 26 6 8344 7
23 12 26 12844 4
31 21 44 5574 2
47 5 39 11471 7
47 45 32 5737 3
34 3 3 14527 5
23 28 42 4828 9
22 39 39 3160 1
48 43 39 1498 9
44 15 23 3087 2
6 14 44 12454 8
8 21 6 2997 2
41 22 1 14568 7
11 1 8 13807 3
21 31 47 8555 7
46 39 9 14008 5
34 24 34 11557 9
35 44 41 14718 8
10 14 19 7144 7
9 39 43 4554 7
6 11 45 12757 7
12 21 28 7036 1
22 27 31 1433 6
27 20 35 11486 9
35 32 13 13805 1
39 16 30 14674 4
44 48 23 4462 6
17 22 43 7300 5
5 43 48 12243 9
29 2 35 7777 1
8 2 34 1307 3
16 17 19 128 3
15 32 14 11942 1
35 18 23 3956 2
26 37 12 12274 9
46 15 41 2631 7
24 21 18 7743 7
14 37 26 2788 6