150
48 3 46 921 6
17 28 46 4883 2
31 33 33 1655 4
31 45 15 4422 6
16 35 6 2288 6
34 27 24 4519 2
24 10 11 836 5
23 17 47 5291 9
2 8 47 4457 6
1 8 31 1448 3
30 36 10 1132 5
20 17 3 2605 4
23 9 5 3635 3
22 11 28 5542 9
22 19 20 2784 3
20 21 18 2311 5
33 36 25 5377 1
15 13 28 1329 5
33 10 46 1901 8
48 29 42 2011 5
25 18 34 3962 2
30 17 29 2586 5
12 29 1 5080 8
45 43 26 4598 5
38 31 48 4582 7
7 26 10 4181 3
42 46 38 5074 7
12 3 17 2639 3
1 17 10 3676 5
12 9 46 688 7
30 32 27 3490 7
29 29 29 879 4
21 25 42 340 8
48 31 13 4567 1
8 14 25 3427 2
37 38 11 5420 8
24 9 31 4654 3
33 12 11 4524 9
39 19 4 1432 4
21 28 6 3460 8
17 41 37 567 7
22 16 36 5053 9
32 43 38 2204 8
16 5 3 2474 8
42 34 27 2517 8
8 6 32 1438 7
13 14 29 2835 4
16 47 36 873 5
27 37 6 4210 1
45 6 24 5516 8
4 2 18 3987 8
16 39 25 2589 2
7 47 13 3571 6
33 26 27 155 3
49 31 40 3436 2
4 4 37 4269 7
19 49 31 643 4
10 10 5 2106 8
6 13 16 3200 4
39 8 29 4311 7
4 29 19 2740 2
32 11 10 3394 5
26 7 39 381 2
36 16 35 3272 3
38 5 35 1406 5
36 18 47 3956 9
21 43 33 3535 3
28 28 24 2838 2
22 5 31 4843 3
18 48 17 3978 4
28 8 44 368 1
7 37 21 5172 8
7 2 16 4442 6
3 46 17 4753 8
21 2 10 4466 9
10 19 9 849 6
32 46 23 4572 7
16 43 49 4660 6
16 48 41 1713 4
31 29 13 1455 5
40 23 5 743 1
36 7 39 1271 9
13 40 42 303 5
41 9 18 4362 2
21 32 1 4258 3
48 2 24 3443 4
37 31 38 5394 9
29 8 3 3893 7
41 20 42 165 5
10 21 40 3141 9
34 43 33 4347 6
41 41 26 4944 6
1 15 44 5312 9
29 21 27 1472 2
15 3 11 4651 8
6 40 35 4259 7
2 34 46 4331 2
32 26 31 645 3
13 31 22 463 3
31 25 26 4424 6
9 29 45 2499 7
15 28 40 760 3
38 9 12 325 6
7 33 20 2398 5
8 25 19 3809 2
26 20 20 4491 5
8 13 13 1701 5
5 8 19 1642 1
3 32 42 1811 7
37 30 22 895 1
3 32 48 1375 1
39 29 15 5146 2
3 27 27 3994 4
43 6 3 1552 9
1 43 7 2838 5
32 1 11 5469 6
8 26 9 5416 5
26 15 3 2696 3
6 29 23 2226 2
49 5 37 2615 2
13 49 46 2867 1
34 6 15 50 2
23 27 4 5524 1
27 18 13 1934 6
8 46 1 2505 5
1 23 39 608 6
23 46 11 2602 1
41 15 32 4198 9
20 1 42 2392 5
24 11 5 749 2
20 12 48 756 8
8 38 26 5284 4
12 28 39 4478 3
14 7 30 5099 7
48 15 35 5184 8
32 22 39 3233 3
24 22 5 745 6
38 9 29 4144 2
19 48 36 3925 6
31 31 29 4426 9
35 37 8 5493 4
1 22 47 962 8
43 47 20 429 5
27 10 29 4643 4
47 12 49 863 3
38 24 42 3989 4
48 42 20 623 6
16 5 22 2406 9
35 23 20 5119 1
44 23 19 1205 8