250
1 2 4 2541 3
12 5 2 1387 10
1 20 20 1731 9
5 1 1 2753 10
12 15 12 2589 1
11 1 17 1146 2
6 2 1 844 4
16 20 13 2820 10
12 20 8 197 9
5 2 3 2435 1
11 3 12 294 4
7 4 11 1763 8
19 11 8 2062 6
1 18 13 1116 10
9 6 20 1899 3
5 18 6 1111 8
10 15 20 753 8
12 8 5 876 4
4 10 16 2351 4
11 5 15 1379 1
15 9 15 1908 8
20 15 4 1232 2
13 19 8 1080 3
17 10 2 67 6
12 17 18 1395 5
20 14 17 1622 2
18 9 10 1602 3
9 2 16 2124 5
14 12 4 1675 8
14 20 12 124 2
10 4 4 1002 5
17 1 14 1223 7
16 18 4 1820 3
16 19 6 2308 10
4 1 16 2337 1
17 17 1 2253 5
9 12 7 2012 10
15 14 8 1047 9
18 4 20 234 6
16 20 19 1983 2
2 6 7 1056 4
1 20 17 1030 10
4 1 19 1470 3
17 2 2 893 4
17 11 6 2328 7
16 9 4 1197 1
18 12 3 2287 2
17 11 18 1534 4
2 7 13 2613 3
14 4 9 921 7
4 7 17 531 10
12 10 14 470 3
17 19 9 1970 1
12 5 5 2640 8
19 9 1 1545 4
11 16 13 2303 1
3 3 11 754 4
17 15 1 1896 4
19 17 17 1464 7
18 20 13 1557 2
19 19 2 2433 9
10 15 16 1360 9
19 5 20 1505 9
13 17 5 1274 3
17 8 12 1286 1
11 19 18 591 9
8 3 11 1245 5
18 18 17 2631 2
4 15 5 1775 5
13 10 5 2305 5
18 9 15 1310 6
12 6 17 2487 10
8 9 8 2409 5
13 10 7 802 2
15 12 18 2427 8
15 20 1 600 3
5 11 11 568 9
12 13 13 1901 2
16 17 3 1643 1
4 1 2 879 9
6 13 14 1696 2
1 1 12 968 5
6 6 20 2178 9
5 2 16 156 9
19 10 12 1129 3
9 1 8 1537 5
10 3 16 1437 6
19 5 3 1767 6
5 13 8 803 4
17 11 13 670 5
10 2 13 1100 7
6 11 16 1341 1
6 14 14 1845 10
20 8 12 392 7
3 9 13 430 4
18 10 5 1121 3
5 6 13 846 8
1 17 18 2210 2
13 4 6 380 5
16 10 5 169 3
2 8 18 2834 9
3 17 12 2758 8
17 1 14 657 7
3 19 20 2718 5
14 18 2 1840 9
15 3 1 1510 7
6 16 18 227 1
7 6 11 1357 4
4 3 8 98 9
19 4 10 2608 2
7 20 14 959 5
7 7 18 894 10
17 19 19 2462 6
11 13 20 2087 3
19 4 11 1787 1
18 20 11 798 2
2 11 8 2238 8
15 6 2 1079 10
5 10 4 2498 7
9 17 12 2779 10
8 20 1 1336 9
4 9 20 457 9
13 16 9 2267 10
16 20 7 2512 4
1 20 7 196 5
10 5 11 927 4
9 2 12 783 10
19 6 6 2343 2
17 12 7 190 3
18 18 2 2367 3
19 11 17 1193 7
7 12 10 296 9
18 10 2 2802 2
12 9 17 1468 8
8 12 3 281 3
8 13 3 54 5
12 13 7 2513 7
1 1 11 1930 4
7 1 14 859 3
11 1 12 2699 3
12 3 18 2386 3
1 10 14 2539 7
4 5 20 914 2
3 4 4 2236 6
3 7 5 1486 2
15 14 16 2659 6
6 6 9 1935 3
19 3 6 1137 7
5 13 9 1243 1
19 20 12 2381 3
5 6 7 691 6
17 3 20 319 2
5 3 13 1788 6
1 20 14 1756 3
13 6 14 1052 8
12 8 7 609 10
2 8 17 138 7
17 10 15 1868 7
13 18 19 565 1
15 10 5 2703 8
11 7 15 1651 4
20 10 11 2751 10
6 11 19 847 4
20 1 19 2210 2
11 20 4 2204 5
10 4 19 2833 3
20 9 14 2478 3
11 15 4 1838 4
17 16 4 454 2
7 6 12 985 5
7 13 1 1282 2
11 8 4 2021 10
16 13 4 1809 2
4 1 5 730 7
5 11 14 724 9
2 15 4 1197 10
17 5 12 649 4
1 18 10 2024 4
10 12 5 1801 2
6 20 13 2082 5
18 2 10 331 8
8 17 2 1571 3
8 6 7 775 5
8 4 16 1584 4
15 17 18 501 5
19 13 20 464 4
2 7 19 2562 9
9 13 14 2496 10
13 18 15 2329 10
19 8 1 2566 4
20 19 13 1664 7
16 18 8 1823 2
11 7 19 1280 5
12 4 8 2672 6
17 17 17 1752 1
4 17 8 993 10
9 14 14 826 9
13 17 10 1927 2
9 7 12 1340 4
3 10 19 184 9
1 17 15 624 1
14 6 14 2224 1
13 3 3 395 10
13 19 12 861 10
9 4 9 369 3
19 7 3 385 3
16 13 10 507 6
11 12 12 371 3
16 5 11 2739 3
15 16 6 2785 9
17 15 9 2131 6
1 6 14 700 1
13 11 3 253 1
11 6 10 1216 3
9 7 7 723 6
10 20 3 1126 2
12 8 1 1349 1
8 14 4 2069 1
19 16 14 2645 3
19 14 12 2191 3
10 9 18 143 6
16 6 11 2053 4
12 17 3 1981 6
20 17 20 2779 6
10 2 14 333 1
3 14 6 1973 6
2 2 17 2106 8
13 8 17 370 6
13 14 12 1035 5
14 11 9 1672 3
4 14 13 1292 5
8 13 19 509 5
6 17 5 682 8
5 20 10 1174 10
7 14 7 285 4
7 14 8 1140 9
12 4 12 1037 3
18 13 10 1385 2
9 17 9 2543 8
2 8 16 1632 7
18 15 19 2266 7
6 16 8 973 6
12 11 16 264 5
19 5 11 236 6
8 11 19 629 4
10 9 2 1035 9
3 15 9 1547 2
15 12 18 2698 2
9 11 14 1583 6
9 12 13 1666 8