300
5 6 11 2078 9
20 1 20 2609 5
16 6 9 101 3
14 12 13 3093 5
5 12 12 466 4
20 14 3 783 10
3 14 17 1466 3
16 16 9 952 9
13 16 16 640 8
18 16 3 263 7
19 1 9 1157 7
4 17 20 1504 10
14 20 17 2457 2
14 6 13 2173 7
5 4 13 3078 1
6 20 17 3141 1
13 16 16 719 7
18 18 9 3077 10
1 17 3 2243 7
7 6 8 1681 8
13 8 16 2630 2
6 14 1 1357 7
1 11 9 3267 10
12 13 2 1226 1
6 8 5 3013 4
5 15 11 527 3
13 6 14 520 4
6 1 20 2981 9
14 4 11 2690 10
11 2 17 2869 5
1 10 20 1948 8
16 19 10 572 8
11 10 3 1844 1
1 15 10 1115 3
17 14 8 1792 2
18 8 2 1374 8
16 4 15 2390 1
14 5 2 2236 10
8 7 15 1072 6
18 16 1 2825 2
6 9 4 850 1
2 16 2 2988 2
10 8 5 1174 5
9 20 20 2531 6
5 7 8 1636 4
17 14 10 2709 4
5 20 16 1702 8
13 5 19 178 10
7 2 2 548 8
15 15 20 2778 8
1 5 11 1170 10
18 8 1 1556 1
4 5 5 3140 9
7 10 2 1630 1
5 4 4 2368 7
1 3 9 168 10
15 4 1 2505 1
9 17 12 1890 4
6 8 18 2437 3
18 17 15 668 5
14 18 6 709 7
18 18 15 2138 3
3 2 1 1358 7
11 7 11 2958 4
7 10 5 894 10
19 8 2 2973 10
20 8 7 2398 9
6 10 16 823 9
1 18 7 1243 6
8 11 4 886 7
9 9 19 1028 2
20 12 16 2471 4
8 6 1 2584 6
17 16 4 1033 10
3 9 6 1836 6
3 18 15 2334 3
12 7 9 2321 2
20 6 7 275 3
1 16 7 77 10
6 8 9 1642 5
16 15 9 2918 1
8 11 17 3247 1
2 5 3 1180 3
5 18 16 306 3
18 9 17 3200 1
1 18 1 1156 5
17 7 16 2806 7
20 4 3 1814 1
18 7 2 1642 7
14 17 10 865 3
19 5 2 1627 6
7 1 13 881 10
6 3 19 1537 2
8 12 7 1541 6
6 17 8 2190 1
6 18 7 2080 3
7 17 15 1539 5
11 7 1 2356 5
14 17 8 2046 8
6 5 5 1431 5
2 2 8 2752 1
3 20 12 1142 6
14 14 11 2060 5
15 6 20 3048 7
8 20 12 1467 2
7 1 4 1426 2
12 19 2 2820 3
2 11 4 1489 6
20 13 12 2390 2
19 16 6 3047 6
1 14 5 1813 3
15 6 8 1359 7
6 19 12 556 1
8 10 5 38 7
10 5 5 2000 6
5 19 8 266 6
2 20 19 2731 3
9 11 7 1124 10
7 2 15 3173 9
6 11 4 2892 6
4 13 5 799 8
14 15 7 687 9
4 9 13 539 3
18 1 8 2408 10
1 18 16 813 6
16 11 9 756 2
15 13 14 3306 9
1 17 10 2995 8
4 5 18 404 9
10 20 18 2233 5
14 19 16 1380 9
3 5 10 2707 2
17 13 8 2838 5
9 11 17 3309 1
17 10 16 1340 1
2 5 8 1837 3
17 20 17 3274 9
6 1 20 1717 7
18 6 13 1227 7
2 8 1 505 9
12 5 20 988 6
5 3 2 1047 1
3 17 8 3036 5
18 5 8 2136 1
10 12 4 678 8
15 11 9 1574 1
15 2 5 1379 4
5 3 5 1371 3
8 9 18 1405 3
14 10 4 1218 10
16 7 5 340 3
1 5 20 3225 2
12 14 4 1110 4
19 8 2 2691 4
4 11 18 2947 2
18 19 8 121 7
2 5 20 2591 1
20 10 2 395 9
3 7 1 2971 6
7 16 5 2300 10
8 7 14 2516 7
13 3 17 1961 8
11 16 13 3175 9
5 4 3 1469 5
7 2 6 1660 10
16 2 1 569 8
19 1 12 765 9
3 20 3 2266 2
7 10 20 2948 4
2 16 12 851 8
14 9 8 509 1
7 2 10 2955 10
9 16 17 2271 1
4 2 9 1732 10
6 4 12 2834 6
15 13 20 2512 10
2 4 16 2222 7
14 17 2 2952 4
8 14 9 1099 10
4 5 16 2013 9
16 5 15 243 3
12 12 20 3268 3
20 12 9 1300 1
2 19 11 612 3
1 1 3 1412 3
19 8 13 1425 10
10 6 18 814 5
10 10 6 1973 8
12 13 12 2245 7
15 9 15 2920 10
6 11 20 423 6
1 8 20 373 9
5 20 12 2567 5
11 9 10 1925 8
12 4 20 1914 5
12 12 3 968 7
4 18 3 2298 2
5 1 9 1039 9
4 13 12 918 3
4 6 5 1349 10
4 15 14 1361 4
14 1 13 1884 5
12 1 5 435 1
8 5 20 3355 7
10 17 3 2985 9
6 10 20 2759 7
9 10 18 60 2
19 14 8 1995 8
17 4 16 1250 3
4 17 14 1126 5
5 9 8 3138 6
8 16 6 456 6
3 2 6 576 8
8 14 15 1564 2
5 10 3 953 7
3 19 19 2677 3
4 10 1 479 9
10 17 3 1510 1
13 4 1 70 9
20 2 1 2252 10
8 17 7 1027 8
14 13 1 2910 4
9 17 20 1027 7
17 20 7 2843 10
1 9 18 1291 6
2 7 6 1474 10
6 3 20 492 3
19 13 1 826 7
7 5 7 1448 1
8 19 19 246 3
14 20 19 422 9
2 14 17 1618 10
13 15 15 3105 8
14 4 20 1958 10
13 14 8 2199 3
20 7 10 467 5
11 15 1 1560 8
5 9 14 2665 5
5 9 4 1700 7
17 14 3 333 7
10 19 19 2144 1
8 19 11 2570 3
4 12 2 710 8
19 4 15 204 1
1 9 6 2272 6
16 8 12 322 8
9 15 19 620 7
19 1 4 699 7
10 4 13 243 8
10 10 1 2277 4
2 18 12 2079 4
13 5 19 1080 8
7 7 18 910 3
3 19 8 1831 5
7 7 17 567 7
13 1 14 351 10
18 7 17 988 1
18 14 17 605 3
14 8 18 758 5
16 12 11 2640 1
12 14 18 330 6
1 4 6 1257 7
16 11 15 1733 2
17 5 16 3071 3
11 6 8 2696 5
13 17 2 2405 5
4 14 9 1623 7
7 20 16 2198 6
18 15 13 2413 5
8 20 13 2598 3
13 11 3 196 8
19 5 1 1691 9
15 4 15 2416 9
14 14 11 1784 1
9 13 1 1586 5
11 17 18 1768 5
13 7 15 2870 5
12 20 20 152 1
18 8 15 1602 7
7 12 6 138 2
16 19 9 1824 10
7 19 19 2037 2
16 2 20 1791 7
12 18 1 3193 4
12 9 14 767 3
19 17 18 2114 1
1 1 14 2794 2
13 19 8 2502 1
4 10 17 2100 6
10 20 5 1221 9
10 4 17 2348 5
9 10 9 665 1
14 11 9 1834 5
8 8 9 1270 6
8 3 10 916 5
2 17 6 3284 4
16 19 3 3282 7
15 19 7 1000 1
1 14 8 372 10
7 7 5 539 7