400
15 2 15 1879 8
19 4 5 3377 4
5 6 15 3333 4
20 13 20 3289 1
15 10 6 836 8
18 17 11 277 7
2 20 16 104 2
11 15 16 3547 10
12 2 12 538 1
8 3 12 71 8
6 13 14 1279 5
19 18 5 666 9
19 5 8 324 8
6 6 6 921 3
1 17 13 477 4
4 14 7 3904 6
14 14 13 2378 6
6 12 16 3403 3
8 9 5 2230 10
4 4 3 4335 6
15 11 2 3137 2
13 13 7 2237 8
11 2 7 3029 10
15 13 20 245 9
6 10 19 3635 5
7 5 8 3467 1
12 17 16 4000 6
9 19 12 746 5
9 12 15 4021 7
3 14 5 509 4
6 13 19 1713 10
4 2 12 439 5
11 9 3 1905 2
5 8 7 86 10
2 15 19 4199 9
12 13 20 2751 5
17 13 1 1923 10
13 15 12 1524 7
14 6 15 3795 8
6 6 15 2324 4
17 12 3 1898 6
1 7 4 1007 2
2 1 5 3741 7
8 2 2 3816 8
8 10 6 4369 6
19 8 3 935 5
16 15 9 3341 6
4 14 17 2496 3
5 1 10 950 9
12 10 4 2643 3
4 1 13 1232 2
20 16 13 3635 1
19 5 2 3423 4
9 1 1 855 8
4 15 8 453 8
4 3 10 430 2
14 10 1 521 9
15 12 19 1388 6
11 2 19 2793 2
14 10 14 3108 2
9 15 2 4308 2
17 1 5 1050 2
12 20 14 3981 10
3 11 19 2810 1
4 20 11 1795 1
13 17 19 938 8
9 19 18 800 4
7 1 15 2165 8
9 18 17 3481 7
3 11 14 2231 5
16 3 3 959 5
13 9 18 2149 9
1 10 14 2684 1
16 15 18 1684 5
5 15 6 3485 3
20 8 7 3881 8
15 8 11 2846 9
9 17 2 1831 7
11 14 7 321 3
17 14 11 2039 7
16 9 7 2872 3
20 1 7 3708 6
4 13 12 2500 1
15 10 5 2909 8
8 2 3 2366 7
19 13 15 1741 2
5 7 14 2448 5
19 10 15 1013 2
1 15 1 4053 6
6 2 13 2077 7
8 2 20 1306 8
9 17 8 128 3
6 3 1 1514 4
8 2 14 1132 5
9 4 18 2356 4
4 5 5 865 1
13 20 4 1639 1
15 20 12 2309 9
14 19 10 872 2
4 7 8 2530 8
1 13 16 1283 2
17 1 1 1721 6
19 15 8 4389 2
5 15 9 3156 2
10 1 8 2394 2
14 9 9 2464 7
6 17 12 1837 10
6 12 20 3192 8
5 10 12 3399 4
16 5 6 1551 5
20 5 3 4408 7
13 4 14 4223 2
18 16 6 3111 1
16 8 18 1368 4
20 4 1 2842 9
18 3 10 238 9
11 12 4 2366 6
18 16 6 3650 8
2 20 10 3879 4
17 2 16 4382 6
8 20 11 4315 8
13 14 11 2161 2
4 2 8 1321 8
14 19 19 4299 8
17 15 2 628 2
12 5 8 2184 6
5 15 3 2755 1
6 4 4 2721 2
9 15 14 3732 6
18 7 9 2444 2
10 1 14 2281 7
6 13 11 1135 5
2 14 6 1545 1
13 20 5 2889 10
14 20 20 673 5
6 10 4 1920 7
11 11 15 698 2
8 8 14 3985 6
13 12 20 1218 6
2 11 15 1380 1
8 19 17 1953 3
18 13 5 370 6
11 10 11 2826 9
3 20 15 1482 3
13 17 15 621 6
7 20 9 1754 5
16 14 10 706 10
12 3 4 640 10
4 16 7 1997 5
14 15 9 3013 4
10 15 15 1656 9
19 16 10 3697 1
2 8 15 3008 2
19 1 4 3115 5
10 14 11 1431 1
1 19 5 3731 3
10 8 17 2113 4
6 6 17 4104 8
3 13 11 2723 10
5 12 11 306 3
1 13 8 495 4
18 16 17 2668 1
18 5 13 3819 5
10 10 8 1439 5
13 15 15 2631 8
1 1 19 2955 9
8 4 8 4232 5
5 6 18 3035 7
7 18 14 2997 7
11 13 1 266 5
17 7 17 889 1
3 14 17 218 2
10 12 2 3545 2
3 1 5 2725 10
3 11 4 1283 2
19 13 5 3434 7
2 10 7 603 4
3 11 16 2404 1
8 15 18 513 3
12 9 18 1437 9
4 7 3 2712 2
17 2 2 4182 1
13 8 7 2856 1
16 16 4 1586 9
19 16 18 1796 3
20 7 8 3309 6
14 13 7 4363 4
1 9 16 4254 2
15 12 20 4296 1
19 6 12 2752 1
17 17 19 530 6
6 9 2 3293 7
15 6 15 2011 2
2 6 11 4254 2
2 7 7 1058 5
18 10 13 1483 10
3 17 5 3427 4
12 3 18 3631 4
12 19 18 3239 5
11 10 11 283 9
17 12 12 3357 1
12 2 1 748 3
6 3 1 2755 10
3 19 8 1906 9
17 5 8 390 3
8 2 8 1529 9
17 10 10 3919 6
7 2 17 2708 7
8 20 4 2706 4
16 8 19 1596 9
2 17 17 1129 2
11 17 15 2339 2
13 8 17 4035 2
19 14 5 3873 6
3 13 10 628 4
20 20 11 1792 3
3 15 3 2368 6
6 6 1 1913 5
3 12 19 2148 6
5 12 16 3422 6
2 12 4 1831 4
11 1 3 2370 9
9 3 8 218 1
16 2 10 4380 4
8 10 7 2891 8
14 15 18 1840 9
4 18 9 2090 5
2 17 2 126 4
17 8 17 4181 2
2 17 11 3531 2
8 1 4 567 3
7 13 10 505 5
1 11 6 2026 9
17 17 6 2710 3
3 15 5 2990 4
20 15 8 3949 1
8 9 7 1757 7
6 2 7 2850 9
2 16 8 3854 2
14 1 11 3177 4
7 4 19 1558 6
20 5 8 748 3
1 6 15 3349 9
16 11 2 1097 9
1 3 2 191 10
5 15 5 324 10
18 10 2 3266 6
14 15 13 1245 9
12 16 4 3570 2
5 10 8 2240 2
9 1 14 2647 2
19 1 5 3576 5
18 16 5 831 9
18 9 17 555 3
20 16 3 2375 9
14 6 4 3073 7
18 7 13 2922 3
10 13 20 4066 6
7 4 9 993 2
17 15 18 1611 4
14 11 8 2576 7
9 6 7 2063 1
5 2 7 358 8
11 19 17 1329 7
20 3 10 902 1
13 7 8 2079 10
19 14 1 2893 10
11 16 10 972 6
11 8 1 3169 3
4 4 14 3313 5
17 18 7 3760 8
18 17 10 1872 1
8 4 20 2974 1
12 4 20 2544 3
8 12 7 4148 7
2 12 3 2523 1
20 3 3 3404 7
4 10 17 200 5
16 1 7 1123 6
19 7 13 1206 8
5 7 8 843 3
20 17 7 3326 6
16 6 7 4214 5
19 7 13 324 8
3 19 12 1871 8
3 11 20 1610 6
17 7 12 3693 9
2 2 7 2373 8
8 3 17 252 1
12 16 2 4026 3
8 3 16 3839 9
15 5 19 2565 10
1 4 11 775 2
6 2 5 628 7
2 2 18 412 8
19 18 9 364 1
3 20 6 1989 9
12 9 15 2427 1
18 17 1 947 1
17 6 6 1035 10
4 5 16 3718 9
18 13 12 3491 8
5 17 10 4406 3
4 1 20 827 4
14 8 13 1046 6
2 10 4 979 1
9 8 15 3083 9
9 3 7 726 8
17 1 8 3053 3
16 9 5 3943 8
5 10 13 1725 3
18 1 10 2837 10
6 19 17 1699 1
15 11 5 1981 6
17 5 16 2320 2
20 10 14 2414 6
4 5 6 640 6
20 9 11 3536 8
9 1 17 2185 2
14 4 1 2183 4
15 6 4 2219 1
11 1 14 3252 4
10 15 9 2789 8
20 9 7 4140 9
16 15 19 395 3
14 20 10 2862 6
10 3 4 419 1
14 7 16 4055 8
14 5 10 51 5
13 13 15 3899 6
15 3 19 570 7
20 16 18 4098 6
8 10 15 4135 6
20 16 5 1426 4
5 20 4 1801 7
7 4 12 2078 7
2 8 1 1015 6
5 1 19 1150 8
10 13 4 2203 6
13 10 6 4256 10
1 13 2 1554 2
8 8 3 110 10
15 17 12 731 4
18 8 14 3830 9
10 13 4 453 8
13 15 18 1953 4
9 16 1 3393 2
8 20 12 3847 1
12 6 9 1869 6
2 10 13 1201 6
6 1 1 3767 5
9 1 11 1323 7
16 13 1 465 6
20 16 13 1338 4
12 12 17 3660 7
19 9 8 2825 10
4 9 11 1764 3
2 2 16 4416 8
20 4 11 3198 8
13 1 14 834 2
11 15 13 2222 2
13 13 12 866 5
1 11 13 2538 1
18 9 19 1480 2
13 18 9 1582 2
17 13 12 4173 9
13 2 12 3236 6
4 8 10 1103 1
19 17 7 2967 8
15 2 18 4335 8
17 11 11 2874 1
17 17 20 3174 8
8 5 18 450 9
19 7 13 2007 10
15 8 18 3584 10
4 10 15 162 9
20 20 8 3556 9
14 10 12 280 9
19 19 19 677 6
17 17 13 2519 4
16 3 8 1617 5
18 1 18 3136 9
8 19 8 3234 6
15 13 7 298 8
13 12 11 2618 3
8 7 19 3753 9
8 1 19 3096 4
8 18 8 1177 3
17 13 18 788 1
8 12 3 3303 3
20 16 1 2727 8
17 7 9 2633 6
20 15 12 2258 2
13 13 8 2997 3
14 2 13 4152 1
8 14 14 1487 9
5 14 2 4146 4
10 4 12 175 4
10 12 7 1051 6
17 1 3 3048 9